772 772
74 668
149 3529
214 3721
34 995
77 2118
275 2141
358 1135
299 699
64 2335
266 4430
53 4558
187 1823
221 2108
128 1115
59 1668
366 1489
373 313
122 1849
109 3515
225 4806
21 694
111 760
366 354
182 2952
350 2198
106 3341
131 3835
238 2298
222 747
180 1761
108 1760
274 3600
287 4649
166 2669
205 2186
62 4209
41 1253
292 3753
311 3701
261 3629
114 1676
350 4557
32 2909
185 4375
89 4930
166 152
309 3249
47 1595
134 1597
7 2758
231 478
184 3245
231 710
298 196
285 2352
303 535
184 3830
348 3071
317 2675
278 2309
226 409
37 1779
34 2448
131 4677
365 1611
77 3280
78 4599
2 3736
131 3313
285 1516
81 3131
334 3158
179 1756
67 1534
52 2660
177 4851
131 1539
82 3244
364 4726
316 1435
80 2432
110 4306
309 271
87 3263
330 2638
44 4966
313 4318
331 4733
297 4078
70 954
67 1733
270 719
359 4719
317 2929
177 3793
376 4310
100 1773
233 338
36 2418
27 1895
55 1423
215 2604
234 3822
361 3878
296 4699
128 3268
174 155
291 432
147 231
368 3885
186 3904
187 3438
197 137
230 4532
39 944
127 3270
126 4138
278 4596
249 580
253 2068
210 2142
284 1192
27 3082
100 2450
325 3340
187 2035
385 4778
155 2551
31 1085
93 479
368 1526
149 232
191 4991
188 4003
237 2717
167 2719
114 353
114 4728
257 1266
192 2149
74 224
349 3262
123 2523
230 391
384 1696
322 2186
118 2525
22 235
265 3927
376 1318
190 1405
107 1119
320 1187
232 24
47 3541
255 3868
132 421
192 4163
312 169
322 4368
187 4848
311 3670
60 1523
26 4853
93 2435
303 3445
284 3672
300 3866
246 3952
238 127
64 3884
252 3113
276 1246
191 2761
79 1221
34 4485
266 2685
234 1551
323 4163
198 1272
188 4353
183 3188
253 1138
206 54
336 2048
206 1249
380 867
379 2483
11 2552
194 1203
287 3057
80 2512
176 1277
285 3405
321 2088
203 4496
307 984
290 145
311 704
238 1521
288 1709
261 4166
168 2324
67 3605
194 2816
129 817
286 4931
307 16
308 2178
273 1424
232 3801
154 4689
220 4218
24 3449
95 212
4 4240
70 443
57 2916
48 2506
281 1160
231 2031
109 1922
196 683
139 1607
291 2906
270 2972
348 2490
378 1561
54 195
250 2603
170 1778
298 1658
295 3675
92 3911
360 2818
244 4156
241 4340
331 4210
329 4804
36 3296
341 4522
323 4067
185 1314
112 4213
44 352
260 3154
24 1021
55 799
297 2909
94 4972
345 4819
296 1237
315 3459
186 4454
63 919
224 1603
373 3340
286 4830
296 239
370 1479
304 3854
243 3371
201 563
175 752
184 467
170 1651
76 4262
37 1031
231 1826
196 1066
332 3333
47 2803
292 2118
22 3335
121 3987
174 1804
85 1275
276 3814
54 4547
371 3339
34 3338
335 1723
149 4728
38 1750
106 3023
362 1045
205 3828
380 2276
224 3117
143 3427
230 2040
53 2436
246 1541
315 4811
145 3327
237 4417
376 2227
167 1968
282 4729
91 919
347 4812
107 244
39 3362
273 744
290 267
94 3992
255 326
121 3161
205 3145
93 4557
208 4223
330 3842
185 3783
187 4688
195 2212
21 2202
267 3209
321 3116
209 4562
311 899
378 1613
326 3537
344 3999
236 4984
15 3467
199 402
378 2509
127 2217
263 198
91 3094
301 3850
83 1559
3 1908
101 2073
182 2911
290 3136
308 1240
338 431
93 4792
241 3833
58 3143
70 1564
84 135
299 1008
36 4548
105 3628
88 2934
216 1286
93 1270
331 72
328 1956
102 826
46 353
54 2897
308 1850
17 1820
61 4686
2 4854
287 4713
188 3
45 173
360 2669
28 2664
25 815
258 424
379 370
166 2111
192 937
59 1957
43 56
220 1480
325 3371
315 4242
187 4165
380 3501
329 2731
184 4184
366 324
90 2008
84 3819
363 501
155 2806
152 2519
255 4865
120 605
9 4706
257 1917
111 2263
289 2736
180 2414
269 1153
142 1479
368 4003
39 1595
118 4
190 3288
324 4874
127 2693
99 35
161 4432
330 773
118 3076
55 1564
172 4439
343 2636
94 3005
102 2468
117 4389
213 4149
148 4561
243 1082
39 1271
264 1043
34 3045
24 4986
55 4235
235 2982
74 1808
239 4545
340 667
17 343
29 1127
212 833
181 4933
5 592
326 4982
221 880
276 3853
361 855
79 876
161 3848
346 1788
133 675
191 4789
352 2467
280 1181
161 2127
216 2844
19 4977
178 4442
44 1349
250 547
284 2138
289 2293
212 4820
139 80
95 799
321 2837
353 4804
137 2909
116 1455
91 3473
45 777
27 2797
130 762
8 998
346 3067
199 2053
221 2688
319 4975
55 3295
196 494
226 2447
173 821
160 4519
167 4422
107 2096
37 2101
176 2205
209 3709
57 3506
117 3068
260 3065
252 91
44 282
84 2620
323 2982
224 1734
104 4771
303 804
345 2414
96 348
39 2790
161 4152
19 1299
331 2372
128 3806
39 1959
198 118
349 4239
244 3305
235 56
21 3383
277 399
80 2751
44 268
155 1134
30 734
338 3500
167 877
319 1911
380 2648
200 1658
166 2004
107 4891
148 462
375 1753
163 3665
362 3640
323 1275
295 116
369 260
292 289
263 4936
341 4833
322 3721
316 3184
215 1006
211 1892
153 1620
117 2344
142 4629
1 6
176 3913
6 3489
133 2370
357 1876
73 813
268 4118
176 434
29 4868
303 3369
271 4826
191 1636
365 272
130 3449
108 4185
320 1203
212 3688
230 8
74 394
95 1351
332 3216
147 3381
263 1986
201 4169
110 2026
57 3720
88 3294
313 2921
308 4226
341 493
242 710
163 128
103 347
7 3905
238 62
275 572
167 2252
219 3753
10 4830
192 1672
93 1342
299 4133
152 4325
229 1890
89 2677
324 1521
140 2691
352 1418
20 395
316 4771
321 1570
65 3262
2 2009
201 595
6 4498
243 1259
338 726
30 3437
85 3310
85 1214
327 4911
357 4459
226 632
31 2225
203 3989
126 586
236 1810
13 1446
214 4853
369 25
18 495
175 4722
148 3035
244 4849
164 3417
353 1177
105 1550
47 1988
347 2593
343 3148
355 2147
346 863
154 4576
253 3561
210 4916
107 2760
193 3646
318 1141
325 3386
123 1793
124 4024
64 356
193 4384
144 3688
351 1361
192 4491
67 488
328 3234
205 1595
332 4471
292 1278
260 2
29 2740
308 2018
288 850
92 3618
130 3964
310 4498
231 798
206 743
313 1967
178 4388
119 3498
137 800
218 2875
318 4413
27 4407
220 2875
128 1448
88 223
232 3260
278 4447
170 3171
236 4513
295 3492
44 363
105 1680
365 22
163 1378
168 3470
325 856
336 2249
97 2522
71 1114
48 3951
313 531
26 1152
68 1943
106 2568
156 3434
319 3824
22 3423
171 1347
156 2759
69 2675
180 626
297 1725
55 2302
37 261
267 4693
128 2876
241 1078
333 3555
198 3154
124 1483
87 2070
143 1663
97 4751
328 4007
291 1605
237 914
38 2130
175 3340
359 906
133 481
340 4539
43 514
62 1476
294 1936
366 2929
171 2236
3 1474
140 1680
170 2175
154 4843
79 3098
321 4150
223 2773
138 4122
7 182
47 3436
317 1523
295 1646
256 689
173 766
24 3712
86 2374
13 1813
34 446
203 283
332 1183
1 4331
231 822
279 2305
338 3875
55 3325
85 4891
27 1187
107 4099
89 1790
74 2074
326 677
31 4201
219 1241
333 269
296 1927
59 2725
55 2249
69 3593
66 3492
301 4008
128 219
211 376
344 2296
294 1733
174 3196
88 4202
96 1049
156 4819
2 3034
69 597
168 4728
159 3008
383 1299
136 160
206 4389
250 1221
64 4374
204 1610
122 2557
344 1863
187 309
368 2953
196 4582
178 3675
91 100
233 3067
62 2467
184 893
143 733
80 4157
305 4051
335 3040
101 3127
359 2679
343 1386
382 4662
323 4865
9 3414
74 1944
