445 445
10 889
87 523
64 1463
31 556
160 3315
97 1361
160 1321
100 1467
185 774
128 4353
79 4041
20 2533
44 1905
33 3937
163 4621
89 2381
90 2502
136 3150
87 3893
77 4307
174 378
134 419
38 522
147 4928
153 2743
99 4196
3 3080
34 4928
207 4395
155 4583
24 1988
220 704
108 3958
38 1714
130 3858
194 1181
12 4560
159 512
16 4796
175 2613
55 4073
171 3264
160 1648
128 462
82 4544
144 641
214 2984
72 4862
189 240
200 82
183 600
194 90
24 2774
135 1601
180 1565
131 4121
91 3444
159 4197
30 3891
20 722
8 1121
26 169
139 3401
110 2106
53 1422
143 2455
66 2350
54 1901
35 1
54 1920
175 4112
195 746
16 540
25 869
124 4228
193 806
201 271
122 577
107 3014
115 3994
59 909
120 4450
185 2374
57 1638
25 2889
117 1575
43 397
16 4193
171 2071
48 1721
151 106
65 4152
204 2268
132 2638
119 4471
54 4017
7 1275
169 748
204 2507
66 2312
16 2901
119 468
62 4880
130 2715
113 3452
163 3605
194 4214
44 437
181 1320
169 2686
140 3550
34 130
123 2911
208 4014
62 2053
47 819
115 777
170 39
101 1817
182 1134
23 824
34 1674
78 524
81 2166
85 3924
95 2101
81 3872
187 4212
137 1230
30 194
211 2847
184 2710
195 1012
171 994
215 4220
137 4555
78 4845
99 226
130 912
178 3088
194 2302
121 2033
167 2247
145 4027
130 1104
57 4995
125 622
126 2590
6 4854
163 2070
113 4914
171 873
112 320
97 4809
194 3812
63 1269
157 1244
152 2296
55 1183
115 1051
119 4577
65 1972
221 3793
138 1936
32 1882
198 3072
81 513
66 3265
162 3028
148 1122
158 2174
25 1104
19 634
91 3363
176 702
53 4256
16 4893
63 668
27 1352
122 4892
124 414
132 157
106 3673
26 3863
44 75
28 3769
205 3292
208 3536
48 685
41 1973
146 4664
82 3857
34 4351
82 4164
124 1205
158 757
171 227
143 2291
206 3036
166 4120
119 4252
59 2680
177 4224
155 644
114 1327
214 2128
67 3047
170 4531
166 2993
108 1703
145 1555
80 2420
155 2460
22 4578
173 2652
100 3648
99 3942
162 626
8 4719
122 471
186 4856
141 2676
181 4672
217 4306
37 2058
215 4057
6 1569
58 942
46 3391
103 4018
192 3058
110 2204
168 1506
137 1715
154 4136
203 3269
199 2358
186 4548
201 2057
173 4176
206 3721
106 4129
63 2589
119 1946
54 2301
190 2554
125 3136
143 2076
38 3445
99 1916
84 3355
41 3749
60 1903
117 2313
126 1169
15 1636
5 3658
35 1635
88 244
154 870
1 183
50 3963
71 3310
42 492
88 187
150 1282
14 7
91 2784
202 3002
127 4420
191 1976
50 2941
185 1667
169 2648
70 142
60 1049
12 2750
172 2814
198 3603
48 1801
16 480
109 3857
158 989
141 641
135 1432
55 2921
140 4392
57 4064
181 2107
155 3040
203 2381
84 2007
155 2452
12 170
91 892
134 2420
194 4181
11 4765
38 4584
118 3971
113 1872
112 466
74 909
100 954
94 1631
114 3310
123 1740
52 1859
212 3212
2 814
92 992
161 2110
54 761
137 4582
77 2352
55 4858
152 2594
117 3182
34 3913
178 317
221 1561
125 1829
121 411
126 1035
200 1754
22 462
118 576
209 3027
52 2971
34 2290
60 2240
159 2869
147 558
193 1622
63 2316
131 4661
3 4134
27 3232
66 4616
38 857
159 1659
64 2304
53 3457
174 2485
17 1466
186 3287
135 4251
190 12
141 2045
179 1986
85 4779
64 1424
114 4736
210 2313
24 789
221 3872
81 10
43 1517
89 1296
2 1203
191 1991
118 4699
212 3360
162 4493
96 2024
25 253
158 2416
208 4069
33 1781
130 4388
150 1289
6 4782
139 3835
44 4831
68 842
188 2848
211 2419
47 2510
210 1380
214 4835
84 4623
15 3749
79 386
110 2526
84 4532
53 3581
64 2380
126 2770
98 955
79 2696
180 3402
53 2761
152 1993
69 2041
66 4780
19 4544
19 4394
52 4512
221 4889
221 58
109 1005
212 686
35 724
75 629
173 3470
183 3407
128 4818
44 1129
211 109
194 2371
161 1737
186 2277
72 1036
2 1164
167 3042
114 1437
205 2097
53 1351
148 3096
123 563
210 2149
26 4865
17 3440
143 1329
118 3066
14 2826
187 4499
51 28
87 2767
65 4290
187 3955
181 1346
207 2462
132 3791
133 4778
168 2727
72 2774
209 4401
116 425
200 4645
81 1386
42 3863
101 2183
2 3339
211 4565
