632 632
56 3272
186 67
36 4561
311 1835
85 133
149 1540
94 4111
89 1422
192 2867
115 109
306 962
4 3155
29 4289
198 3047
63 37
254 1180
193 4099
120 4083
69 1187
83 2888
283 1892
314 4560
111 1691
295 1193
170 3384
70 2028
1 3269
268 4559
85 4368
291 1769
105 4759
230 3999
174 2177
228 70
212 3584
17 3058
245 1992
283 25
175 2292
175 3139
315 2713
252 4772
278 3480
166 4534
58 4132
56 3104
303 3130
80 3626
98 1427
228 4944
285 3028
119 3598
237 4571
135 538
79 2692
163 3831
190 4276
83 2470
181 3644
308 3119
134 2042
191 1309
118 2275
171 2920
151 483
60 4424
74 2549
220 1518
270 1109
284 943
261 3961
120 2045
29 2992
110 3210
17 489
187 3143
295 2426
190 3093
211 527
41 815
135 3734
300 664
2 3109
211 4241
79 3848
298 3833
106 3771
189 4886
235 3015
268 216
173 3682
45 3662
164 2009
30 4382
312 1835
157 4028
24 336
314 36
277 1641
172 2262
231 4659
199 2455
297 936
131 1792
259 1613
105 1895
180 438
190 2792
242 2161
292 166
113 4248
284 3441
282 3345
3 303
280 2144
100 4028
265 3297
39 2073
67 629
295 1227
9 3574
151 4422
2 1528
141 1382
169 4341
278 3144
141 2728
248 4159
311 3345
44 3722
144 3941
277 1794
193 348
179 1032
54 1146
256 3207
235 3558
296 4989
37 4195
238 165
83 1281
119 4823
46 3730
158 4383
266 3850
183 3750
172 1980
218 195
55 3675
164 3405
182 4699
211 4918
34 2990
129 4240
6 4790
137 3313
128 3196
86 1912
72 4867
147 2200
188 739
280 1863
115 168
270 3409
128 410
80 3924
70 2391
167 4789
263 741
45 3578
127 181
69 2020
30 2037
127 923
220 4872
300 4725
171 108
183 2348
195 819
243 4953
82 3269
237 1070
214 1601
185 3929
49 771
100 3110
202 833
283 3573
172 226
81 489
180 1931
118 1087
28 1017
94 3566
280 3430
6 3931
315 2631
55 1178
7 2020
226 2672
178 2693
206 4895
312 2748
132 3974
151 3804
166 1468
3 4925
249 3685
128 1563
155 593
31 3323
137 565
145 638
251 2147
133 1536
121 1236
263 624
200 4783
210 344
109 2338
280 1011
234 879
246 3650
250 115
33 3090
150 2867
135 803
257 3478
66 4109
28 4117
228 4907
40 4480
115 2401
52 961
313 341
271 1100
143 644
235 3086
160 1072
209 493
2 2724
226 1045
5 785
291 2590
246 1497
287 2345
39 3093
311 2755
88 3313
216 1813
278 2635
276 3552
306 1046
65 1002
45 1866
198 1837
133 4509
87 376
31 677
232 1311
145 2444
310 1216
232 1857
48 210
90 4653
199 4696
82 3644
304 4829
85 1120
265 2395
36 2513
188 4202
198 3928
295 2435
112 2909
66 3950
204 3802
24 3514
267 2647
132 4857
101 826
123 2747
115 4811
274 2887
303 4173
243 3023
294 1839
293 4099
179 3411
102 4881
57 3493
154 984
151 3171
138 3907
309 4825
22 58
102 3418
211 3633
240 3405
144 4229
71 2529
8 1859
100 3128
20 3447
117 2464
263 1299
229 2495
108 1348
216 791
56 641
116 4669
233 3510
31 3440
18 3755
31 3356
199 3152
248 3817
206 1703
291 3659
189 1628
3 3692
203 2322
154 2153
35 1943
74 3892
200 285
286 1166
159 3949
145 301
114 1393
231 1293
89 2718
83 3230
187 2802
198 1127
274 3423
282 3717
225 1828
36 4828
155 3049
219 22
275 464
155 211
98 2922
40 2824
217 2639
305 2827
166 861
138 1698
180 3182
236 1421
121 802
118 3631
50 4794
267 3847
228 4548
2 7
196 2945
76 2505
299 3825
4 4026
111 1535
190 4011
240 1497
232 2672
203 1699
151 4632
62 4125
167 1114
3 2785
40 2885
22 4136
12 816
67 523
50 2841
159 87
116 1734
272 3382
162 862
56 1867
2 4577
190 3857
245 233
274 4770
238 4757
143 3341
186 4145
134 3235
10 1727
296 3723
216 4674
246 611
106 1037
313 3033
111 1321
130 379
149 3191
240 3229
40 1859
291 4000
187 2894
79 1953
296 3062
217 3154
217 1716
140 714
254 4487
176 1486
296 952
84 2972
143 3966
3 103
72 104
76 3011
21 3477
89 4645
98 2205
200 1767
232 4623
156 4237
174 2215
225 4497
144 3667
174 132
234 2801
110 786
220 182
104 71
241 1780
194 4744
230 250
121 481
113 822
104 4282
237 2289
109 947
186 1945
25 3812
119 474
186 2226
161 802
287 3124
68 1557
306 2883
97 2425
251 1243
8 2315
99 4900
59 548
123 2920
268 3061
307 3629
108 4082
238 3849
70 4816
98 4430
302 1437
78 928
195 1052
215 135
211 4367
30 629
245 3329
267 3498
46 2065
243 263
253 2341
244 4713
23 2785
46 878
168 2534
33 3277
294 3538
237 626
180 4987
117 4874
145 1552
67 4870
238 1767
92 4505
208 450
227 4811
87 3393
284 2559
91 2954
108 799
145 4791
266 1369
253 3172
188 3272
10 4755
176 4089
228 2386
170 895
242 2783
301 1142
14 2563
279 2693
1 4185
161 3473
51 2578
294 2263
220 3866
23 4334
280 245
133 2077
154 4879
213 811
127 2337
143 952
156 2338
13 537
3 1283
166 3416
61 4764
208 531
114 4408
81 317
232 1741
138 3076
199 2234
77 3560
15 2268
1 4416
25 3262
244 72
172 2923
102 2586
140 3046
99 684
81 4034
287 110
134 1068
196 1917
90 31
103 4761
255 219
286 45
16 2532
268 1905
43 3340
261 2508
297 3768
27 1868
273 1264
167 2699
209 1094
131 4797
107 4632
312 2859
201 3964
260 1882
313 4460
83 3375
229 168
200 4967
286 451
157 4261
26 1320
26 4192
135 564
183 788
22 2050
313 3775
59 3498
108 3608
214 4213
37 4317
63 3653
291 81
156 2763
245 4881
220 2224
271 2493
79 388
308 334
258 4921
122 349
256 2945
105 3180
102 1818
218 2053
152 1281
154 3684
23 3251
13 3357
32 3913
102 711
233 1317
250 4463
71 1652
49 3927
170 1531
61 1803
260 4586
29 3209
94 3248
309 3092
92 1128
55 4984
135 1682
85 2314
140 4578
47 2061
149 4012
157 3262
277 654
253 2679
216 1074
30 491
118 2853
33 2225
269 1552
195 966
20 95
66 350
224 3959
93 4840
195 3829
129 1437
168 1997
238 2606
237 3599
68 1000
75 533
11 3886
242 289
93 3063
4 4842
18 2354
114 1578
262 803
