834 834
86 3225
89 4928
216 591
279 34
384 318
168 2055
321 581
184 4295
327 4956
74 4741
379 2786
363 298
20 1348
324 1244
170 4482
310 4605
202 4417
124 3359
56 3560
319 2758
221 308
247 4607
87 2753
73 2399
242 1233
53 1435
392 1028
17 140
114 3331
408 4414
175 373
311 1882
14 850
192 856
396 2340
105 3139
252 4055
168 4792
37 4689
68 1423
166 1956
303 1176
285 4608
183 3702
280 1941
171 619
139 424
96 1305
162 3544
379 1131
70 3933
416 3483
410 1127
300 3169
21 2784
182 1902
325 993
296 2595
350 2960
283 2419
128 4478
203 458
180 1136
400 4974
12 3734
66 2697
109 3433
154 4595
55 3143
114 4455
233 3176
125 3625
155 3181
59 3412
84 1467
206 863
411 4051
366 2697
407 377
347 403
209 4622
174 1703
83 1973
46 1730
55 2621
138 2819
156 2937
152 67
274 3926
213 138
233 1059
294 4833
342 1026
263 1559
214 1654
371 1709
308 1620
9 299
295 4512
186 3936
296 4800
76 2254
141 4995
236 566
174 3447
118 3490
279 2220
200 2457
305 4545
133 3954
166 3983
162 3315
352 1702
359 521
188 4065
297 3762
47 3988
159 2153
402 1482
403 807
324 2447
61 4692
390 1188
97 3010
293 3574
322 1878
189 197
132 1243
85 4383
166 4322
292 3470
97 4239
73 2163
52 3283
79 1813
333 3837
209 1583
280 622
351 3852
125 901
410 685
78 4240
164 4209
304 2862
259 305
281 2261
51 3548
160 3432
201 3980
13 4467
139 4049
309 3445
334 1172
71 2267
52 2125
294 2869
238 805
153 2615
115 4111
369 3698
321 1874
306 3052
297 2255
310 4869
98 4658
2 1269
155 4574
409 951
319 2886
144 2589
234 2636
234 323
199 368
4 4095
53 4887
99 528
110 2148
161 689
363 2618
154 1104
356 3076
391 3570
341 4002
46 4654
196 165
102 3349
202 218
198 4854
240 1668
28 3737
59 135
55 4538
161 3735
405 1836
66 3275
416 2170
317 2606
207 1731
218 4574
403 755
204 3179
330 510
12 4116
308 4631
395 4364
1 3371
385 3377
222 1174
155 2849
57 1285
123 3944
14 4485
180 2661
49 4263
190 19
112 1034
246 2139
164 4920
408 4021
239 1674
38 3693
278 4881
359 3396
354 69
324 649
46 435
172 4397
368 4395
293 1187
88 4764
48 1566
86 3895
259 1997
75 1974
73 2062
363 3685
81 421
201 3494
265 2784
380 2356
82 2797
220 533
71 2556
130 3456
79 4472
401 241
262 3517
366 1423
22 4925
272 4609
314 2392
347 33
165 4536
106 2096
8 2187
277 884
73 1162
176 4012
246 2547
131 3930
14 3977
3 3091
10 400
10 3130
32 13
317 311
118 736
278 106
366 4024
282 458
30 2769
348 1625
312 4498
246 2870
137 632
414 2105
60 3417
76 1018
52 3321
204 3612
196 4162
268 2879
9 3279
218 4382
74 3127
104 1143
199 1677
286 367
107 1267
188 1422
269 794
102 4582
227 4040
113 1891
98 2275
88 4246
364 352
74 2982
9 76
386 4394
29 3127
235 4961
286 1873
361 350
401 4539
37 3516
14 1064
299 2127
398 1286
324 2917
116 218
168 3432
197 359
165 1152
356 805
208 1077
412 4404
328 4653
244 340
198 2081
314 4528
190 1932
17 239
214 4476
398 4648
404 2242
183 1157
23 3673
307 1328
413 4417
153 3470
172 992
60 4187
291 1291
402 1624
259 4443
116 3214
268 4451
9 4252
254 1158
75 4355
383 4492
262 4660
102 995
67 647
6 3539
165 2532
307 3517
10 2342
174 120
254 3323
84 4055
353 2561
44 1218
181 3659
100 4701
124 2071
9 320
240 2871
10 2317
114 3541
389 1009
283 1400
64 15
106 4345
331 713
60 2042
371 2832
74 3829
374 781
32 4614
300 593
151 1201
40 3436
92 4556
319 3585
408 2705
15 351
7 1669
176 852
71 2824
378 1714
208 105
197 709
408 392
102 1677
41 642
406 977
279 3007
366 658
145 1223
359 2636
75 1505
22 1044
246 3814
57 4877
355 3870
71 2355
199 373
80 990
68 4866
117 1711
372 4934
241 2310
178 3369
409 1862
84 1085
58 4642
403 4410
237 1652
191 1476
299 926
123 4073
142 3037
100 1876
181 1356
350 22
263 4645
273 1533
260 3330
155 1010
399 3313
61 809
89 4882
155 1363
133 2094
160 892
225 1205
405 685
390 243
32 4517
243 4116
157 324
260 4018
43 3933
357 3164
328 1765
311 4950
333 2551
2 4912
251 2510
238 3737
50 3400
62 2166
129 4072
226 4002
150 1811
101 2442
398 4573
292 3843
48 941
6 4772
54 13
212 2210
215 2010
26 4607
321 57
208 3848
291 3184
204 3205
67 2302
351 2309
52 4663
287 1548
136 1074
214 2159
45 185
195 4440
41 3127
17 2691
268 4306
333 1813
216 36
69 2043
157 190
188 1727
216 524
190 831
236 1726
55 1490
74 1276
65 3152
37 2911
196 1358
244 4041
95 4190
397 1601
270 1882
394 2394
351 2525
310 3121
77 4500
225 873
124 2633
303 4272
182 4231
183 1981
105 2877
228 477
384 4471
19 3340
318 1120
350 4982
26 3036
331 4571
326 587
286 3341
229 2628
38 86
353 3709
45 719
274 2500
279 2983
104 4962
277 1299
317 4279
155 4354
320 1725
157 4590
336 113
57 2273
210 3865
306 1250
253 2845
273 1451
380 3819
79 2851
270 821
149 2761
215 3776
254 4293
179 2115
268 2759
178 4156
383 943
263 3825
35 2033
183 1872
415 2554
103 1113
134 327
286 548
347 1630
45 1419
185 953
4 1067
334 1899
87 1665
347 31
66 3438
358 697
118 2632
230 559
353 4148
376 465
60 2808
199 4123
208 1900
10 2435
392 2591
84 4587
58 3533
125 2344
126 1291
196 1572
237 4150
33 968
405 4418
322 4475
311 1321
326 855
65 3573
186 2804
287 2004
68 3233
344 624
281 3227
300 650
11 1327
178 1979
113 2567
7 1713
205 3316
116 4301
348 1665
103 3413
210 262
242 940
377 3117
1 2928
93 4224
324 3507
329 1730
114 4031
247 2697
217 634
113 2977
363 88
121 3219
55 99
287 4040
381 2067
30 279
246 232
148 3555
130 4803
286 3298
251 105
345 4775
272 1003
71 2592
381 1548
382 3800
396 4812
291 3453
179 3796
147 520
225 1479
355 2815
49 46
263 3100
119 4762
175 470
112 748
173 3258
31 179
23 4284
387 4925
221 459
3 4758
237 3882
128 4261
29 3876
140 1926
259 1255
376 1309
44 1417
158 3755
338 1396
44 618
343 4004
3 1383
323 1849
304 4074
41 140
221 1900
105 1344
273 4795
2 4663
225 4875
141 1029
360 1228
203 3219
72 978
401 3582
303 3526
353 1047
254 2718
178 1439
77 64
46 4316
347 3330
158 1069
172 2944
54 4959
288 2412
144 447
373 113
149 566
407 515
161 1595
207 2942
322 1629
382 824
112 4310
283 604
340 2842
161 3937
152 3407
111 843
302 4857
146 3453
337 3030
414 1932
27 3198
369 1219
306 4513
228 1464
70 2801
63 2720
341 3224
175 2133
167 714
404 2916
339 4342
15 611
333 2985
376 3109
409 419
127 1495
119 2040
49 2472
51 4945
259 927
58 1165
49 3176
332 4809
287 843
409 399
106 1293
160 4531
243 2510
258 443
311 423
143 543
209 236
413 1097
236 3437
283 3902
285 3550
108 2512
122 3816
155 3273
90 3461
412 3938
234 410
266 4416
234 3052
121 1583
57 4098
98 729
29 559
286 4101
270 1580
71 4766
68 4532
297 3998
267 4657
157 2486
90 2014
55 3901
139 3578
400 642
224 4662
214 1244
254 1116
192 4288
186 3325
132 1627
312 3504
3 917
311 2109
364 4701
415 4601
323 2245
25 492
161 520
2 2964
261 4574
31 767
125 4058
354 1835
127 220
192 2647
124 3798
154 4000
139 2699
266 1399
72 1615
119 1006
364 787
253 4296
87 2888
188 472
387 2926
381 1538
169 2257
262 170
136 1976
78 2522
188 2324
15 4513
376 1411
88 2414
357 988
126 3178
336 469
308 3778
275 937
148 3385
242 3693
377 3200
288 798
380 3244
383 1927
136 4448
175 3240
201 2911
97 3261
193 2294
413 4200
301 3143
98 1171
167 3998
117 2487
225 2322
130 4269
146 3010
368 1325
340 3096
379 2524
7 3733
187 1438
384 2506
9 2481
41 4015
88 3777
186 908
85 1534
47 3699
263 2165
170 4865
191 1269
275 335
300 3396
74 4011
25 1346
355 3539
409 1022
312 4692
130 2925
31 4184
153 2173
72 1940
