864 864
106 4162
312 2752
138 2454
265 1989
257 4340
30 2189
393 2954
86 835
191 2933
302 2699
128 4354
429 4987
72 807
311 2757
210 3034
266 2908
48 1820
344 984
105 3882
333 1892
20 4580
82 989
299 1495
304 138
104 3668
345 873
231 37
69 1060
91 2645
253 1563
280 1044
121 1486
15 610
23 1871
356 1422
103 839
266 1096
100 1990
320 2870
93 3933
104 160
285 1827
225 2115
332 509
86 4796
231 3564
155 1304
403 2723
277 3819
139 1696
100 3977
17 4306
46 2974
349 2499
14 2215
328 3774
160 1770
394 3945
168 2936
36 2513
325 1754
286 930
51 51
235 3376
51 1369
327 208
237 911
89 743
208 579
302 308
348 4202
122 438
160 1657
289 4095
404 629
252 590
141 1002
29 3435
20 2351
89 4878
302 1610
315 2560
163 4171
8 3833
355 2140
151 3604
210 1158
157 2728
284 951
30 1586
157 4177
250 713
280 2807
373 2940
133 388
205 1746
420 1183
309 111
220 4698
183 3495
295 1619
21 4871
128 437
30 3982
23 4620
275 2114
87 1460
264 1068
385 4781
326 1568
172 3931
74 1686
203 2622
422 1159
310 1104
314 600
53 2307
43 2571
355 1156
312 2002
62 4274
296 3195
278 566
80 2428
36 3551
12 805
238 361
430 1134
12 4748
108 2940
425 2873
289 4356
234 4251
326 3633
382 653
154 4277
34 3941
211 240
386 207
170 3763
116 4385
50 4093
45 3945
319 2964
288 2324
64 550
31 637
420 1578
5 437
290 2949
329 2843
365 2549
277 966
99 173
43 4106
281 2365
73 2892
406 3126
338 1166
59 4817
338 1707
62 3538
22 2254
346 4370
209 1776
167 3472
50 734
132 3475
209 660
230 3341
387 1088
3 3990
349 3615
250 4809
376 2028
37 2936
415 3081
406 3654
209 881
84 296
16 4616
87 649
168 90
352 4746
216 412
322 196
240 4642
334 128
90 3887
284 3190
148 2217
42 1906
188 3438
73 3157
258 3214
76 2920
67 4724
142 3110
50 40
74 4070
297 2324
370 614
104 4116
378 3431
382 3412
114 3529
142 1909
407 4110
230 2623
66 2481
164 923
403 1481
46 1835
386 1634
361 1772
165 3019
35 2912
23 3930
342 1197
415 3459
15 575
199 4003
195 4381
244 3302
371 115
288 2185
417 3599
79 1252
339 3967
312 301
107 856
274 3936
100 3788
19 398
42 3762
383 3744
82 1327
76 4162
314 4715
91 3457
356 2855
234 3119
41 1669
182 4864
4 3184
179 2720
89 1646
231 3
169 3292
375 3819
197 521
354 4107
62 3559
349 1996
262 1004
43 4206
244 3305
13 269
374 1704
386 1351
47 2740
215 231
345 4823
13 318
299 3104
39 973
268 3336
18 1859
359 130
105 3085
84 1895
13 2677
175 1447
56 1629
121 3125
109 1374
237 3677
319 4256
262 3036
175 3450
260 2822
85 2801
218 3163
245 3984
319 4330
397 2438
174 1276
54 1781
108 1404
322 2225
395 2655
101 4961
82 4693
233 4481
262 2912
62 2659
88 4556
45 2721
409 1417
202 884
22 2175
74 2155
43 4686
317 4433
353 459
237 1303
431 1921
422 1108
10 2440
210 3230
362 1946
8 4770
331 3563
24 2464
275 4209
34 876
308 4335
24 3229
240 3470
299 2448
121 1670
166 1309
191 1784
387 4090
129 1438
234 4723
175 4843
25 4223
101 2685
263 150
427 4531
118 1264
178 4921
135 1659
201 709
357 262
351 971
42 3374
199 4656
6 4860
172 708
295 4141
192 3418
172 3623
257 3051
212 3336
288 4366
417 1286
341 969
29 2026
82 2328
173 3508
372 4614
255 1188
336 2789
217 525
286 2611
91 3912
174 959
127 3651
72 2008
388 850
286 3232
260 1649
262 1735
54 3539
299 4215
363 1169
280 1567
259 1950
189 601
370 732
197 286
265 3381
141 4104
225 3390
374 1730
178 2747
256 4094
187 4366
226 4672
151 657
279 817
275 3349
111 2531
361 1979
301 1749
212 4692
262 1510
367 358
321 4253
44 1475
307 777
279 4597
259 4934
351 2713
387 1065
167 120
243 2112
340 3704
148 3208
381 1731
165 2007
124 940
244 1342
56 2697
204 1570
428 3688
2 1921
72 4533
405 672
59 1825
117 1244
42 4220
346 83
75 3334
166 3425
247 1738
242 4583
159 339
394 1308
204 845
260 2610
171 2469
390 1454
219 2768
87 4018
180 4579
272 3037
276 1993
357 2448
225 1698
283 620
238 4979
192 2984
342 118
292 1213
113 242
407 4552
184 2833
69 4593
66 2200
217 2932
356 2073
81 1047
283 1040
130 1941
108 4341
127 4675
72 2613
36 2976
323 2406
16 3241
156 660
40 3188
431 1512
105 2719
364 555
69 2029
77 1483
171 906
249 2363
2 4591
17 1805
245 232
2 2237
241 4105
296 599
220 3726
11 998
224 63
248 3335
247 3095
302 1024
358 2184
195 2254
118 2879
16 1228
360 1462
271 4376
186 1470
126 2801
304 1502
31 4664
15 4666
131 1969
31 11
94 2879
389 2507
97 743
137 4351
200 4356
93 843
326 181
340 2815
252 3772
110 3821
391 5
216 3076
134 660
166 2389
165 5000
409 3148
31 3642
249 2366
403 567
375 3351
153 74
269 2725
66 663
303 3751
333 3354
363 2485
427 89
176 1854
116 937
338 1592
341 1093
154 2698
59 4176
378 3585
218 385
291 2877
348 1312
359 3709
83 3926
98 2010
21 4017
422 3942
14 4676
372 303
210 2890
22 4379
105 822
156 775
305 2921
149 1320
184 1571
27 4340
91 3914
154 794
49 4587
98 3417
194 2333
401 1267
399 1891
429 4556
32 2150
37 3212
270 2912
370 1325
71 394
428 4861
160 895
1 4169
60 2993
197 351
219 1642
78 2646
56 3570
81 275
56 2746
428 3622
257 2086
147 1627
343 2064
295 2172
427 4937
319 3095
97 1404
176 4217
324 3610
109 4053
262 2634
162 1690
423 3962
142 2758
188 4144
205 4808
67 4242
42 200
184 1368
161 3348
374 1654
193 3131
32 3509
77 3397
204 1509
282 1887
27 2630
284 1129
108 2834
318 2070
216 398
44 3247
282 3190
259 2552
76 3296
14 1104
397 4200
269 2615
295 2817
399 2051
287 2240
159 3263
319 493
338 285
116 315
125 922
140 1897
200 1931
159 3506
231 1798
123 720
238 2799
201 4068
102 2148
67 349
294 1282
408 378
230 3477
379 1552
418 4362
372 2949
8 2483
280 3268
114 3861
329 4681
72 4259
11 2885
360 902
99 4230
206 4723
119 3805
52 2602
350 519
256 4070
117 519
38 4821
183 3369
297 664
428 4110
254 3829
217 2200
358 1095
17 3282
78 1785
88 2649
207 2321
325 4306
184 1666
194 1190
127 2815
311 2407
335 3685
193 2420
76 3335
70 4931
144 41
16 788
90 2388
392 3021
317 4291
81 422
418 4317
85 3756
210 785
238 862
177 3638
131 2539
101 228
399 2248
356 1653
73 4835
407 2593
84 4432
144 4886
205 4271
126 3104
421 388
330 3161
52 4689
163 337
100 3318
147 1843
96 1337
248 928
356 294
246 883
39 551
164 1737
6 1067
82 4621
77 1667
345 1783
26 1769
134 130
344 1749
408 2621
63 1533
281 4021
72 2266
102 2889
113 2402
356 2029
235 104
304 1457
397 1354
231 4536
102 245
216 2182
280 2527
123 2249
86 4385
234 4225
357 2832
148 174
273 512
346 3084
129 4229
321 3786
415 1694
263 737
47 661
231 2271
240 341
218 641
318 2662
163 3965
299 4387
16 573
12 3289
302 2046
375 2290
392 1152
63 2383
395 767
386 2418
422 2037
389 420
93 1372
264 1778
70 1350
314 1449
250 77
410 86
248 3215
314 4615
54 750
169 3562
243 1606
243 4624
172 3552
307 3454
134 1606
184 4642
371 2032
92 4534
111 1051
124 2237
306 1476
240 1015
183 666
82 1931
346 146
253 601
151 2936
144 2135
341 3530
398 2250
201 1438
405 3826
89 3073
37 433
297 3819
352 807
369 1244
243 4360
429 4955
411 2958
352 2195
202 408
63 1453
189 835
344 3047
3 1955
428 2753
425 1055
101 2692
291 1341
394 4145
287 1619
406 3238
238 4596
155 2070
236 4163
352 2147
262 1048
314 269
222 2848
420 4877
1 3208
90 2841
93 3653
205 4444
157 4391
221 4835
125 2221
41 1828
430 3440
280 773
157 2804
420 4066
322 1928
383 2169
268 3296
412 997
4 1176
333 4448
31 1525
148 303
99 2681
101 1143
310 1783
120 4506
95 879
395 2394
397 152
248 4260
307 4259
164 2922
165 1841
271 4021
132 4786
428 524
140 4406
9 1054
307 2182
94 489
291 1794
162 3145
13 1594
357 833
386 4565
337 3024
373 4201
416 4977
41 3798
128 1888
111 3204
85 2888
10 3939
94 2662
286 3040
190 2487
194 3625
385 4304
161 831
247 3614
173 4621
294 2938
89 824
364 3065
212 1167
