824 824
184 4452
276 2171
55 2472
304 4125
86 4499
90 1146
322 3899
283 3209
115 3034
185 2727
248 2610
388 361
383 3123
364 284
248 2336
138 2703
294 2549
71 1259
124 2588
167 2909
363 1284
287 3952
211 3651
323 3770
273 1099
67 2082
16 3467
49 3828
304 2124
59 4380
74 3727
140 1907
366 4974
280 2405
76 1575
199 782
51 4970
200 1287
213 305
43 2133
166 543
3 1472
320 3683
340 181
177 438
121 3274
157 1283
145 1172
232 2507
160 2387
389 1264
64 3638
155 1603
194 4880
400 1129
391 3961
363 3301
119 2998
76 415
383 1022
128 2330
364 4820
372 1951
104 1627
155 2221
237 4712
212 2508
235 2638
85 385
32 3004
96 1232
8 4887
10 199
361 4222
167 3148
9 2156
384 1041
282 4292
259 1236
136 3522
129 2694
22 2276
346 3139
81 1826
399 2631
323 1752
256 4485
356 4292
225 369
150 2514
340 139
95 669
48 2088
299 1882
131 311
328 1494
25 4618
294 1752
257 4361
255 1878
286 4289
333 3798
237 1986
100 833
214 1464
12 4744
28 316
180 4322
199 2650
246 1785
251 3042
304 1250
40 429
251 1665
16 4639
266 1734
193 4360
209 2824
93 2946
328 1003
176 1906
181 586
295 614
401 3084
372 2901
317 96
313 4129
296 554
223 3334
117 2957
207 2165
182 1517
14 4777
410 2169
13 1800
245 1658
155 434
359 1395
20 3501
22 1140
24 314
241 2905
314 2268
285 309
172 2295
232 2982
302 811
144 994
12 4608
5 3235
120 3406
340 3053
19 2080
189 2298
258 2281
336 2956
240 4724
20 136
367 809
204 2544
193 4693
61 3464
245 934
16 4121
259 1656
229 2470
111 2938
65 2304
264 2577
299 2464
13 3139
94 222
91 1853
346 3079
391 2058
125 3503
35 3358
49 13
106 3218
148 476
298 856
275 2857
302 357
252 4860
13 3660
48 626
229 4208
69 1541
156 195
253 674
370 2610
302 4019
240 4996
238 4571
318 1532
267 761
120 90
392 1952
353 4830
283 3887
216 4793
303 2247
274 4095
384 3406
270 651
86 2551
327 2446
381 3099
313 4507
63 4918
50 4190
273 4272
234 163
65 3387
345 1096
259 4499
185 3483
52 1170
340 2694
263 717
397 664
338 661
163 3624
228 1404
192 1058
46 3392
406 910
183 3358
257 3641
153 98
394 857
224 2665
75 4742
57 991
274 751
284 2651
186 4018
383 1419
285 205
98 3189
23 1362
261 3066
143 4045
190 4594
353 2496
158 1194
400 1283
180 1108
9 1276
176 1186
76 1577
205 4996
235 1918
137 1799
293 2056
276 3800
50 1646
77 4651
143 4707
15 2294
290 3000
26 1776
41 680
317 914
269 1033
211 1206
124 4419
123 828
278 4357
135 1635
153 1589
156 73
79 24
306 2395
21 4233
220 4884
170 1802
147 3017
346 2143
285 225
54 4535
287 2447
66 3541
191 2444
351 4735
153 966
89 453
129 1575
234 3937
144 496
2 1996
218 3666
366 4034
293 1718
131 4697
267 704
284 2739
230 32
207 2877
166 696
216 295
342 4609
407 1844
309 4207
268 4184
86 1160
378 4409
160 814
201 4311
194 685
17 851
153 832
264 3633
394 1726
121 742
407 1155
102 3145
32 4195
49 50
85 3291
21 4038
330 2095
290 4974
52 326
103 3227
371 3020
132 2177
237 252
205 3770
247 2097
379 2228
337 3261
341 4400
253 1011
252 307
134 4645
344 2018
364 740
150 3521
212 3119
274 2750
80 337
259 4167
371 1062
373 2021
185 3181
206 2966
362 1027
32 2951
240 3847
83 4487
64 3271
402 2278
299 2453
175 2751
245 1334
357 1870
97 2252
112 2155
78 4186
369 2560
365 2860
400 1176
52 3394
44 2095
185 510
21 4728
213 1080
264 902
61 149
301 3865
150 2613
182 3504
256 3983
296 928
366 2248
238 1868
75 417
231 1303
322 3347
220 2322
66 2519
127 3886
22 2246
92 3243
123 1980
95 1319
399 3448
408 3719
81 997
359 2165
124 4759
345 4614
83 1087
393 1373
310 2841
302 440
283 390
12 560
53 2058
234 3464
87 2753
329 1271
27 1844
330 1248
272 3734
322 4219
220 712
39 2899
195 4564
156 678
373 2657
139 84
278 4129
344 2819
73 1504
304 4729
197 3439
247 3725
304 3211
162 4138
170 2486
208 4081
379 739
173 4516
34 2175
345 4364
175 3649
403 778
175 4459
154 2966
4 3407
208 2798
361 2277
260 1292
210 3751
392 2096
367 1770
83 4462
318 2238
371 847
298 4163
208 13
180 3153
360 3688
323 2001
53 867
70 1581
57 618
378 4800
6 4098
237 3284
336 929
8 3124
25 3996
278 3752
232 2080
296 3874
212 4520
310 4047
49 3963
159 3968
249 1920
125 3538
152 3020
29 1664
352 2193
195 3442
270 1642
173 2953
217 320
253 1456
100 2125
290 1151
323 539
67 2938
143 4791
297 44
62 4367
367 1503
327 2825
322 4504
142 557
368 3497
49 2209
214 4696
14 1796
387 2496
272 239
322 1059
8 82
135 16
263 335
205 3876
43 1862
183 897
108 4350
288 332
179 428
207 4795
275 168
8 4048
234 3569
324 245
79 4751
17 3710
80 2568
53 4531
319 4477
265 700
275 400
321 3450
100 296
28 3913
360 1291
21 1284
216 414
37 4784
73 4544
130 2561
66 2742
3 747
289 4195
210 1021
1 4977
78 4316
119 361
327 2051
170 1816
148 311
64 3164
74 3625
99 2770
326 3333
232 2273
53 2597
35 318
108 4917
355 6
389 2874
59 1164
129 2429
147 3710
169 3215
152 2956
395 3614
52 507
78 320
337 2257
92 720
315 4258
21 3872
291 4782
169 1417
241 912
399 4569
88 2787
252 2181
228 2417
158 845
88 275
89 2362
237 755
371 4939
59 344
163 2094
299 2320
324 2988
227 586
402 3009
233 3994
265 4887
379 4879
195 3452
402 1212
199 3066
214 4720
363 2681
247 2169
198 1349
248 2079
352 916
247 3235
63 2997
267 3630
168 4771
406 1765
75 2829
193 4818
188 3573
112 3025
317 2500
94 1122
132 936
197 1859
127 2536
254 3607
317 3394
163 4004
289 634
374 4011
34 1809
208 1991
102 1950
151 3938
98 4714
162 3194
138 3726
175 1751
69 3058
409 3334
7 1298
172 2619
109 2583
396 1746
130 2573
275 3443
24 4351
234 3369
187 4990
256 2599
178 4284
189 3166
312 314
381 4561
215 3520
54 4384
317 1174
285 4263
69 2777
213 3732
237 4742
350 2298
379 3620
220 4029
114 4836
90 1373
94 3015
185 3173
264 4422
90 3460
53 4199
35 4417
366 2003
286 2643
113 2872
7 4285
66 2792
186 3179
303 3421
67 31
160 2310
19 4299
351 4441
95 2466
180 4761
268 36
194 2983
161 888
291 1322
334 1256
251 3195
378 1922
86 817
206 1815
76 304
161 387
139 1160
181 755
110 175
396 868
225 2742
158 850
19 459
135 1524
228 2618
35 41
93 3367
278 2279
347 3688
293 3922
304 2805
408 18
397 4878
328 843
233 3188
127 3489
382 564
227 2361
323 457
214 886
393 1607
140 4530
342 2351
386 2347
71 1897
127 1250
92 1018
241 2577
105 2924
286 2414
184 926
9 1083
410 103
2 2871
187 2033
16 420
209 4051
168 1992
254 2552
218 4931
284 3080
204 532
184 2834
100 3007
393 122
350 847
63 4873
382 2580
67 2134
140 2063
228 2106
277 1737
230 2937
388 4232
15 1807
122 292
304 4943
209 3546
68 1484
202 1993
167 4094
147 2681
44 975
330 2769
178 817
196 3310
260 4130
92 3367
328 2942
34 1790
102 4661
325 4019
274 3027
229 2415
362 4030
373 3653
15 2348
295 1744
411 104
365 3016
316 3951
351 2130
334 1575
325 13
217 2148
107 3998
303 2377
20 3720
278 4368
131 4643
178 4273
387 313
219 1451
371 1911
247 2819
391 3410
205 2568
18 4588
268 3677
274 4447
243 4485
25 3109
12 2180
32 3066
181 2237
91 4764
134 4833
253 2614
169 3444
245 3242
232 3986
348 4594
36 2916
364 1040
377 2970
184 1751
10 3687
366 4009
74 846
376 1199
128 1361
246 2436
53 1569
71 1105
14 599
17 4847
370 3125
177 3020
289 1529
390 3127
202 1684
365 3428
314 2622
275 643
44 2333
313 3246
346 4203
357 1964
250 1269
136 2647
92 1999
265 845
193 4664
276 4562
277 1617
247 1144
292 2891
76 4614
165 3346
327 1797
395 779
216 4178
330 1473
