872 872
109 3512
435 817
393 3290
83 4260
316 4650
66 3295
385 4065
102 950
378 1371
365 2488
86 1082
116 2650
122 81
316 3174
277 1373
85 88
288 2400
276 2753
285 4429
425 2779
273 3437
232 2167
72 1915
121 456
113 2677
15 2624
236 4626
42 3930
63 2359
391 648
10 896
310 3703
39 1415
232 4197
400 3511
286 3972
16 336
240 3369
189 3603
113 2439
80 771
3 1644
429 3768
72 4796
3 60
240 4617
433 78
52 1566
358 3045
237 3528
390 2984
300 258
153 3681
266 2890
296 3029
3 4607
310 2609
43 3868
235 1321
291 4465
29 360
174 2623
126 311
182 996
31 3050
42 4552
259 4142
423 1786
97 1934
4 1241
430 825
189 1689
244 4515
170 3136
226 1792
250 119
206 4040
171 725
39 1635
132 339
11 598
240 2957
395 3588
191 4690
125 1282
243 3510
258 4242
284 3764
341 4965
256 251
19 729
13 2949
306 3013
24 4205
192 3834
243 1399
23 2401
304 1623
129 4190
209 3348
292 1715
98 3866
90 761
221 393
108 4557
420 164
402 949
94 3856
120 1028
28 1886
81 4602
15 1850
79 4084
64 4531
269 3871
158 2818
123 2044
370 458
399 1469
42 1303
7 2525
354 4445
392 1242
396 2531
396 2003
237 391
382 1422
127 1442
130 1620
330 2374
173 2765
135 1287
83 3150
88 1731
281 4710
387 3095
201 926
424 3485
231 2065
348 4777
278 1849
156 3670
256 4369
207 1455
265 4781
396 663
272 2805
151 4922
199 2170
236 2653
18 3558
415 3231
87 470
54 2545
47 3558
226 1138
213 2664
214 253
346 2000
298 3606
8 4516
306 3763
135 3990
20 4419
128 3716
215 1420
201 1204
212 957
103 4212
271 2764
275 3439
208 1843
232 1293
263 2781
272 2031
409 1421
146 3452
274 581
417 1233
120 2566
151 4211
229 1384
57 900
63 3503
280 4525
251 3700
97 2226
405 1211
305 2797
58 3486
86 734
172 1877
183 793
392 2389
194 399
127 2660
396 4445
80 2739
332 1144
313 4032
203 2407
377 635
5 1503
20 166
253 3124
213 3505
410 186
214 703
133 82
249 2982
257 1836
140 2656
246 2488
290 1822
341 4399
116 1469
208 4802
3 769
170 1908
89 3292
20 4528
391 835
100 294
28 779
54 2739
21 2946
291 3228
372 1344
249 3293
16 4713
166 3719
224 3188
283 4057
56 4281
30 3063
426 3335
115 3425
46 2220
300 523
148 4456
276 810
154 3234
56 2836
145 1910
183 3170
91 4365
79 2697
342 744
83 1949
409 1066
136 286
419 4148
401 3638
60 4100
11 1403
282 4605
208 4785
138 994
75 576
51 286
376 1173
108 1424
128 2214
266 3813
167 2658
345 214
197 4473
146 2930
197 1940
50 534
322 2162
128 857
297 639
18 1348
292 285
44 3476
129 4626
132 994
93 3200
292 4953
143 4538
99 660
380 4929
246 4160
192 257
258 3276
198 1377
164 3367
112 638
187 2402
208 499
279 4549
205 2565
287 1402
190 2125
123 1430
55 1837
260 408
1 3311
305 4784
69 431
362 110
132 299
213 498
27 799
263 83
284 1085
80 391
368 2311
411 3661
407 4308
25 1339
151 4429
311 2452
200 637
434 2599
422 1401
310 4896
421 4620
318 244
201 3254
339 2763
77 105
285 4759
206 4367
108 3289
386 190
33 88
4 1042
336 817
4 2216
71 4012
65 2598
79 1586
88 1421
5 1288
133 651
266 4507
392 1372
18 1389
340 4240
105 3573
152 3895
153 4533
131 1246
371 1418
286 2988
240 3333
190 288
333 4511
84 1323
93 898
320 1447
75 2623
194 3324
83 1113
435 1648
54 1523
368 1020
321 1941
330 2596
280 2371
154 634
318 938
134 2865
333 3112
98 552
51 4495
108 1377
146 4468
39 2041
6 2075
416 3511
103 3167
159 1566
400 918
184 4747
271 3676
181 3609
56 3786
34 2609
421 2627
182 1463
435 4867
277 4351
202 1323
167 3375
155 1327
368 2736
394 3235
381 4939
421 1354
411 313
417 3482
10 2713
342 4439
130 4906
156 7
189 3593
150 1484
241 4993
173 1747
204 3960
303 2321
233 255
281 2777
127 4746
390 1725
371 2809
426 2636
187 1712
46 2418
387 1940
251 3970
361 337
418 622
207 4712
54 2520
307 2987
385 2437
281 2474
90 3573
33 2759
211 2246
54 1092
2 4000
381 4849
21 2106
262 2332
273 3947
91 4918
372 3854
397 4774
387 3180
334 923
85 3934
211 3376
114 3998
308 370
331 388
290 286
168 761
54 3784
220 3380
311 3233
292 2856
322 278
12 4767
357 3079
140 3068
84 4231
220 4107
60 647
375 85
46 4966
336 1324
251 308
132 4154
131 2624
361 3705
334 4936
256 507
284 2368
406 3771
385 4234
428 4550
132 3151
312 3257
3 146
373 2208
204 2639
413 3054
49 2340
368 2346
94 2354
332 4758
424 3521
291 2281
379 3097
228 3934
427 1174
243 2826
303 4520
195 4936
96 1232
339 3970
293 2351
120 4839
280 3323
105 979
391 2756
108 1876
84 949
231 367
162 2575
48 4657
432 329
149 833
259 4024
153 479
118 618
53 188
26 4568
396 1043
47 4149
424 18
428 224
51 3891
307 518
238 3509
382 2382
418 3556
244 676
116 763
269 421
31 500
91 2569
127 2317
65 3000
208 540
337 4767
368 4727
113 4816
267 4405
183 373
238 1487
349 2357
397 3787
315 2376
426 701
351 2395
413 194
44 949
127 774
158 4906
101 507
227 1356
134 3014
78 2369
206 1403
252 4414
174 3265
357 281
46 1022
77 1302
364 3442
197 1837
329 46
265 1512
401 2142
249 3113
99 980
370 3297
201 4953
295 3488
52 1578
58 2494
238 2972
83 2518
300 4610
12 2322
16 2582
180 3729
42 3658
183 2799
356 1961
197 777
190 4544
267 3922
216 15
319 139
393 1997
351 203
249 1584
33 4358
11 2256
333 2275
176 1593
139 3622
177 2125
118 1977
253 4657
123 1269
427 6
77 1873
62 4124
299 2385
36 4563
240 569
403 3355
229 3437
333 2806
293 2048
21 1567
425 3106
180 574
72 205
163 4800
66 3612
141 259
61 4047
306 1643
335 743
125 4360
417 1687
306 1466
36 2117
247 3405
40 3019
392 1322
8 644
100 1372
342 4346
378 2476
342 982
403 3012
214 4727
333 2695
264 1322
356 4795
400 1671
160 3916
319 704
279 4389
60 469
409 4375
57 662
357 2227
100 2564
297 760
12 2461
310 3914
22 3690
32 1399
123 4861
63 960
380 1935
134 1624
293 1511
46 3502
288 2557
279 1931
267 696
151 3100
428 3808
217 4312
319 4651
215 2504
78 2556
422 2767
104 2827
301 485
147 2146
393 1334
2 4878
410 3681
75 1933
222 237
59 4899
261 151
366 3356
29 2912
160 1110
336 4548
145 2849
382 4561
386 4503
190 4719
18 4101
205 2407
211 434
375 410
435 3227
342 229
266 28
426 1893
52 3985
29 2931
336 4099
292 4446
378 4095
8 2384
228 4234
324 4219
193 3552
361 3179
208 1150
430 4738
420 700
345 1784
38 266
148 1109
50 4821
388 3448
405 4818
2 2060
319 3314
226 473
145 2556
12 3297
364 4861
258 889
216 4156
404 576
85 2847
100 2659
201 2353
224 455
331 4817
186 487
258 3116
132 3531
291 1162
329 1364
205 2832
420 3918
367 1107
232 2667
374 946
345 2555
72 1821
1 2983
227 3290
306 3994
301 3477
67 3211
254 4307
41 3501
113 324
315 168
400 3296
336 2324
417 4869
35 2210
109 3546
395 4048
72 4415
146 1675
402 2190
96 296
330 3976
54 4752
137 4361
179 737
84 20
98 1864
227 2855
368 4244
55 654
51 4021
235 4104
386 1441
13 2241
64 2521
80 1442
62 3687
120 2489
77 4370
122 2546
232 3189
234 4646
104 2991
103 1729
24 3198
22 3764
95 1467
226 877
303 3622
241 1997
79 1503
136 3124
169 235
309 4026
363 1481
406 1652
9 1447
343 888
105 6
118 4854
324 1723
117 1165
333 3705
376 3091
331 4531
126 4232
288 3431
280 1464
19 203
351 875
390 3701
206 2032
417 3815
192 2857
351 877
23 2810
268 2090
318 4861
304 1275
322 1362
319 704
190 1204
171 194
6 1487
254 2076
254 4259
299 1254
341 2562
74 2618
239 2783
354 1932
363 4133
71 4039
166 1776
44 228
195 1876
317 3627
378 2424
330 4056
240 1956
271 3898
154 4239
49 688
22 743
358 2532
381 1707
215 890
24 4024
355 1275
431 3164
365 1084
328 3999
244 4141
145 4239
389 4382
348 4390
221 4283
64 4278
316 1635
419 1222
168 57
192 520
405 3929
284 3432
306 2115
361 1430
137 4551
427 1373
415 2249
384 1782
71 2518
150 1206
49 4833
117 3578
401 3342
354 2159
229 3192
78 2403
354 746
293 2578
63 1145
204 919
280 2560
364 2072
286 2422
104 3049
434 339
63 3690
94 4334
249 2284
317 4148
304 4540
121 3663
