716 716
9 772
19 1003
280 1935
220 3077
307 4881
319 1556
23 3256
232 599
225 4559
125 365
144 1336
35 214
253 1360
356 266
258 929
153 4596
84 103
184 4096
290 2434
124 3881
235 535
100 1765
41 2544
296 3226
31 3324
204 3017
308 1696
141 822
304 4166
344 1373
152 4081
4 2933
121 464
280 3122
250 3548
134 1455
131 4980
149 93
21 1630
303 2712
199 3868
73 2731
128 1814
157 2586
215 394
215 1502
41 4371
82 1690
249 1665
135 2768
314 3548
334 2351
83 4188
186 3353
157 758
278 945
55 4840
163 433
190 668
16 2314
15 2200
199 4226
164 3939
52 3444
79 1929
147 2581
10 3872
45 2971
172 3258
66 4858
277 952
60 882
8 544
145 2446
103 563
329 3366
328 452
160 1226
192 2248
4 1049
336 4879
107 3877
244 2210
290 4994
61 4979
183 1572
97 842
157 464
348 2711
235 228
37 321
281 3247
210 170
79 2456
26 284
349 2412
320 1902
305 68
297 4090
7 2780
308 898
138 4420
92 1948
342 1383
336 2151
86 2297
52 1407
14 12
22 1801
253 219
235 1159
38 2426
236 2685
61 4856
61 2798
329 475
37 1390
215 3270
11 3
176 4721
355 1030
328 559
53 997
234 4238
192 2478
269 3842
85 125
15 1075
247 2856
165 211
304 875
33 1299
198 1106
75 3575
29 2138
189 315
79 3
68 872
327 562
226 3232
282 4292
313 4463
7 522
336 96
289 1038
75 3978
292 2376
283 913
239 1491
150 3267
40 1041
277 2962
356 304
62 806
14 4579
336 2955
168 1753
116 857
180 2872
33 1544
232 993
190 2322
281 1896
124 856
105 1272
192 3785
41 1474
117 3427
74 2791
33 133
201 1898
23 1077
127 4967
265 1628
295 3541
257 4256
210 4353
157 2591
43 1672
106 1788
91 1833
35 3221
349 2116
245 2292
244 2234
193 1327
306 4459
117 311
268 1721
276 2526
330 2875
33 2986
306 192
24 3734
214 1743
214 1166
166 2330
224 2681
253 762
208 4459
173 2723
146 226
10 2285
74 4025
54 1066
56 3802
136 1258
65 267
327 2537
339 1740
3 4846
302 2795
242 194
285 1020
269 4001
200 4129
129 3701
187 3937
227 641
116 2812
238 3173
22 2009
237 3763
348 4998
276 1533
25 1622
146 3110
48 1966
56 2762
346 882
218 4813
180 298
336 3996
258 3407
312 2480
88 2499
343 3691
6 4099
283 4374
74 3112
234 1097
32 4544
22 3558
93 3528
316 2851
263 2415
86 1423
151 2695
257 509
153 3465
170 4148
353 4407
88 3107
326 859
327 4400
149 860
264 1330
168 244
251 3767
178 61
143 1162
356 3737
289 1307
180 4743
161 4094
85 2465
72 4272
306 3683
259 2173
281 1636
318 4928
293 3598
253 1470
328 4212
317 4707
244 2018
47 3192
117 3993
133 879
288 4289
23 3415
311 2502
346 4182
304 3550
223 173
15 642
81 1456
331 3875
266 4905
314 2853
166 3459
244 4827
248 2484
201 718
27 3931
251 379
110 413
208 251
66 2640
305 745
126 2278
136 1204
107 4991
141 4963
331 311
190 4251
247 654
156 1769
212 1105
18 485
121 1854
200 2383
338 241
265 915
51 3514
342 2686
283 3435
222 867
45 2369
47 4255
109 4049
128 1660
334 102
130 3843
348 1925
237 3962
196 2550
349 4628
318 4543
121 2028
46 1875
106 3571
148 250
19 1497
208 4468
145 3116
180 3929
285 3140
273 3331
50 6
222 3391
86 1618
75 4652
79 1248
23 527
323 1281
14 3753
306 3070
73 324
118 2412
47 136
209 4662
60 694
14 2135
52 1856
285 947
306 373
191 3729
158 1589
172 3338
63 933
225 4946
48 4994
275 4841
7 4173
127 2094
131 579
145 2982
220 4019
334 1461
327 3377
229 269
10 2706
74 4520
9 3570
42 310
55 2993
96 30
160 2682
86 4829
306 96
11 1738
218 46
238 694
151 4355
263 467
195 3054
106 3675
348 3442
307 1830
286 1147
13 4992
208 2908
289 1686
60 3485
355 4563
156 1331
104 35
20 1015
42 3808
117 1943
100 2348
314 2217
334 2048
311 4010
185 3510
280 3491
216 4543
192 316
196 1408
352 3781
101 4458
299 994
101 4294
344 1470
344 2256
28 1993
104 921
234 1651
67 4526
272 1033
76 4039
355 2913
155 2788
31 4891
271 3234
216 1293
192 1789
21 2826
267 682
223 993
38 2759
312 4155
66 2842
285 2758
13 351
222 1366
108 1240
237 4085
229 4124
294 4397
181 164
60 241
194 4839
287 2165
60 4224
236 4825
199 3067
90 1738
133 4822
214 4966
86 4993
329 1012
344 3705
61 4774
346 1997
129 3941
199 793
264 4677
143 3129
120 252
146 3719
318 2672
339 952
151 4303
165 3979
336 2796
37 4856
42 1519
163 3455
151 313
2 1834
311 1782
56 3515
144 3311
147 4120
338 2157
332 2344
96 3894
281 4799
168 3230
247 1795
287 388
22 4866
133 475
33 376
205 14
58 2419
71 711
115 3846
286 3953
136 1803
345 3852
50 679
65 3990
196 1977
94 3022
142 2358
212 2786
254 2765
114 2571
122 4320
16 804
294 4470
286 2923
124 210
182 4903
64 2706
187 4052
257 3042
180 2449
125 4530
238 4686
341 1566
206 4376
356 3563
181 4693
119 4278
25 450
162 3585
122 4448
130 1444
261 3380
112 293
278 1685
247 2001
157 454
154 435
113 372
27 3264
107 3756
95 1405
9 3622
87 326
225 30
35 1181
200 1779
117 1582
352 2581
25 4116
347 3545
140 4219
309 2440
44 225
234 2121
298 4904
340 4688
146 3731
139 3792
205 2545
236 606
3 1992
245 4794
188 3211
339 3822
307 737
15 3333
88 2085
316 3301
120 4381
316 2419
356 2390
257 1708
139 3897
279 1112
46 2
182 1367
10 3098
53 2579
97 3236
183 2819
320 3466
26 3879
44 4043
202 2969
352 1858
17 4768
101 3916
326 1655
185 4430
244 2775
59 270
326 3820
153 4206
296 3336
190 2397
340 2329
156 4120
343 1194
170 2596
333 383
357 296
74 2565
42 3149
126 2201
184 1001
283 827
343 4574
115 933
331 3212
80 3187
152 3886
238 332
328 1271
47 3267
156 4278
49 2731
283 4022
137 674
73 1233
314 864
176 4128
20 4185
155 3387
155 2574
78 2102
194 1477
1 4090
335 3947
115 3170
218 1636
163 3225
163 1086
177 4306
75 2831
239 3936
205 4054
148 4220
163 457
248 1949
265 1837
309 4082
192 496
248 2066
288 2087
99 1917
107 1185
258 4141
356 2783
336 1308
278 2510
356 956
62 4415
245 3192
186 1632
147 581
72 4435
329 2466
51 134
68 1675
92 3095
300 2093
162 707
194 3318
318 1673
125 2995
117 3264
202 1446
147 3926
160 1968
59 155
50 2212
96 758
49 2966
350 3306
130 4720
119 260
298 4512
81 4535
287 2311
174 2975
48 975
288 2364
253 2775
101 3981
205 806
171 4776
141 1360
343 3082
193 1687
316 1838
1 4885
344 862
219 2378
32 2363
121 940
10 3158
186 163
24 2423
123 4392
29 586
150 1462
155 4982
179 4921
147 1574
220 2996
235 2389
256 4283
56 522
341 2609
96 149
203 3980
339 2904
46 3083
7 3429
17 888
322 1063
139 4514
146 3231
245 3850
195 2943
304 3961
141 349
185 999
240 4061
112 1632
