538 538
259 4908
46 3643
32 326
158 861
28 2899
235 4194
39 483
163 2464
228 3012
121 1273
114 3703
250 4545
248 2326
261 2654
22 1241
29 2024
261 4696
192 4348
114 1583
97 3033
267 1220
141 2625
122 257
238 2185
181 1644
155 2581
189 2118
260 2263
240 2513
150 4589
166 2737
235 1767
72 3959
220 2835
185 4319
103 3780
258 1847
90 1220
179 3161
104 1723
2 4848
95 701
105 2739
1 3439
112 2722
42 3642
189 124
206 2841
122 4601
236 3404
263 4404
133 4544
31 3279
215 2968
65 1140
46 1527
173 4267
225 16
155 376
263 2367
180 3751
70 4319
205 954
125 5
37 4662
69 2635
77 2712
242 2659
133 1128
38 1
60 1497
5 311
99 3847
12 4948
6 33
125 4828
232 4992
246 2290
107 1230
70 3929
210 415
206 161
127 870
218 535
61 1820
238 4444
47 4871
258 2251
46 4921
102 591
139 4979
212 4414
157 1213
81 3219
111 1368
36 2533
49 2243
51 4972
228 2718
230 3473
159 4587
63 639
61 2076
1 3909
122 2544
69 365
106 2904
176 2561
38 2597
83 4177
246 1234
155 4593
60 1520
66 1212
141 2011
6 2212
116 1236
220 1038
119 2278
222 4093
70 1880
7 99
152 906
105 184
259 4824
74 2954
203 3840
28 3923
12 860
231 2797
95 1646
254 2570
116 3950
127 1496
268 1074
68 3213
173 2937
250 3561
99 4664
258 3668
79 3663
191 2393
49 2333
257 1265
215 2544
260 3127
41 4419
246 753
31 3867
174 1951
199 236
144 563
69 1361
189 4993
153 3365
3 3198
193 2756
194 2112
128 2478
128 1764
98 1756
85 1129
121 2652
133 2354
123 4604
190 1598
247 2277
41 2444
164 3817
144 4525
257 2454
47 4130
159 187
4 2634
29 3718
39 4166
67 3195
187 3784
229 927
217 4434
125 742
197 2492
254 3204
128 574
63 2987
265 1525
2 2072
47 1265
84 1046
107 1229
189 1425
18 3088
200 4479
122 1622
77 475
17 4914
257 3820
20 319
134 2184
35 2853
141 3745
232 4136
119 2031
15 208
138 1359
76 1334
157 4556
243 1232
230 461
78 827
63 4810
19 4629
198 2884
115 386
141 1937
126 324
19 4278
261 4433
56 3552
30 3053
18 4713
52 4153
248 4375
188 3847
73 2433
240 1914
231 372
121 194
115 3834
46 4626
145 624
223 2068
147 3658
68 3575
164 1772
34 2341
79 3157
191 703
146 1170
87 4441
164 2943
100 4940
80 4129
237 4541
29 3700
21 1247
157 157
267 4799
268 508
200 3417
225 2370
71 3847
259 2730
100 2028
68 3401
32 1849
217 3157
156 2059
171 4549
156 4856
241 3223
247 4143
193 3438
103 4237
110 2055
136 3629
219 1719
266 1199
187 4118
77 39
71 4923
155 3226
23 2332
153 1542
128 889
267 1152
69 4803
13 811
223 304
142 4922
147 1379
172 1043
264 3808
5 1890
250 915
240 3323
47 2417
109 3833
17 4954
142 1166
197 4514
7 2243
156 3515
152 1460
51 3928
99 1981
67 1809
157 691
5 1810
267 4330
106 4352
100 371
80 1051
30 4875
24 1929
1 3459
174 2521
256 4650
172 4079
211 2924
121 850
242 1156
48 417
204 3164
61 1851
148 567
16 1043
42 499
136 2742
58 1156
252 4722
246 3658
135 827
192 2088
163 3767
220 3568
131 3675
117 3848
71 4802
159 399
51 750
246 4182
62 22
63 852
11 3757
267 16
147 2077
88 1235
229 3617
205 4622
192 4279
163 4975
97 1455
221 553
225 3200
241 4818
251 3565
221 2378
58 4457
61 2114
182 2875
2 2755
216 759
195 4739
60 725
222 4476
190 2632
232 887
65 2038
105 4715
28 4337
39 2279
54 337
191 4173
154 4676
109 945
163 2240
76 778
128 1499
246 3744
59 4979
265 681
96 187
254 1982
29 3080
138 2904
84 3645
143 4590
52 507
204 4550
228 4567
49 1706
164 1559
27 4276
115 4790
203 3822
128 1998
36 3865
247 3101
71 3253
94 1538
142 985
123 3809
93 3566
20 472
246 4641
14 923
40 221
115 1662
165 72
256 315
94 872
235 4426
34 188
97 3487
99 2866
251 2605
43 4030
231 3803
72 3013
9 3734
73 3731
48 1490
157 1638
203 1574
111 2450
149 679
170 4357
220 1678
1 3735
169 115
215 3073
59 2840
68 1183
168 2326
71 3914
55 1261
268 223
22 1639
63 4166
184 2949
139 4999
17 314
158 3300
100 2437
162 3097
33 3600
52 4576
66 2367
203 2883
100 4873
12 1816
99 4290
105 1587
98 1732
256 3575
141 4380
46 4166
143 133
142 3621
43 4590
148 4350
242 3360
103 4436
100 2954
194 3358
83 754
81 3487
44 429
228 1789
247 3083
229 4030
49 3485
126 96
258 1055
170 1770
200 2676
199 2009
172 229
173 3783
54 4505
22 1812
248 677
207 759
141 850
65 4438
93 2877
73 751
144 2605
59 2021
10 249
166 3738
178 3598
27 2933
210 2588
255 1176
53 3755
97 4342
18 3032
169 3566
4 344
162 1888
229 121
40 3984
10 793
55 678
231 4999
83 3688
7 842
75 1730
42 1359
95 1840
200 4527
223 3807
243 2018
33 2970
20 506
265 3599
255 3330
56 1220
44 802
43 244
140 3623
77 1736
159 3273
69 1768
143 2514
145 1507
136 4507
82 1197
176 445
19 1892
224 1621
46 2123
126 4509
129 4519
266 583
159 3821
152 748
173 1074
79 1031
21 2156
261 4681
248 1567
3 4687
69 3533
209 1141
206 3415
