102 102
48 4481
34 304
17 2877
20 2912
7 2373
3 4964
18 4740
13 3865
43 2816
13 3003
13 2043
44 2531
11 1236
43 4018
14 2317
26 4095
12 2481
25 927
8 3620
50 3326
45 942
27 3539
25 810
46 934
4 2632
29 1850
25 3135
17 3287
28 4302
24 4497
27 3031
6 1356
5 4793
48 3504
23 373
17 1222
42 3298
48 3981
40 1720
19 425
20 3639
50 292
28 4683
30 3924
13 3904
18 89
30 4029
10 2494
47 3311
16 3825
15 3700
33 967
36 4349
46 3275
10 1077
46 4391
26 1434
32 2001
46 2944
11 710
38 1932
33 3709
46 3161
39 111
4 3201
13 4409
45 3454
50 3782
21 295
34 3316
22 771
31 2370
42 2715
10 1932
24 4758
35 1756
37 3843
6 1029
2 1208
24 1285
38 4813
1 3507
36 4926
37 3371
21 645
17 4803
36 4973
12 2561
13 4287
40 1494
48 1151
15 4038
1 777
23 4153
49 2065
4 3461
36 4237
30 2524
2 4603
7 3183
13 563
18 2094
