806 806
322 3657
176 4450
77 225
195 2898
320 4563
71 3800
61 1818
392 3578
175 4555
195 3585
129 92
303 1975
45 4356
102 4151
242 3359
402 3785
24 3046
28 1822
376 1462
319 458
47 3856
252 1662
119 4160
67 1968
22 4593
74 3429
8 4705
47 1278
50 2476
270 4622
176 3083
50 2153
181 4183
236 3087
80 559
187 2464
101 12
160 2290
200 3271
150 4565
162 2469
331 4085
328 2318
11 1949
329 4274
364 2357
172 1651
292 2245
312 4100
154 3574
144 4686
148 2217
74 1053
281 182
356 881
198 3436
231 4838
328 2167
196 1306
300 3479
286 1564
341 4492
327 3998
383 4411
184 4623
339 4681
170 4595
117 1198
361 4604
182 1249
154 1882
308 3605
355 100
191 278
238 1927
22 3745
129 1962
214 1293
140 2644
363 4624
126 377
167 3928
101 3229
306 3766
123 328
159 4584
387 2838
164 3613
184 4168
262 4641
335 2876
246 1886
3 340
14 1949
1 246
401 4488
217 449
397 1153
248 1917
362 1763
15 1004
170 4435
306 4047
11 4506
223 1943
235 4910
227 1162
138 3658
20 1181
127 1158
290 3841
104 1756
179 1779
76 106
269 402
236 377
26 4353
118 2857
277 445
27 3834
261 440
157 2722
47 4012
127 1669
214 1444
86 2453
17 3877
188 1628
29 2226
256 1346
195 2387
389 364
290 2957
27 1750
36 2435
109 4924
160 64
58 4807
36 2477
218 3782
394 3049
300 293
329 4158
171 390
354 266
2 3327
63 543
284 4834
76 1965
97 3277
299 511
16 507
162 3682
66 1782
114 3956
213 1859
280 3520
216 4017
118 2455
218 1208
85 4541
323 1989
167 3323
74 611
292 1020
121 4349
142 4135
146 1676
11 2102
268 2845
208 1336
175 2462
379 47
389 3091
203 3428
98 4418
212 2904
377 3546
291 3061
338 2641
391 4080
257 4151
313 1820
106 4888
61 445
236 2941
303 3826
174 4904
295 304
53 2895
338 1387
94 1334
233 2529
323 3256
95 2726
187 3078
85 2540
338 1766
5 406
276 1028
60 815
393 2634
65 4333
143 2172
247 3388
117 4792
154 348
360 4570
193 3458
301 637
290 3970
339 4507
146 2918
241 911
259 4085
332 2154
355 777
122 3083
362 2238
106 4665
29 1768
396 1442
62 3118
13 3125
166 2754
160 3904
283 842
5 1915
375 4092
124 4436
315 131
392 1867
85 1822
335 1329
296 2867
124 1442
55 4069
24 898
236 3190
287 3361
263 4996
291 3360
310 4082
59 620
301 1202
65 2304
233 2879
378 4358
292 4431
157 1929
38 2263
113 4186
250 3335
362 3072
179 2445
383 3201
301 4578
332 2654
20 4929
60 1694
58 2677
213 3099
36 4578
183 1785
10 2375
9 551
12 3091
34 3907
398 1292
363 2542
294 2732
307 3192
70 4271
396 3441
76 1897
57 3723
216 3013
311 517
321 573
229 1491
69 192
347 243
243 2828
300 527
391 3216
358 3539
144 3310
393 3020
328 4936
252 3310
50 2291
301 2556
384 2782
96 1958
73 4848
201 3656
155 536
217 3602
296 2567
218 2704
318 2645
365 3769
195 4972
158 2937
387 491
347 4801
194 3495
64 3107
325 1016
91 760
282 2763
357 4941
322 4936
157 3103
46 897
335 2487
240 1120
67 3762
92 3010
147 3052
281 1432
256 1464
20 1893
239 2797
208 420
273 2589
295 286
51 130
337 3281
395 3355
126 2864
6 2649
48 1992
155 2403
110 3056
209 1959
36 288
188 348
379 2865
205 4170
154 3509
275 612
334 2043
293 4950
110 3856
167 367
228 4803
387 4804
220 2761
94 1453
398 2607
272 49
229 4906
316 3869
200 1713
362 4639
15 3483
324 2423
91 213
324 106
151 1619
105 1122
40 2193
6 4227
306 20
154 4642
144 2401
271 1775
311 1658
124 3599
249 2365
307 386
170 3644
165 3363
315 4223
271 780
362 212
207 2375
20 2709
139 400
121 483
385 2770
32 2113
235 3074
348 510
378 169
337 583
124 2870
92 3537
261 1893
106 532
82 3136
5 2905
267 2835
59 4787
260 4262
260 418
307 3854
121 3934
345 3283
104 4980
139 2355
11 1086
216 523
341 4307
240 3932
206 1547
135 4825
62 3361
159 3110
96 3245
202 358
389 3973
194 2059
25 694
119 4112
10 620
401 3907
86 1089
107 745
339 4986
372 2697
159 2569
199 3628
253 199
148 2887
108 3884
393 4459
401 4058
264 1215
110 1899
226 3669
352 4909
228 3990
59 2631
243 441
133 1750
348 4921
84 1628
196 3834
188 4098
200 4839
311 4355
57 1106
66 3792
87 3112
7 3651
207 2480
335 4940
213 3420
187 2718
19 1942
381 1614
72 4343
88 476
142 527
148 1836
379 4860
121 4801
111 3557
220 1796
331 3240
8 3046
379 4383
27 3278
296 3244
210 2079
119 220
188 3026
59 1413
255 2148
391 3332
208 4419
232 4596
401 2030
384 786
277 2894
216 4647
214 4095
224 2330
313 4062
224 736
47 1474
229 742
345 2469
13 1200
207 1727
333 1058
104 330
90 1088
288 466
157 1278
164 3474
194 1532
29 4350
216 429
136 1325
13 1522
368 350
253 3276
116 2531
280 4192
21 2483
143 934
307 1833
250 4362
197 618
357 3915
200 2595
48 2742
335 481
60 4483
179 3399
286 262
161 634
24 145
306 2985
33 1421
290 2257
296 1445
89 4480
23 3265
341 1885
258 4026
317 368
130 3553
50 2747
55 4974
386 4117
334 1609
117 1387
64 1529
302 698
17 3254
316 625
290 4867
287 1257
13 2594
122 3365
366 3923
224 2957
356 4291
66 1433
302 2656
378 2055
80 1390
134 4790
107 3140
64 548
353 1791
300 1234
376 2622
289 936
133 2287
196 4176
60 1366
263 1358
250 3685
59 3814
101 605
24 913
324 1290
359 4878
255 1771
221 3128
170 1315
263 4910
164 2198
382 1400
17 1237
7 4219
199 675
280 1042
402 1936
178 2254
67 947
4 2607
200 4106
91 3025
324 1238
391 4569
148 1316
55 465
271 548
98 3188
265 4933
291 3782
213 2267
227 4307
332 2305
337 4685
374 872
203 4301
63 3375
337 93
275 2385
107 336
156 166
322 451
118 4184
312 2640
156 4312
186 3742
79 4751
307 52
82 3308
61 1817
66 3264
102 2090
309 2714
93 213
201 1568
324 281
379 1601
364 3554
58 4524
402 1924
207 1789
124 1294
152 968
334 3348
72 1439
331 3238
344 3300
35 960
65 3876
157 3478
337 4231
310 1011
199 2475
163 2168
166 3177
56 2980
33 3008
343 4494
201 2601
331 1212
69 1687
322 842
163 1539
255 737
213 2536
237 185
140 4429
28 1337
258 557
300 4805
311 999
244 3246
149 1853
365 121
302 515
240 3378
38 4663
250 1752
222 1442
274 2388
26 834
99 4000
204 62
192 472
26 3555
222 4279
145 4872
164 4764
130 390
96 4485
75 2788
125 2748
375 1582
241 3597
314 805
125 3328
363 4111
254 3875
27 2702
386 1243
290 4729
14 1869
354 3791
333 3850
2 4174
215 3785
290 1286
82 4682
136 2078
229 812
14 4929
132 3055
13 3200
27 1232
188 2268
26 655
246 4374
394 3253
58 700
285 1625
313 402
291 135
155 1971
294 2359
228 4682
356 1470
126 4317
92 3924
49 915
402 1255
364 3563
220 4388
314 2928
351 4199
267 1355
268 3616
98 1608
377 360
318 4526
207 1968
20 1269
328 3068
300 2122
268 1104
249 2528
66 1261
1 4059
167 243
179 2550
377 3489
365 161
34 4400
97 3708
233 1204
85 4735
242 4592
240 1466
317 3719
396 3518
322 4826
245 1508
235 902
272 1113
186 4395
245 191
63 2606
362 4919
224 2691
328 295
190 2124
300 3517
293 4868
381 2561
215 1082
351 4784
257 341
32 2481
356 3548
48 348
352 3632
53 2739
230 2874
139 3819
182 1150
327 1264
260 3909
184 4160
6 4060
285 2511
205 3439
43 1910
96 1189
255 4636
2 1755
109 3530
2 4753
241 4304
244 1007
241 2561
355 4756
84 4088
353 938
301 1457
239 4486
288 3271
275 2092
259 4739
347 577
277 3616
185 2374
18 4418
400 113
65 1343
282 4536
206 4309
359 1664
272 3882
170 501
60 1062
162 4532
329 4991
201 3832
287 1883
292 2300
149 1739
33 2462
338 1427
334 2239
60 1761
