798 798
323 1451
300 714
121 4557
368 673
297 1198
34 4329
158 1368
312 4657
128 2268
264 3102
63 48
123 2541
276 3567
336 492
228 75
11 2063
382 460
174 2832
272 2009
303 4384
180 3704
324 1215
89 992
81 3779
296 718
4 702
91 4942
116 2094
22 162
313 2938
244 4668
62 2954
180 3616
193 2951
134 1456
94 3201
296 1685
365 2437
216 2658
60 734
318 2988
110 1449
46 2121
200 1331
339 3295
291 2240
226 4412
160 2488
337 1381
260 4580
131 2562
202 2734
51 2735
266 353
383 918
271 4290
64 3462
10 1844
328 2112
131 2870
301 710
60 1919
137 3073
30 2557
13 1114
53 3686
291 2498
283 2870
302 3972
29 3753
43 3043
29 968
23 1772
137 2921
267 4053
23 236
226 3742
245 1800
216 2451
204 1311
188 3820
258 697
174 2653
95 2135
326 2936
106 876
47 3008
340 327
312 3650
60 197
176 1258
252 3691
248 2518
122 4482
129 2564
382 987
363 1190
271 4373
286 4
300 662
70 2847
369 3521
75 70
51 3276
126 419
230 2656
337 4990
68 2909
198 438
215 690
396 3341
394 2171
33 818
18 326
290 2295
208 2701
39 297
162 1676
90 1442
224 1149
340 3018
374 4202
269 3973
41 4186
389 2467
69 1408
199 996
98 2742
376 4020
380 1249
362 726
357 4931
316 2397
180 1923
196 3035
15 2938
285 1398
46 3295
142 701
376 2323
389 4450
307 3769
258 2644
326 667
353 641
9 3067
248 4653
285 3498
279 4564
69 2359
235 2809
71 1310
258 4767
5 37
51 4132
14 4415
135 3705
139 534
232 1959
85 3856
153 2152
12 1979
207 2847
189 191
150 534
190 3184
182 19
305 2491
135 4249
72 880
143 3499
14 2610
154 2865
87 308
392 1816
248 4025
393 3125
300 2476
14 2584
315 364
272 666
164 905
388 2577
265 3676
40 744
91 2604
144 1511
106 3117
66 2513
60 3994
122 1147
29 2374
71 14
243 2310
372 1425
291 2924
217 1480
53 4940
260 3236
269 2449
71 3460
387 1220
270 2013
232 2645
292 2406
310 4424
117 325
366 4501
198 1730
293 4671
233 309
344 1824
87 484
388 2950
179 1512
367 1811
340 4895
301 2010
35 734
268 3535
317 883
42 1395
398 2076
114 958
130 2068
94 2181
363 1485
222 3770
155 3546
383 2070
349 1853
357 1943
87 2345
334 1962
393 3256
114 422
62 711
322 2028
266 1306
361 161
245 815
243 3337
246 3708
280 1607
181 180
13 3861
308 4489
86 2175
267 4557
206 2366
29 2877
390 2381
327 4949
330 4521
228 3909
287 85
360 3185
36 2020
367 2759
115 1793
26 2423
275 4179
39 2424
350 4635
396 464
334 2405
282 2396
50 4676
102 2795
60 4883
170 3299
328 676
105 2744
394 989
44 1602
155 575
328 2198
81 2868
85 4380
140 4299
51 534
372 3787
107 4617
57 1061
371 2200
263 3956
318 4419
22 1748
303 1809
367 3264
268 3241
112 719
183 3932
133 560
393 1891
56 481
47 3751
375 4355
77 1980
18 2200
57 1523
60 4377
70 3892
352 2950
362 3411
302 3464
218 1337
234 256
340 4913
329 3240
373 95
152 103
340 2657
294 2332
307 503
87 4400
380 2586
313 3170
281 777
42 2123
315 1373
58 2460
346 939
259 4285
214 4445
65 886
9 2175
142 3736
115 1020
148 1358
359 300
194 1071
290 3391
52 78
156 3266
373 3638
99 3180
311 3024
218 470
303 3796
307 1515
153 4598
242 4131
172 3772
259 4584
295 4222
372 1915
397 1922
355 4418
367 1782
222 3361
162 1403
248 942
114 3850
19 3665
394 3021
148 4052
153 2830
3 2871
308 766
33 2589
284 99
2 524
342 614
179 3820
8 3796
98 2475
233 4966
366 1195
240 2843
295 4453
285 1036
248 2612
75 508
363 2993
149 49
128 3809
291 863
152 632
134 331
264 2237
337 3962
370 4753
373 1856
297 3384
208 603
123 1407
237 4585
286 971
162 666
195 747
375 171
386 4735
68 4305
270 3063
227 1322
140 3343
251 2078
154 3731
95 1112
216 3822
276 1392
49 3545
68 1530
296 2676
349 986
145 188
195 1672
208 1991
154 4661
82 2115
70 4424
150 3823
285 2607
276 3685
14 120
193 31
228 1660
246 1687
105 2433
216 845
343 3393
110 4914
250 4882
56 4716
158 4268
85 1148
117 1768
183 3578
226 3309
63 1830
297 2195
88 3031
267 2502
246 2072
159 2887
346 4923
184 1631
60 2789
281 4754
120 4670
17 4628
151 162
318 990
83 3459
398 3757
195 3349
72 244
320 3125
58 638
337 3099
23 4568
24 3677
245 1992
295 1730
376 1276
107 1994
149 4031
167 2797
338 1473
269 1591
270 1439
239 3859
188 2736
191 4553
111 2098
280 1786
322 1913
52 1422
337 1313
155 1130
55 98
194 4713
21 1036
200 767
396 4204
255 3821
137 1510
384 4043
323 2435
242 4802
355 3225
11 4271
157 2926
371 1450
286 3055
14 831
19 2474
196 792
171 1768
119 1017
176 4522
182 1081
299 2057
297 3241
220 1939
395 2159
1 363
213 512
192 3335
256 1666
383 3443
53 3634
202 295
125 2615
323 1602
9 3792
211 3460
215 3940
380 3855
124 638
302 798
338 1423
281 1275
195 2270
263 3787
373 4273
155 3441
19 2426
187 2402
15 3712
314 3723
353 3611
81 1039
378 4365
256 2681
296 2525
321 4961
20 3233
339 1205
389 637
269 710
218 4101
36 481
245 2708
304 1772
122 4148
227 1866
124 2254
80 134
95 3662
282 355
178 3221
58 450
121 468
70 849
304 3044
282 2628
300 3216
265 4907
78 1395
213 616
247 4834
81 4779
370 2767
189 1779
384 49
157 2559
166 1719
390 221
248 1528
4 339
81 1298
218 991
45 508
16 3460
214 4851
314 1748
201 1679
223 4921
102 1674
21 1332
170 4489
119 4457
214 3876
345 4087
245 484
297 1812
144 620
97 4944
143 3710
154 2860
241 3402
102 4537
285 3895
255 4021
59 345
269 3767
160 3342
287 4546
28 2717
205 4105
110 807
43 4048
364 2591
89 924
18 4790
205 1218
383 401
369 590
278 2235
214 1730
92 62
361 4868
332 364
275 3169
106 1612
78 1719
121 141
11 1201
217 1129
43 2223
185 701
337 3741
274 2818
220 1233
191 3681
188 2531
207 2399
309 1683
257 3171
252 3070
25 1687
312 915
169 4121
204 4149
106 3036
244 1259
153 3605
306 29
246 504
39 3311
354 582
227 2579
227 2607
207 1213
73 644
124 2796
44 886
17 1808
143 1628
155 2799
254 4022
254 3536
233 1331
130 3884
68 4029
326 1785
141 1356
165 1213
124 4575
289 3267
18 2499
35 1702
174 2235
86 1985
340 635
212 1940
168 4321
227 2378
28 702
301 1823
157 3441
45 2104
368 4125
87 4812
224 594
202 437
231 3539
100 1607
145 3285
35 3492
313 964
259 3594
35 3893
99 291
355 2958
354 3312
348 94
243 3928
292 2115
91 4149
294 3375
220 3217
309 3374
197 4134
345 533
107 2894
180 3778
115 179
225 2580
158 2466
91 3697
391 2398
125 2026
159 1191
216 1169
232 3708
114 2239
394 3025
34 3808
174 2654
245 1500
159 833
386 4110
85 4117
371 3355
377 4093
198 3674
123 4466
28 4767
336 4982
260 4767
298 71
369 833
48 398
40 1378
229 3842
204 942
204 924
356 2640
319 3655
53 936
378 2062
353 2664
376 3252
64 34
138 4139
29 4764
191 823
110 4680
235 3482
278 2837
250 4762
76 3980
99 3517
318 1990
113 1789
396 3487
130 4206
21 1053
12 2261
240 430
140 3130
49 3908
221 1225
298 3037
293 1996
327 4980
356 1239
166 1424
280 139
203 3150
370 2992
233 2292
6 4494
370 761
10 2111
317 686
215 1386
254 1691
176 1847
372 2270
213 1956
196 415
176 4186
135 2750
63 1330
92 2664
378 1585
310 4367
333 2781
334 780
336 479
74 462
52 4116
133 4575
28 1420
230 3669
49 4715
163 2542
94 894
267 1664
380 4479
36 3964
205 316
128 3197
38 2324
11 2626
3 2760
267 3344
129 2331
92 4522
122 3580
357 1736
394 2479
64 4306
231 2829
