192 192
72 966
86 2971
84 2739
82 2071
4 2362
35 3951
73 3790
84 1558
87 1678
11 3582
26 4376
17 2095
36 4686
90 909
23 2503
58 1647
21 79
80 3722
86 4567
40 4718
58 4201
74 1282
62 340
55 4517
17 2776
91 367
87 254
34 811
1 4216
9 2570
10 17
31 479
2 1063
46 325
75 2760
12 1321
22 798
40 4921
66 2475
89 3614
39 64
10 2979
92 3165
52 4722
11 1405
65 3927
95 2218
28 1496
76 4791
45 3754
73 2924
24 2380
26 1406
43 973
37 4037
71 2922
20 3149
33 4517
65 4862
84 3606
63 1235
43 4701
88 2010
25 3732
23 3860
4 1380
67 626
41 4590
13 1123
18 4459
36 459
27 481
71 4814
49 1304
1 3036
62 1674
8 3563
88 4040
93 2551
19 582
28 4470
78 2351
92 4331
43 1621
38 131
32 3364
48 408
18 179
49 716
42 1091
23 2889
1 3076
62 2092
41 213
80 1821
47 376
56 2401
54 2464
26 2341
89 2008
11 3809
77 2289
36 4998
83 1195
41 4070
77 3038
20 4532
92 4598
59 2679
23 1287
9 793
71 4214
40 4966
57 1667
68 3397
24 3954
3 3656
45 1968
81 1441
69 448
46 2597
38 2140
47 2406
3 3512
27 4824
93 3827
63 4245
67 3868
7 1143
60 1167
76 360
22 4186
51 3903
75 3775
27 1605
58 578
58 2621
39 1549
65 4780
31 4893
83 4098
45 4008
9 57
26 2289
76 3661
21 2663
6 971
14 4181
17 2196
39 3286
60 4827
38 4181
58 3172
17 4801
51 2819
22 1673
60 848
48 4407
94 1123
89 1426
56 3338
7 1271
25 906
80 2399
68 810
68 1120
69 4574
46 3789
20 2440
88 800
1 2195
50 3579
74 3590
18 2201
82 1553
63 1167
14 1607
10 2874
8 1674
80 2407
77 3608
16 441
43 2352
7 2162
49 4086
84 454
51 3459
27 3700
1 397
81 3834
61 4710
42 2456
