240 240
89 803
48 2868
51 2063
88 453
54 1385
96 2296
116 1346
70 4833
85 883
100 4653
7 2481
99 4045
105 684
67 4684
29 4938
24 3036
46 4122
23 1780
56 2593
30 2656
73 631
11 2222
97 4954
7 3099
98 3730
92 2391
97 1599
19 4580
38 2104
72 3908
57 2522
62 86
54 4870
68 4907
47 322
31 416
29 2452
111 3081
32 1800
35 1202
99 505
31 3670
49 2025
119 444
112 3822
103 4471
67 780
42 3084
88 2583
111 819
14 123
117 3805
45 1563
90 4889
76 4270
16 2903
5 2638
75 4149
108 179
6 3411
53 4206
76 3686
5 16
37 3946
55 3085
10 3535
35 2955
76 1211
26 1194
58 3387
76 4096
59 4187
67 310
82 3025
25 1632
49 2020
70 4207
26 4525
19 1911
46 3364
82 2025
5 499
9 1630
112 2510
72 373
61 1281
7 2949
50 2438
55 3085
109 1235
81 29
71 1715
109 154
46 1031
110 587
27 1244
73 10
12 213
42 367
65 1174
79 3607
88 4709
38 4425
29 4257
35 1829
20 367
43 1338
116 4884
106 2025
114 978
57 4362
114 1143
29 301
99 4344
10 4342
93 3237
59 4194
74 3318
14 617
106 1109
117 201
92 1276
58 4276
36 1112
84 4825
84 633
28 4747
1 1986
18 3306
96 235
96 1204
11 3840
58 4517
17 4495
99 3295
113 3933
55 424
47 477
111 4753
116 3730
28 2098
97 2019
85 2978
5 2473
83 346
100 1318
85 603
30 668
119 2161
25 3118
79 2724
10 3604
52 2270
40 2994
85 3302
90 505
100 3323
44 791
3 594
54 1541
89 4
78 1364
42 4839
115 2328
48 4425
100 2798
63 163
27 2141
37 1234
89 1285
32 691
112 2831
117 4520
112 3960
91 852
107 1157
44 4016
17 2770
11 2439
6 4530
27 3876
80 2709
3 4591
60 1181
91 4313
8 1465
23 3467
35 2532
9 2977
102 615
24 2526
56 2153
82 3346
21 2300
62 3809
98 4832
95 4844
88 2906
78 3844
55 542
86 2855
111 1736
116 349
67 3590
103 4586
119 1138
75 2896
40 3958
25 2851
22 3105
89 1290
66 3830
58 4990
22 910
5 4872
35 4814
16 54
105 1938
116 2144
81 1840
89 1078
56 2040
25 4409
119 4484
37 4340
90 4388
115 758
71 4945
36 4046
85 3229
76 4853
27 432
29 273
75 2126
77 1721
70 2032
109 1663
90 3890
57 3995
21 3286
