679 679
152 1969
60 3314
104 4134
236 1020
151 1107
296 284
26 4576
25 1172
243 4065
240 2713
327 415
268 1520
315 62
123 437
92 1127
229 4540
113 624
174 963
5 3166
336 2561
184 1792
245 2865
280 1412
242 4889
257 4688
311 34
275 4420
27 4092
236 4656
153 971
85 1456
96 1018
288 3476
75 2103
50 34
270 2312
11 712
317 983
157 3717
182 4898
197 3768
94 2138
141 960
305 14
162 2275
3 4608
133 1910
208 4601
217 1545
28 87
30 3774
119 1972
274 4627
317 2394
184 3244
111 237
8 2503
223 1416
257 718
228 1314
40 1630
171 903
115 2383
64 332
147 2002
20 3052
33 776
151 4373
168 4411
246 683
75 3117
38 4642
201 4516
59 2231
333 1743
115 423
30 2903
323 4459
233 604
214 3075
169 2351
235 2294
183 2115
1 3519
120 2350
190 453
101 2105
74 1811
301 2855
32 3409
279 1840
131 1357
92 2398
237 642
117 4359
155 3304
176 4698
111 2384
316 4459
331 3856
336 2222
172 1326
279 2417
138 1133
261 4913
224 2119
37 1039
180 740
259 1282
298 1264
280 3942
83 2084
26 1728
80 4301
164 314
196 874
308 4758
89 3859
128 4794
203 3202
179 2073
283 3455
292 2261
338 3636
92 1508
293 2951
255 4901
226 64
51 750
249 2312
228 2151
193 3048
136 116
195 950
184 1733
125 3532
91 1423
257 4197
337 2053
95 4590
21 564
57 2517
67 3342
135 3887
224 1012
147 314
9 4785
149 2598
330 4587
66 1235
254 3479
157 1828
338 855
7 239
209 3382
58 697
62 3976
217 2835
15 1455
30 3862
215 1100
142 1313
338 4933
81 1373
10 342
89 485
218 2960
334 4674
92 1846
114 4057
337 1712
277 3507
122 2977
277 3288
212 2754
185 3748
11 1009
315 2759
158 1471
264 241
123 4319
151 2991
65 293
230 3945
288 2166
168 1486
84 8
273 1204
11 2497
52 3442
290 863
320 4482
40 1679
182 4821
19 2576
51 1275
281 1799
68 2644
213 875
109 2108
225 1260
74 1078
188 4461
222 722
264 427
292 2436
195 4241
172 3481
318 2965
113 4179
147 2360
255 1654
172 2393
163 583
194 3764
145 4932
61 3726
265 2268
291 4310
147 188
113 3085
218 1502
284 707
48 1862
321 3826
121 1040
324 2936
271 2054
258 1903
88 450
27 4176
69 4884
153 4716
275 1483
250 2095
219 1121
97 3254
294 3831
92 3974
244 3568
1 982
317 3249
86 3216
231 4194
241 4019
85 1841
187 2728
188 257
17 3054
40 1224
303 2628
48 278
306 534
288 2226
66 27
154 2487
182 3780
141 3387
272 2407
337 1690
339 1539
269 3727
329 2332
223 201
126 4420
169 841
296 3797
258 291
81 1294
211 4179
148 652
259 3901
234 4494
240 2655
251 3940
154 24
108 2631
18 2659
294 4439
281 1413
88 3616
333 2169
88 3291
211 2976
141 63
120 2427
210 1956
34 2713
134 2093
194 278
89 3958
211 4505
109 2944
249 4799
28 138
237 3865
123 3763
240 2975
182 750
298 1188
62 3018
253 2178
52 1639
334 1789
257 1675
87 239
99 3775
151 4568
176 1407
243 2623
304 11
334 1968
42 2632
145 3692
262 234
18 2795
63 1689
118 974
155 1340
310 4927
69 1493
90 565
217 895
155 717
51 175
94 1606
207 146
15 3739
173 686
58 3705
57 4960
301 360
249 3843
304 4267
14 2127
327 1567
20 760
204 4235
173 4156
75 1384
255 448
13 2318
293 1633
150 176
146 4957
97 2015
129 4395
15 717
9 2166
232 4735
34 166
24 419
279 3009
259 3477
28 2005
172 3521
113 3413
310 4286
163 3776
44 1323
38 1232
25 52
79 724
101 2779
191 3645
180 3187
177 4914
80 915
183 1272
154 3240
209 1124
174 971
175 4328
41 2806
333 3718
48 3162
166 3426
107 1515
328 4924
134 430
149 490
294 1372
202 565
72 2864
308 303
289 4224
67 895
5 728
91 33
65 4987
279 4774
328 4131
42 3276
164 4937
14 662
210 3579
10 1531
140 4307
283 4887
301 4696
177 4232
252 2415
316 1973
186 815
296 4865
260 1755
113 40
292 4177
77 724
168 787
254 3970
7 955
322 621
312 665
106 2097
253 2379
283 350
171 2533
313 715
175 838
307 4436
194 192
156 1944
194 2443
25 1047
317 4691
33 4267
84 2223
134 4946
43 2901
193 4060
203 3625
300 470
199 3366
77 3522
177 3999
170 377
301 1497
295 2547
332 4723
229 4204
189 4734
97 294
130 1678
173 3076
279 3407
83 41
309 2293
174 522
214 233
234 4876
328 1291
259 3096
29 4370
334 2569
212 1847
176 4240
140 1592
91 1908
97 3452
176 4503
330 2578
235 141
285 1356
102 4084
98 1493
31 1587
292 1958
291 3003
312 3445
37 2777
102 4939
327 4628
210 4286
73 2993
277 1515
3 756
49 916
260 262
84 1998
262 2393
142 4514
225 4022
112 3363
19 2393
117 2528
339 1412
2 3603
254 2744
182 3007
16 4079
74 1147
46 2794
252 2634
195 856
60 1969
283 319
65 488
230 3549
74 3149
25 1120
209 767
257 4421
212 4001
6 4483
16 686
255 3867
304 4162
292 4702
83 1002
99 4417
230 4681
320 3013
232 3381
157 4156
56 1602
285 3472
187 4036
280 1481
308 4558
244 264
169 1105
59 2725
316 4102
196 2922
14 4087
276 4857
102 3059
283 4885
39 70
51 2582
166 1857
299 871
208 3337
69 4621
169 3608
333 824
16 2161
244 3448
40 3707
286 3039
68 1611
301 3276
126 3412
136 1919
186 4818
226 2397
82 2058
180 3020
262 2994
254 859
258 2030
65 526
53 4383
166 4453
62 4432
29 790
133 111
312 2014
27 3347
282 2407
49 4331
228 3713
7 821
320 527
5 2627
325 1941
284 93
285 3751
211 4340
10 3488
44 2179
197 4666
78 2281
293 2922
208 4498
269 3974
54 4347
84 293
331 4111
282 2797
303 2730
1 1235
217 4121
140 4852
54 2044
311 3921
50 2389
291 3644
172 4174
155 3195
129 4109
284 2261
181 1231
269 2065
22 1490
31 1682
180 2079
324 43
126 3306
96 3783
244 4152
296 4979
13 3102
170 2651
303 3643
45 1726
322 2164
113 1028
326 2487
242 86
103 3894
6 2131
122 4624
334 3370
316 1015
22 3262
111 2969
336 4595
199 1961
250 1475
273 3532
160 1073
84 3348
55 1237
61 3219
77 2506
155 2157
30 4487
9 2425
246 518
286 848
49 1680
22 2465
179 4321
315 3194
134 1808
315 2446
109 3502
218 3246
329 2224
71 1407
179 83
259 2486
197 1055
335 2104
25 4043
224 512
52 3325
324 4985
100 3520
104 3688
79 422
132 4726
40 1459
137 258
83 353
115 4613
329 4910
295 3057
316 1455
279 2981
247 1705
312 2160
236 1093
6 2924
205 4061
108 2630
211 2840
86 4076
56 168
59 794
42 29
80 724
139 1325
278 897
213 4304
197 4531
318 2213
