627 627
179 4744
70 3354
59 2205
178 746
156 1765
171 3043
274 4249
243 3334
25 3926
258 2125
35 658
165 649
134 1179
141 1991
204 2963
21 910
112 1050
127 4915
79 4198
137 2509
233 3251
67 2696
126 1875
101 3048
169 3305
311 4310
100 4059
19 3500
49 4653
203 2563
106 1611
60 4386
309 2284
273 1680
216 4587
311 4644
173 225
249 3686
127 2258
263 1300
183 2871
295 1311
59 1243
182 293
214 4496
30 1295
279 4498
251 2103
184 2028
261 3883
274 2061
180 4470
2 3171
24 4884
250 4110
165 2997
133 3637
187 1452
177 4617
74 979
261 437
49 3696
42 74
100 1602
12 1029
256 920
189 1408
208 1316
209 2157
68 4931
264 4785
149 2593
281 1950
14 2424
250 2550
100 4745
235 2890
121 2308
249 4526
100 371
281 1691
249 3732
277 1461
207 1813
191 4789
130 2179
189 3361
149 2706
42 271
266 2194
267 948
65 3707
136 4790
258 657
101 2936
261 1273
30 2447
127 2335
31 3934
54 3842
159 1307
137 3838
144 4187
145 3764
113 3039
66 1063
257 4662
87 681
189 2561
64 3585
50 2398
38 1980
268 1120
212 1290
250 3452
111 400
275 316
219 1629
120 4326
304 4808
86 4612
73 4616
299 513
18 4377
167 1852
298 4813
108 4089
256 1264
47 3707
209 3309
213 1769
186 3874
223 510
205 974
142 4885
195 3773
241 3124
148 3261
28 3900
230 1965
226 482
15 267
300 4660
221 613
84 2406
91 3793
71 4440
306 446
125 1513
216 596
67 4733
260 4008
94 405
220 2517
66 2384
21 1736
59 2734
69 79
265 1947
4 3335
202 678
47 314
44 3290
178 4998
142 2724
310 1385
8 635
249 2712
142 2903
53 4758
149 662
136 1334
66 2190
116 3678
299 1905
226 2254
54 2990
198 28
97 4232
28 3724
60 2924
152 3806
107 1737
229 334
208 1742
82 1273
3 4829
301 193
237 3074
303 2430
246 2821
80 4473
233 1549
276 2514
215 4723
199 4819
12 4759
274 4971
122 1999
158 3213
135 1372
255 4284
46 364
210 4632
209 2429
4 1573
153 2229
78 2531
247 2835
25 2819
237 4041
1 195
16 173
110 1845
244 4304
126 4164
200 967
211 952
241 1697
253 3910
303 2980
27 4472
208 1415
149 3510
302 462
92 1839
307 1961
204 1210
123 852
145 117
302 3009
164 21
272 2078
303 3582
289 1719
89 4236
126 3277
205 3627
101 397
135 4918
158 4577
129 1367
131 745
135 4709
219 4212
140 550
170 3623
153 4239
162 431
109 186
88 4896
77 1212
33 749
312 3243
7 4689
219 1001
131 3717
188 4978
108 4237
236 728
227 3968
266 4781
192 3766
198 122
297 5000
243 4425
116 4885
174 3385
281 345
52 1864
308 2426
182 2207
305 4330
247 3364
163 4306
116 4835
291 3913
123 520
135 3875
6 2018
34 1777
177 381
26 4436
33 1164
128 371
288 1450
287 3883
177 2236
85 2465
62 1241
260 3816
235 273
244 603
24 1812
133 2660
17 4128
73 3737
81 4779
247 432
71 3176
68 2186
254 2188
176 1532
261 271
207 3208
197 2791
7 3245
45 1361
253 1794
298 1475
313 4104
138 4286
24 412
293 1767
218 2608
204 433
73 4352
122 1332
53 527
27 747
55 4190
258 2667
51 2821
143 2272
197 743
86 3077
93 2266
196 4280
165 3908
237 4795
263 1386
2 2987
216 936
113 4991
44 4615
277 3224
172 3114
283 3797
42 620
308 3717
158 3648
166 3095
297 4329
231 3266
32 4680
247 2951
285 1841
205 2694
30 2994
225 1989
256 100
175 234
45 4426
263 3752
251 2342
236 3979
234 141
19 4840
90 3730
181 2180
240 2860
279 3430
146 2378
306 1186
186 2012
124 1407
63 3289
90 4678
89 354
307 1610
78 2215
32 2708
222 4127
133 4413
94 4276
74 3393
255 419
247 566
305 2266
68 667
63 3077
87 3522
272 3188
279 4947
308 1404
129 3004
131 194
164 1620
172 4883
248 4191
16 2077
6 1210
121 2596
216 1242
179 4102
53 95
79 4489
290 2369
164 3516
198 3494
50 4037
123 831
210 3174
161 3497
288 36
254 2990
35 3130
33 4265
146 4902
188 1957
219 2342
56 2672
275 3847
49 1906
242 4996
60 2607
18 2021
278 712
5 1976
57 4841
234 1641
281 2271
203 12
195 3390
257 4341
285 416
227 4625
25 2229
147 1872
167 4281
209 4261
124 4281
220 4832
186 2412
293 545
137 3268
239 1725
164 439
226 4248
17 2502
233 1373
267 1906
138 134
71 4509
285 1499
279 2325
53 893
304 1007
88 361
233 876
192 905
219 1848
236 2616
209 1124
95 4507
220 4167
7 1108
38 3175
189 2369
239 4551
134 1224
18 3240
93 1191
184 3659
168 2538
293 3418
268 4306
10 3971
72 4779
111 552
52 479
73 3046
86 922
5 4094
34 69
17 2756
118 3105
209 3809
233 3486
62 4549
207 3454
159 3415
54 385
299 2824
312 4865
19 303
9 3371
256 2880
63 426
106 4415
280 1436
35 1916
29 4835
139 2280
75 3883
149 4538
257 2
31 3462
110 3693
194 839
137 2603
44 671
18 3891
79 4431
51 461
37 2754
155 2844
146 3789
259 153
31 3283
227 3633
306 1303
39 3568
120 308
100 4069
33 4662
264 3983
240 2858
25 1808
126 4818
49 2224
286 2421
253 4465
134 2539
11 4661
158 774
194 1488
99 4601
171 3914
30 3517
292 1923
264 1178
57 2190
57 873
232 1529
223 2585
192 4801
228 3894
94 370
251 3704
23 4990
27 2970
152 3291
214 702
135 3047
48 1768
205 4752
174 2748
126 4582
300 3499
302 4556
103 2420
177 1717
216 4649
160 4237
14 766
238 3537
270 685
235 4277
167 1167
210 1452
305 2256
299 3757
171 4756
80 4105
127 3171
97 1169
13 3781
128 2342
199 4008
284 4600
10 4655
116 1259
299 4786
194 294
162 322
48 2211
91 3666
186 2145
121 3359
280 1386
17 2670
235 4851
45 693
180 4174
110 948
85 2833
198 4051
203 2573
173 4003
301 1558
237 3732
58 1563
193 3052
5 540
262 404
221 241
307 2771
133 4722
9 1794
250 1467
171 470
60 4196
223 4426
158 4376
158 801
149 1241
120 4038
234 1390
232 3637
222 3034
113 2052
235 3077
20 1753
312 4636
302 165
62 4422
153 1583
126 1977
239 2134
89 3595
309 1209
72 2611
232 3198
98 4813
307 424
89 4645
