342 342
131 517
74 1799
37 1660
153 997
157 1007
109 4656
69 3735
76 2122
67 3532
38 2095
127 3534
36 3973
109 529
132 1387
111 2145
144 1061
156 3703
58 3652
153 2404
163 1123
9 4185
31 2596
108 4818
37 1948
95 2454
100 2848
8 1500
160 3628
75 662
105 4193
146 62
8 3368
35 265
107 2607
19 2836
55 2048
125 2025
44 2175
157 4239
86 670
34 1518
106 2278
107 3289
95 4924
23 966
144 3415
6 2172
60 2081
47 854
24 2912
148 2141
162 2142
41 3592
5 3590
55 4674
17 922
165 746
6 4111
23 1238
115 1856
119 4395
102 2142
46 930
116 2999
15 3729
140 2
47 1003
123 2213
147 1792
61 4399
75 3483
125 399
5 1219
160 2193
170 3554
95 3441
17 1017
58 423
6 2321
147 4239
29 3358
101 4764
74 2572
167 559
34 3806
135 3764
123 279
5 365
41 4673
78 2445
120 2670
166 480
40 532
13 982
65 4997
97 189
62 2172
118 1031
93 1686
77 4832
62 3769
74 2227
35 2204
158 2329
67 1383
54 4237
78 2617
2 4490
79 4800
31 832
88 1604
86 4634
31 1808
82 1383
30 917
120 4007
31 1499
74 1829
11 3861
93 2107
35 1818
27 2591
40 4184
3 3051
161 4136
37 4185
123 140
139 1350
21 689
126 572
124 124
8 4613
136 1203
155 3097
28 599
134 881
125 3474
168 908
107 1727
161 448
132 90
165 1731
167 1822
110 2882
33 3519
29 904
152 639
41 1999
4 4310
53 1890
90 4139
70 3914
36 3555
5 2898
163 4851
88 3814
128 962
21 4172
81 1054
38 1424
143 224
142 4024
140 1974
20 2553
32 31
54 3457
76 3013
45 2400
70 77
33 390
65 1107
114 3070
71 3554
154 1338
114 303
158 4654
8 2098
167 1712
16 1352
146 396
4 605
158 3441
24 3968
70 242
15 4529
72 119
114 2390
109 914
2 2888
140 2712
114 3084
109 4300
9 2015
4 2899
81 4588
89 2129
27 2433
3 2171
88 4682
132 1454
21 4575
45 838
148 4844
58 2833
150 4259
141 3537
80 2259
14 611
32 1632
137 1928
141 2547
166 1904
35 4286
10 10
79 2074
14 1148
5 2035
116 169
125 3823
120 2912
99 2757
13 1280
83 361
154 162
5 1363
103 1489
33 4310
42 2134
111 3816
52 1353
146 3669
63 2524
70 2786
7 2750
157 2570
96 2006
4 289
169 4697
105 1225
110 4146
106 3115
66 2209
109 888
153 2784
130 3527
39 3811
101 4374
136 3398
84 1261
44 3369
22 2583
109 4669
145 2119
76 4886
119 1108
33 3425
43 2724
19 3149
133 3441
34 3429
124 3139
146 2857
116 3167
122 1661
166 402
17 4797
24 2490
98 1185
124 89
163 3142
11 1482
103 2459
115 1014
132 4997
71 3088
109 3083
74 1034
78 4275
149 3349
6 4577
154 1263
89 1957
37 3647
2 1680
151 3653
27 141
164 3456
60 3681
139 3273
37 4595
22 186
100 2494
137 4216
33 3473
60 3473
2 1371
136 2181
84 2067
102 4114
58 1860
106 2204
91 4230
56 2771
61 4631
46 2821
108 1966
49 2476
121 2524
99 1286
99 7
9 4641
113 788
136 2896
23 1447
92 4203
152 3435
86 3360
59 396
94 294
75 259
12 87
42 3263
13 4890
167 481
119 994
149 1349
24 430
43 3449
151 1181
69 4663
8 54
80 3596
85 2318
113 4108
116 2229
36 3832
69 4046
137 3016
11 4315
111 143
56 4932
162 1510
