404 404
51 2456
201 3094
134 4083
85 2764
145 1730
102 3482
35 2577
31 901
159 2440
144 2266
119 3099
57 2490
51 2521
59 2287
190 3943
67 4462
145 3031
189 3729
161 1766
151 3783
188 2137
196 1070
183 1729
90 1699
168 853
68 4171
198 573
94 650
71 369
174 1635
131 634
78 2857
78 2719
144 2796
177 2099
121 655
19 1842
103 3207
100 765
121 4837
85 1495
40 2266
186 2985
26 619
61 2474
200 2195
98 4114
9 3365
64 4596
114 445
56 207
159 4703
145 4336
186 2467
131 4962
27 2063
103 1591
156 4836
25 4291
32 186
173 1334
40 1727
16 176
154 1592
135 1108
193 2290
80 4159
18 186
176 1442
78 1982
76 2393
42 1221
144 3840
180 2954
196 451
198 639
54 4017
152 1822
8 4408
12 1344
57 112
22 3858
50 4262
44 2107
72 4307
116 4065
193 3852
129 3532
92 553
18 4067
1 4400
176 4528
24 74
160 3306
13 3938
166 3032
89 692
96 2910
189 1267
111 4091
122 1032
193 4846
52 2057
40 174
117 351
82 4387
196 745
98 3690
72 3861
109 1772
10 1753
96 1313
189 4922
110 2260
161 1296
118 4909
92 3260
16 2932
154 4239
154 1755
168 1922
102 2828
110 4144
26 2967
46 395
108 1910
188 245
74 4492
175 1029
51 534
26 4360
127 2480
79 562
59 1661
166 596
36 2205
68 4109
26 3085
30 1137
175 4495
183 1707
188 1709
113 4074
87 537
176 2151
46 470
199 2068
145 139
5 2911
92 23
22 2312
99 3847
46 2065
29 4201
201 3196
97 396
37 3202
55 4852
130 4118
67 1147
58 3984
151 2270
137 153
77 3020
185 2972
95 879
126 3135
15 1116
43 536
57 2014
10 1237
160 4133
191 763
108 2060
40 307
28 4440
25 3243
168 2106
108 3174
1 2191
115 4703
156 2594
107 1469
192 4616
103 632
62 800
134 1782
26 4135
178 2441
134 225
12 3363
71 4899
167 1535
5 631
92 2739
55 1428
110 107
104 4445
185 2026
185 1291
24 859
62 3360
67 1601
93 2940
90 3759
169 4086
87 3312
100 141
85 4965
10 3971
50 884
28 474
129 2723
55 1708
6 1916
84 4512
163 729
136 4833
79 3296
121 4095
108 3444
195 3562
174 1827
88 4265
3 4635
135 1253
72 149
152 3608
16 1737
190 3815
70 411
88 3379
162 2780
105 628
135 3124
45 1810
117 4068
134 4205
41 1095
127 4644
91 959
42 3262
112 3934
130 3550
76 4486
16 371
118 1715
25 2321
192 642
85 4726
153 3783
92 4777
107 954
86 3826
183 1243
108 376
193 3994
98 1878
37 791
171 1139
122 2207
149 3190
18 3878
196 2438
7 3780
105 4013
130 3521
193 4664
73 3989
23 498
2 1905
81 1463
129 1996
97 2754
87 2841
177 2250
136 2157
187 2726
134 3995
100 1836
140 4840
86 4341
11 3902
31 914
88 723
60 3128
195 4753
181 1994
79 1510
154 2216
46 4419
66 1669
95 2085
117 3505
103 921
13 73
39 3152
132 2626
160 1055
154 3037
142 1417
171 3553
33 1741
44 4499
15 4608
117 1893
60 1453
1 324
165 2389
106 2636
200 2722
31 1030
172 3445
196 1267
82 4979
107 4276
161 3615
80 84
32 4918
126 2550
120 3408
178 4621
46 2473
24 2110
157 3277
80 4786
94 1707
199 1020
136 2303
188 759
91 4098
117 3908
40 192
173 295
51 4882
118 1052
91 1975
201 2088
40 2834
114 2527
55 122
24 431
45 1429
141 2487
136 73
90 3516
49 81
37 1777
101 2188
102 3953
110 3547
138 1636
129 225
197 4891
114 2188
141 216
59 4220
90 3722
42 4761
167 4385
173 1604
106 49
57 1263
63 192
103 588
176 955
144 2148
7 309
127 4314
9 4138
161 4091
11 4786
189 2361
139 578
12 4922
200 504
141 1844
65 4043
124 4690
56 1310
162 1220
73 4166
194 4220
17 191
141 1519
68 3621
2 3821
151 4532
179 2269
189 4126
28 2057
74 753
127 3531
30 3333
167 1345
41 356
109 1497
157 2502
84 306
168 4862
184 4755
126 3864
150 2460
153 2930
