988 988
239 4985
298 3703
461 1549
355 3323
138 4030
371 2748
322 899
61 3555
84 3186
145 1397
5 4855
456 2905
320 1932
342 1829
379 792
346 2507
491 3407
17 551
493 962
86 1933
179 2761
126 308
172 2290
441 2489
158 3271
418 4218
370 3789
224 4562
6 1489
397 4652
363 301
160 4516
329 162
201 4845
300 1670
446 1994
100 306
412 2694
376 4682
148 3781
100 2899
162 3608
187 1756
253 2294
154 3559
74 2440
117 4926
281 1078
331 2929
471 4969
212 2578
265 579
316 3713
479 560
41 3713
379 2292
333 2597
64 3283
119 4666
187 1177
488 3847
475 4186
414 511
15 1155
116 4419
185 1501
278 4185
17 4840
430 4434
388 3239
295 3670
141 4873
204 4996
437 1599
462 3832
185 3217
173 688
479 3168
317 2092
134 209
107 2759
418 3359
379 4056
98 1706
372 4891
40 3198
166 2951
400 282
222 4941
94 1610
213 4007
290 4163
213 1161
347 2807
290 3405
255 99
355 3684
171 3166
129 1715
434 3487
10 1109
150 4942
346 4654
197 2163
413 2121
390 4259
76 4845
349 866
194 3377
123 519
27 4322
304 3833
79 2492
38 4675
472 4943
425 498
430 2821
237 4245
119 78
419 4211
270 1367
217 3447
470 1500
165 432
334 4782
400 1115
68 1248
23 1563
12 1188
409 1439
372 3397
4 1277
365 3897
234 73
126 1900
345 531
369 1862
337 1541
483 2503
237 2056
476 1706
271 4353
146 3918
234 1609
106 563
243 785
211 456
464 2807
319 4353
383 2624
400 680
263 460
76 116
332 4086
237 2366
290 1978
327 3292
298 2606
450 2230
445 2113
411 3641
285 4547
352 2681
285 3949
121 330
360 3280
472 9
373 3911
237 1947
7 1031
221 1996
221 1530
73 1791
182 4644
78 2079
116 1538
249 3344
22 143
11 4368
194 831
198 1434
380 3258
191 4591
228 1622
344 1385
484 3436
410 4323
481 3966
308 4022
121 1997
186 4603
103 2316
434 4596
132 4658
252 1528
358 3618
466 555
120 3270
310 1264
186 34
480 4061
162 2499
334 19
332 291
361 2878
157 4346
74 3681
59 1807
30 1754
334 29
481 566
189 243
472 4062
477 2608
31 2065
214 1930
271 1134
46 4142
456 2184
127 1493
244 4942
490 616
260 2776
195 3785
480 4053
26 2902
91 2549
101 3319
256 1647
477 3942
50 919
179 2541
493 303
281 313
321 2964
478 4376
51 2992
261 3182
331 4043
437 702
181 3572
279 3474
304 3960
49 466
437 2851
60 956
52 3812
403 4313
147 1255
261 2000
62 2354
355 1755
270 2034
65 92
345 4599
258 4540
205 4553
119 1067
91 802
161 643
421 3311
212 156
83 3722
349 4267
17 2451
108 1000
117 4744
375 704
412 672
432 3592
195 1305
371 3430
319 893
191 1305
392 4075
146 4217
442 3993
353 3125
103 3900
138 4692
187 2843
404 1989
141 1797
33 1548
289 3566
253 927
431 4697
117 827
140 2026
342 2454
64 3926
208 1531
72 4749
255 4121
140 331
19 4986
245 184
118 1518
437 4560
50 2999
335 2768
416 3038
366 4910
102 3857
452 1531
141 4298
154 4201
317 1249
489 692
278 4416
243 41
385 2875
25 938
108 1997
314 1007
254 2181
458 922
486 4951
476 3155
462 3210
408 2131
242 3953
118 3836
457 2805
451 3031
136 3925
447 3823
249 2393
160 3528
84 561
450 1926
279 618
342 2468
309 1702
412 3001
298 974
47 1815
486 2148
147 3784
373 2133
338 4760
493 3893
482 1744
15 1262
408 3711
102 1453
380 1210
408 4094
295 4314
493 1036
431 1341
184 1164
21 2642
277 22
382 2667
17 500
466 3334
107 4136
262 320
205 1607
366 1048
225 2483
264 1898
141 1379
267 1536
335 235
220 2239
70 1022
484 3522
484 4621
148 829
21 3322
24 4175
467 1651
233 4809
38 4731
15 4965
429 3071
306 2923
423 4200
346 2758
159 2377
473 239
169 3061
142 1690
455 3413
282 4152
169 1666
407 3408
70 3998
490 4405
187 2719
99 2418
233 1878
188 1301
312 1226
86 572
66 50
7 4070
157 4653
217 2267
193 3471
89 2133
246 3471
442 3769
454 478
163 4216
492 3080
237 3098
321 1337
112 2276
491 2035
393 3700
146 3810
415 534
207 4674
169 4512
442 4601
340 3479
474 4495
309 2597
74 1540
154 1070
328 3348
187 843
183 3503
348 4420
335 2814
360 476
36 3084
109 3805
438 370
234 2100
437 4926
427 735
125 228
180 4837
276 4450
314 1322
378 4512
363 2840
287 1255
368 1595
153 146
358 813
20 898
450 860
93 3749
251 4923
440 217
416 872
184 1779
281 2277
452 2138
223 72
471 2748
452 3276
37 1867
490 997
135 4610
119 936
309 2388
66 1045
18 393
413 1917
97 3677
278 2057
180 2120
481 2801
357 2896
242 1029
22 1364
288 4315
116 3475
89 2623
181 2552
94 3155
162 1938
275 3138
463 1018
258 1868
277 1840
180 476
47 4456
39 940
255 1602
39 1392
234 1007
405 3102
157 4834
241 1709
432 4672
232 926
29 1783
433 222
334 4204
276 2584
339 248
65 1718
223 1869
403 2028
321 1498
53 636
211 4969
72 303
290 3543
444 2902
214 654
186 2364
126 169
459 4978
112 3673
236 4069
109 4589
426 2618
376 2113
441 2110
140 1393
208 3776
434 1257
25 4949
406 4383
29 1461
350 3754
393 2839
402 1823
118 2080
190 2354
158 4576
126 357
207 944
33 2426
376 2594
90 557
273 3417
259 4412
422 3865
142 2428
289 1822
352 4154
413 3354
109 1706
336 410
308 841
128 1913
163 3051
384 1972
83 3178
340 1435
256 786
120 1109
282 769
332 2688
132 2180
270 492
103 3078
29 479
97 1526
337 3576
69 4062
289 303
223 3877
454 3349
300 2853
449 83
242 1505
13 1308
315 325
144 84
372 1097
290 3715
261 882
367 3682
186 2212
197 4766
332 4848
166 3120
93 3194
475 3670
88 1132
422 1692
209 3607
441 1920
3 1518
384 3147
63 3361
349 2492
21 998
405 2566
200 3589
176 2903
215 1417
403 4140
281 3269
399 2601
321 1722
167 2180
416 2160
366 3443
52 1457
303 428
67 1052
476 354
316 2812
362 3204
1 4022
32 1171
161 1225
3 2604
113 4578
294 1362
432 1258
445 1531
435 2967
44 2963
450 4641
174 3243
45 2915
358 3558
391 1114
373 3948
50 1764
449 3192
11 2488
187 2826
8 4798
374 4380
293 4155
439 808
183 4111
483 50
159 422
282 1175
443 2986
432 526
3 3644
161 134
101 4125
466 4526
11 935
413 251
220 4485
407 1841
123 3484
100 2709
438 928
318 4665
262 1832
346 2845
390 4953
21 3258
10 2061
383 3102
267 2119
86 631
137 845
322 2991
240 4585
446 2567
377 2606
367 939
182 4912
292 4838
128 753
389 3826
38 1071
314 1546
58 3834
315 3714
279 4233
150 4722
356 347
400 3037
393 1115
62 4058
419 1568
180 1091
144 2291
124 4470
485 3819
38 4880
149 3977
448 2851
426 1649
344 2744
129 4378
454 1408
56 4854
332 954
315 3388
38 4738
250 3206
142 4779
196 346
492 1868
438 3236
286 767
209 3622
270 467
173 1145
37 2361
394 4677
182 247
266 587
442 3627
401 247
101 60
192 3699
346 4701
41 2771
94 3632
257 2347
57 4905
391 610
281 4802
326 4275
57 4451
210 473
289 3457
209 4395
203 4835
206 2564
32 1700
25 3413
228 2056
379 2493
450 2316
373 393
361 4589
477 1586
292 2672
193 3834
8 3225
26 893
452 1056
295 2264
418 1694
270 4911
371 3143
139 4906
367 921
435 4483
92 3665
69 2789
452 4306
2 4247
75 3130
225 1624
351 72
58 1687
82 2285
65 4791
74 4441
111 4340
300 304
76 1986
215 4456
298 3838
3 2163
351 2524
136 58
282 3705
342 1036
453 3706
452 2088
168 4089
47 728
405 746
133 930
244 3431
357 1597
352 814
76 4667
59 2648
395 1050
273 3905
72 4024
445 4689
86 2618
312 4324
224 1826
115 1812
182 2530
142 3233
59 2977
421 4520
274 2686
95 2611
175 1858
371 1667
92 26
158 4255
118 3989
310 472
458 4476
120 1608
15 2647
126 59
475 4903
160 1735
157 1761
446 4778
149 2167
346 4761
106 1680
442 2720
345 300
41 1070
186 4999
9 1384
315 1805
80 3928
365 935
35 3722
314 1760
448 944
339 1348
211 4612
70 3391
117 1236
31 2773
468 3951
115 1818
74 2739
247 1256
361 1756
218 1218
402 1195
142 625
279 2603
46 3701
303 1553
117 4026
271 4245
401 3694
67 1709
331 4841
462 3262
488 2691
342 2624
363 4578
304 1927
297 1894
291 1628
266 2052
361 1552
200 3467
257 4961
294 2348
256 4173
457 2613
322 2776
221 4616
239 4851
110 16
381 4032
472 4721
210 991
459 1130
58 3346
199 913
193 1866
254 1660
13 1095
428 1063
268 4050
8 4753
66 2233
393 84
162 2634
150 4831
183 3808
488 2551
459 2762
413 4480
154 2128
166 3060
455 2738
167 2502
150 3257
361 2806
381 2005
19 2536
72 2763
471 3214
166 3903
262 3373
111 6
265 4474
270 1227
372 3267
425 1258
377 545
447 3192
485 3618
343 3615
447 4327
474 2956
329 1936
213 2991
302 2125
387 53
486 1923
6 3739
239 3349
341 2773
333 3783
435 2583
249 1495
364 2567
184 1293
444 4398
152 1006
446 3081
477 1484
106 883
74 2983
5 898
436 4418
346 1368
54 1476
340 2702
181 2481
187 1255
201 1798
33 3612
186 2574
27 4437
226 2649
446 4011
15 3783
247 2725
283 2367
4 2689
177 4502
195 4089
437 1782
475 2456
284 1954
241 2334
371 110
305 332
261 4107
64 1724
493 3783
235 4584
263 2851
437 4127
103 2380
63 4995
445 268
412 631
63 475
451 4426
232 1665
427 3923
186 1195
130 4563
1 469
192 1224
196 114
150 1937
251 4199
29 1448
134 1392
175 621
179 1975
432 206
128 4159
42 2448
446 2748
276 4580
425 387
173 929
163 4151
127 1184
133 3980
152 4418
75 1436
491 859
238 1752
266 1941
159 14
226 1678
441 4754
414 3711
36 326
374 501
