558 558
230 4542
128 593
129 1419
58 993
276 1026
51 4254
250 3762
19 3100
244 2357
256 4180
247 1842
9 1394
86 4682
254 4729
204 2209
105 1676
185 642
258 561
94 2163
86 3268
105 2738
49 2142
197 1217
48 473
74 365
236 1588
233 2184
136 2572
203 4360
20 4908
114 768
166 3652
128 4883
34 3164
125 3653
115 1437
3 581
265 990
58 4915
12 252
20 4526
256 2907
91 2323
22 366
95 3951
247 2638
11 1798
245 4746
209 2685
174 2060
154 3264
57 3162
236 4502
158 4032
226 3741
191 136
88 781
182 1343
34 1631
215 3759
56 1542
95 2669
99 1034
61 18
49 2347
235 1032
128 4981
251 2824
259 3266
15 3034
74 3251
98 3717
236 2697
110 1746
249 4212
206 4678
9 72
90 1487
92 187
10 962
69 3866
276 4253
264 2650
89 1626
5 357
50 1292
117 4098
271 1072
234 2558
78 4828
172 371
263 2835
214 3889
81 3433
34 4647
6 355
132 4945
16 3235
68 3313
112 3342
188 4470
29 1165
193 1694
67 1005
59 3642
25 2846
152 2991
76 4557
64 947
91 1772
172 4948
42 3923
222 231
69 4926
154 4982
139 1477
48 2682
172 1686
93 2771
49 600
209 1010
165 3794
132 2215
13 12
152 2780
191 34
13 3992
185 2304
165 628
215 2488
72 949
79 3574
177 2184
26 3346
211 3993
263 3570
230 1183
221 1615
5 3457
116 3851
224 2602
232 1855
18 103
131 4893
21 2488
63 4710
221 667
69 4622
189 1384
243 3874
1 3184
129 2841
119 3235
59 4316
197 4632
249 2754
133 3818
12 1815
219 4661
278 3342
35 850
262 1264
170 681
205 1440
240 12
92 2985
205 4614
21 1341
148 3135
146 1657
18 4061
248 2270
127 2944
251 186
76 2394
113 582
11 1952
8 683
176 3166
147 1243
105 1015
204 190
252 3140
60 3220
175 1085
183 2552
66 1346
148 1277
13 979
120 4957
216 1878
191 695
155 4867
23 4871
97 4973
127 4871
156 461
6 165
12 2781
16 1656
229 4695
68 713
163 3225
270 306
89 166
42 222
27 3747
156 249
60 1510
174 1276
266 4023
178 997
75 4870
7 66
226 2706
216 3545
159 1287
199 3455
27 2520
70 1340
242 4475
102 1973
52 2296
106 4013
10 1862
243 4013
256 951
46 1056
38 1173
87 3544
78 1813
30 251
272 2498
267 4630
45 154
253 2114
266 2785
82 1868
123 2591
72 2093
217 4870
227 3269
154 372
92 3460
10 4431
7 3602
91 3399
158 687
107 1455
124 3673
103 2979
235 1555
97 2087
25 1411
138 4893
71 4959
218 3502
46 789
264 4878
5 3833
272 3611
106 520
255 1743
159 1196
74 2091
80 2020
125 3244
47 190
257 1297
139 1341
79 2790
143 4193
259 468
12 4444
49 3453
173 2063
101 2353
211 4475
268 4697
152 2030
75 294
261 3516
268 3010
203 854
64 4419
216 911
64 2963
218 1378
119 3461
104 4055
156 853
226 4067
106 4483
55 422
134 1038
233 2140
277 2134
247 1968
119 1928
262 672
253 3059
215 1250
41 2127
139 1613
137 2924
158 340
73 3460
131 3409
278 1343
196 2001
42 10
249 2722
215 683
185 1923
72 1204
256 2326
59 2383
184 778
31 4175
232 3469
201 746
13 977
231 4709
263 71
6 895
13 2282
239 4621
238 1901
183 861
179 2109
109 2053
111 1211
201 2771
188 2012
184 303
28 4736
96 2381
12 655
157 966
172 451
24 3124
147 1074
10 1508
92 4627
267 3127
220 2291
108 1146
47 4348
26 3801
76 1216
63 2565
61 1562
65 3580
199 315
193 3281
3 3669
32 3945
116 2704
92 4601
232 3273
203 1025
18 2551
85 75
17 1521
101 2829
40 2338
96 382
40 574
240 920
164 3299
100 4232
252 4696
7 2321
274 1359
186 2448
206 2381
132 1862
56 331
207 3522
90 1244
18 1353
64 4181
129 3928
191 4472
277 2297
237 4958
92 2588
86 2990
238 4220
163 4789
128 3688
56 443
178 3484
139 4680
193 4385
84 2034
260 2722
18 2240
31 49
37 1207
161 387
39 1825
23 152
269 2731
270 42
131 3308
79 4548
124 3587
156 1245
203 4281
2 3303
67 3173
91 3314
125 1029
79 4891
103 3429
209 1678
64 532
212 4171
248 2268
127 2598
260 3400
257 1870
155 4954
103 2133
92 2882
9 3279
224 490
159 2586
101 4872
168 4497
155 1582
71 76
249 1770
162 16
82 3056
230 1553
6 526
270 1586
174 1613
63 1087
55 1063
232 3885
224 3773
164 4795
232 4853
272 171
263 200
107 2213
77 3386
120 3741
223 4482
2 354
86 633
52 1009
163 1773
221 2235
224 1671
55 3053
71 1074
152 2427
92 3708
225 701
79 927
92 2512
94 2768
233 1696
246 487
74 1815
116 1286
137 1156
270 305
41 4104
65 1238
48 2501
202 888
79 4646
277 97
263 74
244 1332
139 2726
58 935
5 2179
262 1349
17 403
126 234
185 2530
142 367
133 2979
204 69
188 4306
136 116
25 4781
189 1440
81 1676
185 4825
138 476
194 741
221 1339
12 4373
198 2646
109 3619
262 2184
17 4422
3 3758
138 3398
174 4174
232 135
69 3077
208 2630
208 3956
153 2991
111 4250
193 4192
3 1208
79 4425
244 2289
184 4415
253 3108
115 4425
175 1199
52 4841
190 1030
12 4521
53 3230
248 597
94 1969
52 3218
190 437
37 3897
155 1061
254 3307
260 1510
56 43
125 314
141 265
249 1792
209 4729
25 2102
257 799
259 3409
172 2528
167 4572
248 3234
200 1431
251 943
232 1513
88 714
9 2880
86 1658
213 4783
109 1174
82 1325
141 3880
252 59
194 1191
64 2197
193 3161
