934 934
173 948
127 564
198 4453
16 1217
228 3327
89 4708
185 3265
348 1069
123 3792
456 4569
32 3147
332 397
375 3748
295 1146
276 3978
179 4517
102 258
303 2302
14 1303
311 1545
35 650
100 3442
324 2393
272 4128
303 2992
75 717
50 2416
68 2710
28 2371
162 3865
256 580
116 4260
287 899
453 3487
378 1766
153 2499
373 1401
307 2523
55 2598
141 3489
214 3638
464 2705
154 1115
31 4737
228 2105
228 4672
310 449
355 3413
91 666
356 2676
107 1740
55 396
135 2154
229 214
386 968
204 3260
178 1958
53 1924
64 3597
305 1079
433 3215
325 4100
290 3088
156 3284
353 3868
347 4976
368 2457
10 2840
275 3133
191 1689
364 33
30 4377
297 2427
183 1795
69 2933
201 2035
86 698
458 1679
229 1450
334 1885
104 1565
196 4378
2 4124
226 3303
34 587
212 1986
144 4413
119 3926
197 2102
399 2278
209 432
174 4585
252 3644
109 1346
211 4652
462 1428
39 4469
140 1332
13 2465
244 4906
393 2354
254 4592
462 3809
41 102
306 1046
167 2595
185 1926
458 960
391 3198
234 3383
54 2443
408 4023
303 4646
26 1353
128 471
441 2648
198 2567
371 4972
94 3804
116 2346
367 3658
181 1968
173 4610
121 3162
145 3784
286 922
225 3175
230 845
168 1062
247 1546
115 1006
285 1032
199 4996
162 1326
75 2270
169 55
112 2950
137 3085
33 653
424 3774
255 1680
151 88
353 2806
200 2192
313 3798
86 2602
70 3540
252 3076
94 2560
164 2437
142 147
124 3773
62 360
397 2140
208 3156
439 4479
456 4322
298 2407
431 339
129 4200
365 2390
242 4127
277 3986
403 1052
299 3928
172 2492
357 4431
79 301
236 4543
236 3763
352 4282
210 4238
79 474
446 653
106 1656
454 4746
111 4170
448 2788
162 341
88 4203
460 3238
195 2826
241 4193
321 4727
394 105
421 3549
357 3634
52 3068
194 3278
307 3117
236 657
187 2048
247 3104
332 2355
365 3903
44 519
268 2309
350 2203
377 1327
462 623
80 1453
20 3606
138 3866
236 2237
439 4880
102 2512
145 1734
429 3228
368 1977
132 4172
172 1925
237 2430
92 4952
37 2116
24 2182
98 444
375 2485
101 530
247 2706
221 1766
108 2582
323 441
132 1967
134 831
31 1522
249 580
382 4848
219 2499
265 2617
362 3565
49 2633
205 622
265 380
455 1551
120 682
192 1548
10 1779
63 1844
303 1489
137 1319
112 4942
381 932
18 735
206 3430
201 2195
63 2429
44 2205
126 157
57 2653
176 2543
208 4220
384 1184
177 228
261 4516
231 715
306 1309
455 2536
201 3804
369 4856
416 2778
234 1804
307 3607
58 1293
405 4293
305 901
157 25
72 1789
95 22
368 3931
204 248
288 2026
145 82
272 4505
112 1469
148 1000
390 359
211 842
138 2952
358 1150
216 1989
19 1426
304 1136
295 4080
256 3652
214 3966
18 4830
326 4003
7 4007
422 677
283 2133
232 4056
380 3815
53 1088
183 2295
101 3141
49 2497
127 140
178 346
22 3023
116 3239
82 3038
223 2384
384 270
201 2592
158 218
304 2300
278 1992
60 2753
369 928
399 4001
187 3559
383 3304
410 770
9 2169
161 4714
249 1098
100 1501
291 438
427 39
132 3636
85 2781
291 527
327 4029
64 4220
271 1964
200 1213
375 217
60 1531
385 4837
296 4460
451 2106
70 2213
373 4538
385 3918
230 4685
306 2165
362 55
196 4259
351 3377
64 1115
411 2081
191 4865
242 4677
211 785
8 4022
72 4387
50 2627
230 3486
453 1217
246 3481
466 4587
83 4801
79 3119
453 2668
72 2110
308 1066
35 1848
200 371
136 3886
290 4968
167 943
358 1950
336 3716
144 4336
410 4346
186 37
457 3161
2 3970
267 637
447 4814
19 3001
435 1306
102 4210
242 4128
375 3272
131 2081
409 2887
191 1071
281 3152
250 4612
313 3010
409 3157
67 922
193 1564
450 1421
379 652
182 1392
25 1346
460 2444
169 3607
258 384
307 2329
416 3492
99 4108
126 1231
335 752
404 4063
334 84
310 1668
46 193
74 3350
52 230
462 3628
32 38
325 600
76 3244
19 3064
9 4075
339 4875
451 2137
154 2009
325 481
314 1929
314 1464
271 457
166 3177
214 658
159 1572
108 926
227 959
330 1718
281 3009
89 3314
126 3842
298 3246
223 3132
78 3107
314 4800
278 2941
33 3451
184 4597
240 3718
206 4405
307 4182
195 3892
93 3866
393 1891
5 2651
104 1763
179 3791
241 1492
445 2396
307 2166
200 2397
109 10
332 22
432 126
49 2484
283 1554
304 2665
402 2654
439 3392
403 1218
337 3249
27 1810
162 1216
158 3212
111 1477
324 179
391 3371
321 817
80 3623
230 3118
228 4350
414 3246
416 887
448 3475
235 4015
291 963
306 4442
169 3627
441 3036
298 545
89 579
134 1906
319 33
374 3830
365 3614
180 652
207 4776
419 3683
284 2360
375 3322
130 2789
328 3763
271 4006
391 3977
58 716
271 2109
116 777
358 855
83 2170
225 2355
235 3916
290 2787
338 3496
444 673
74 265
385 3067
67 4637
210 1747
280 3403
330 3519
6 4786
17 4806
414 299
165 1823
210 2713
364 2828
219 2137
379 2039
461 1220
448 2741
311 4032
287 449
178 1203
202 2125
346 1150
87 186
174 3535
426 4485
432 925
354 2781
12 4489
282 3629
33 1658
51 4855
169 1148
443 3582
289 219
37 3933
296 291
231 2229
40 619
108 3649
193 1326
319 3641
249 4408
213 4967
196 4488
55 1203
366 3056
294 3508
265 2159
446 2875
61 2090
230 643
122 2620
327 2451
276 831
160 2022
129 1192
277 604
414 3777
117 2141
214 296
361 2083
218 905
129 824
436 4849
195 2062
92 2115
408 2814
341 4952
434 1325
418 2942
434 1643
337 1175
208 4253
83 3195
204 4569
401 3140
102 3077
73 643
81 955
40 3510
242 4833
139 2525
54 643
231 3498
291 3097
209 3832
451 1455
272 3451
228 21
26 138
109 3655
2 1608
282 2070
357 3064
357 1393
47 1723
369 4392
219 2093
262 1738
359 2782
48 755
49 4917
453 1416
324 3732
12 643
62 3316
43 2930
270 1298
73 1947
443 296
23 205
258 4197
214 3569
151 1992
141 711
387 78
151 3405
155 1780
234 2555
158 4833
431 1175
390 30
360 967
386 1063
35 2695
453 4575
418 2350
370 337
397 4282
87 4288
187 1081
292 1239
324 3594
299 1706
170 3920
82 3016
390 1977
149 956
268 2380
188 2739
153 1767
403 2597
415 4620
115 2617
340 4105
389 1288
326 49
273 3992
51 1328
104 4952
67 1551
384 3308
27 4122
84 2135
232 2151
110 4301
242 3081
367 3100
372 3046
130 4787
365 3907
209 667
349 3737
92 2412
290 2604
303 1883
112 3156
336 3772
266 1347
221 752
284 1030
358 4684
204 1851
356 439
60 1385
31 3274
192 1769
186 4639
151 2946
399 331
280 2366
245 1911
183 456
390 2867
28 2578
137 3543
272 2770
432 1487
215 2439
192 2137
8 531
148 2986
373 2729
390 2650
402 879
19 2796
416 2988
348 4117
293 4604
248 983
395 2119
36 3308
353 3710
192 3772
436 390
81 2445
439 863
263 3030
268 2211
166 4827
1 2572
247 3718
282 4366
78 1772
120 90
418 2887
195 4340
78 3113
58 4745
354 3593
15 681
345 4229
79 3924
318 244
358 703
63 180
281 4063
113 85
140 441
70 1797
259 896
101 356
127 3001
353 3991
275 4318
223 4487
131 189
350 1738
278 2918
395 2633
368 2229
166 4076
452 4432
371 1283
122 203
319 1333
466 3520
373 3214
289 1691
39 264
218 869
180 4241
204 2744
390 82
444 3219
208 1734
287 167
395 3227
112 1766
344 4765
127 4824
97 2215
245 3050
141 2479
80 2675
38 954
356 3842
364 2538
211 3435
208 3997
383 657
439 191
109 2141
369 749
191 3844
427 4113
331 2153
308 3539
435 4929
240 4874
93 1771
413 919
71 2350
34 960
458 3522
182 2528
379 3740
392 4088
105 1142
258 149
428 3844
214 1141
366 2403
272 4474
141 1877
36 2352
184 75
379 2917
460 3670
397 2219
190 2799
89 4738
208 3581
11 1441
117 2780
268 4317
11 2650
333 2037
112 3667
433 3386
322 2721
299 4125
329 4169
141 1875
238 3189
314 3127
218 3159
196 3300
260 71
432 1955
87 4874
203 352
22 2912
29 2638
339 806
394 4862
367 874
276 396
11 2433
416 1530
77 2319
17 2075
177 1197
249 231
260 3895
202 426
273 3103
285 517
263 3610
104 915
259 1354
63 4745
222 1413
370 3037
418 559
425 4255
450 4196
337 2101
275 539
182 479
220 2155
83 4806
213 677
219 2511
396 606
170 2715
375 4514
399 1862
277 3283
350 3255
257 2503
125 975
21 2762
93 1108
100 3229
199 4078
261 3510
451 47
457 943
436 24
14 362
32 4008
75 716
407 3877
421 2740
131 3031
224 1186
378 4752
414 4238
113 1379
431 1508
298 792
309 4029
433 2003
99 4274
30 4756
207 4766
22 1972
388 4564
328 169
159 2241
12 601
26 2730
366 2455
174 1050
247 909
245 4896
89 3778
57 3450
323 4331
78 2315
36 3791
332 2700
46 809
335 1721
43 2883
325 571
243 3559
232 955
356 1977
180 4161
370 3697
466 164
298 4428
178 3562
376 4214
183 153
174 3693
335 2196
7 711
144 4930
166 612
89 4168
65 2868
383 2702
27 2537
75 2694
381 2623
125 2559
217 2632
219 2756
63 1389
358 3385
298 1948
241 2720
310 3031
409 1150
25 502
