672 672
308 4436
278 862
282 3878
241 503
314 1501
231 4570
295 1229
281 4275
155 3752
18 796
72 2026
216 1682
62 1161
285 3776
121 2809
44 4985
164 3010
175 3592
303 3838
68 4366
62 525
46 3566
271 3936
79 3904
142 3463
196 179
203 3070
1 380
243 4340
102 4172
69 4127
317 2283
292 1667
13 335
202 3731
302 2557
227 4850
223 2868
1 3945
298 1415
295 31
151 387
26 315
321 3182
265 1899
265 2260
70 2387
50 3190
293 2566
244 4915
87 2402
16 4980
127 4785
182 3764
97 3642
134 1085
240 4866
262 3086
323 3317
80 3830
42 4094
242 4828
244 578
175 3702
298 1491
113 84
151 3733
286 559
102 2439
316 2061
255 3595
24 1591
323 842
287 4578
334 1343
17 4899
115 3564
141 1859
132 1519
253 1906
330 738
52 4114
303 557
330 4396
320 193
129 4205
142 3750
236 1417
18 4469
132 364
45 404
147 3680
221 4773
106 1969
282 2507
125 1744
129 1754
260 2192
34 851
47 4738
307 3073
312 3797
19 671
69 3378
51 4618
309 3350
73 856
118 349
329 2326
2 4301
221 4251
140 4754
66 4452
312 2661
279 4914
87 4013
147 4839
123 129
82 3333
35 1781
70 28
284 1260
90 4231
289 89
290 2578
113 1141
315 662
192 3520
282 1775
9 3354
96 808
276 334
252 4440
308 4880
22 1357
192 623
189 4682
152 1515
56 1402
50 1625
325 1199
13 2512
158 10
2 2025
254 3256
303 1102
266 776
48 2088
276 2348
38 394
145 1396
56 4431
2 1366
209 208
157 48
193 1267
287 2201
255 1949
27 4951
230 1400
269 2307
171 906
272 4641
57 2684
268 4004
310 3312
324 4332
132 1881
261 562
260 1456
87 3285
167 4611
225 3287
331 3475
297 1799
57 4637
69 4713
248 1090
124 863
178 1625
179 2739
288 2414
124 1942
180 1628
48 959
196 3856
129 2277
177 1620
156 3866
202 983
95 4101
264 691
250 1262
61 4825
97 4180
333 430
20 1502
233 1956
301 3836
331 3867
3 1876
225 2152
3 4896
95 4908
45 2946
235 2525
172 3156
268 2742
196 3103
26 3108
327 485
286 1789
153 1183
181 708
103 2254
112 1119
2 3036
142 3183
32 42
52 597
144 3923
74 2080
141 2600
202 2295
297 3748
292 1760
163 4696
156 3620
270 3272
172 2916
179 3705
197 3370
23 2985
18 3535
56 1792
329 2044
241 2002
11 4914
206 4467
222 3206
264 3144
29 1554
174 3644
127 3192
134 651
189 3833
248 2448
48 4685
277 2078
15 4598
107 1277
228 1519
137 4713
51 3751
134 1012
258 3137
232 1130
229 771
141 3436
269 1781
51 3885
201 3748
126 269
1 223
299 4654
85 2703
85 4572
302 1839
104 3955
289 2395
44 2934
171 657
26 2934
231 4474
125 4907
39 3725
45 4332
221 2045
333 4779
2 3003
33 4658
173 1112
73 2775
221 4092
129 433
90 234
222 1842
249 2673
22 4682
264 4502
138 3039
85 3411
53 1773
99 384
18 795
26 4233
235 4051
171 1548
255 3513
309 2731
121 510
36 330
100 3064
303 72
127 4769
231 267
328 3252
144 686
105 71
156 4099
293 3040
248 2030
196 4612
151 2715
292 1721
318 4119
153 3137
97 4155
244 3489
165 901
97 4762
182 4023
13 3538
322 2413
256 3305
305 2219
17 2411
129 1267
243 2974
313 1447
177 4200
325 1423
185 3416
189 2775
82 3859
80 2529
27 490
146 344
58 3725
186 4039
252 3903
210 2622
130 326
223 3394
333 3067
104 3302
289 3005
276 460
4 4113
96 2546
23 749
45 714
284 4984
306 2714
318 4864
59 4705
69 4089
149 1296
169 3934
231 4520
6 4073
235 4376
253 4243
106 2102
329 90
171 4287
316 3403
325 4375
239 2377
173 3382
276 4228
276 3415
321 4938
309 13
249 3573
281 1161
152 3318
286 3228
103 4089
140 2385
187 3843
195 961
297 358
326 1738
56 767
226 3505
279 1261
290 2702
21 3368
147 3276
230 2735
172 3889
172 887
200 2398
333 2489
169 1101
260 2912
2 2087
162 3527
83 861
20 259
74 1419
276 3659
58 4530
160 2372
274 273
4 2404
20 613
121 1568
8 2861
267 3998
146 2895
257 436
184 2722
227 2172
257 2057
228 1427
52 4878
271 4964
121 345
305 1397
331 3124
66 1742
30 382
4 4247
258 3820
197 1084
150 4692
325 549
263 2869
124 2815
260 721
43 3946
40 4382
248 2440
254 2625
222 2437
228 4246
122 1969
303 1649
309 293
315 2862
280 2351
75 1470
16 1117
302 4373
69 1540
137 2074
158 563
13 3917
263 1720
59 2683
238 2678
310 2626
311 1320
317 950
257 3557
182 3025
185 4893
235 520
186 2946
85 1126
99 3460
191 4980
280 682
80 3237
143 1526
54 4764
174 1385
248 2385
215 1746
214 1033
225 1080
155 638
272 1781
281 795
122 2911
147 769
225 107
226 1736
126 1714
35 2039
209 3724
303 343
123 1955
212 2896
208 3227
267 3684
104 1648
77 1644
15 3950
312 2041
82 831
147 4291
23 2047
254 810
90 1191
52 4121
332 3124
316 1567
49 3951
39 4553
169 82
177 1770
113 579
326 1039
56 1777
27 2350
2 826
46 4404
192 4673
252 4088
93 4436
219 452
266 4494
308 177
61 2438
137 68
120 3295
89 4482
252 1219
215 1058
157 1438
305 4385
292 3067
229 4255
152 1443
45 1877
129 3527
68 1363
107 3063
252 110
37 4618
311 3164
140 2134
290 880
283 3332
304 414
196 3699
220 3356
8 2981
162 4773
182 1830
15 4100
170 4386
183 870
216 1036
96 3241
42 3100
27 644
209 4157
265 2052
327 1510
172 1296
192 3772
33 183
137 3870
180 1858
43 1947
43 3351
124 3193
204 3765
92 3089
222 4218
172 1946
110 2899
94 2728
319 137
109 4616
97 2994
75 937
5 323
186 4268
14 313
326 3764
280 2536
168 4569
270 2707
257 158
148 298
102 4996
300 2386
105 2026
332 2310
308 828
313 1184
255 4874
144 2125
57 1317
262 4322
155 922
170 1479
170 235
8 1990
133 2391
306 2079
56 3017
331 1318
116 4592
82 4366
26 3233
74 125
17 3257
109 4167
307 661
105 4628
141 3933
114 1936
136 1948
28 2774
10 4183
124 4986
325 3527
297 1142
110 3115
91 2359
275 1145
82 3831
28 300
187 3516
198 3606
32 3302
89 3735
276 1355
100 1669
142 2353
164 4852
225 4210
317 1147
70 1584
332 3854
294 3425
122 2612
315 4026
97 2485
153 3033
129 861
163 868
179 1735
127 465
92 2763
297 359
19 4004
191 4515
99 3791
254 1120
332 4337
308 3261
168 967
230 825
127 665
216 4763
182 98
113 3939
28 801
38 4874
76 866
332 68
281 2035
24 2757
220 2026
289 1072
299 3672
115 3275
37 945
74 1748
31 3762
272 3358
221 2005
322 2344
31 3068
302 1632
