433 433
40 4548
202 1438
24 2449
80 2099
65 3365
50 609
167 1283
74 3963
47 1310
18 1395
84 3323
84 686
116 1010
18 3819
139 917
47 3380
185 3781
168 4730
79 640
120 4066
57 1245
187 3687
66 1128
37 4174
128 3684
160 3772
170 392
158 3139
214 4631
23 379
61 1667
186 2047
45 1792
77 2326
91 2523
31 307
201 3340
27 3351
182 930
103 1147
53 3350
40 2801
161 868
65 1905
88 3180
61 4787
114 1506
133 3688
68 4529
206 3714
100 2413
105 883
19 4690
128 958
204 532
33 290
129 3441
75 4767
211 4583
126 3771
194 3681
189 3139
152 1782
167 4982
113 3220
18 2983
140 956
72 1490
131 1309
81 2280
40 4468
91 908
196 2106
200 3384
80 3818
49 58
154 2501
57 71
121 1751
38 3977
126 1022
35 127
93 2199
150 146
59 1498
125 2546
142 2407
17 2873
171 4705
197 2279
144 3994
9 2808
32 163
40 581
146 2664
73 4750
32 1618
185 788
181 3295
44 1992
18 664
196 752
203 3953
4 487
100 4094
216 952
34 1791
33 3764
141 4396
10 437
67 4794
101 3528
37 1693
175 1739
161 165
189 3175
173 2442
26 2181
162 2162
92 4738
206 3209
102 4496
204 4980
189 786
181 2851
55 1717
74 2384
194 2394
209 3549
67 2106
106 4887
61 165
98 548
202 1507
117 2623
158 302
108 3432
180 111
46 4201
45 1594
145 2600
165 3816
162 1154
181 3720
53 3598
64 3150
37 2157
198 1879
13 2052
54 3412
176 2362
156 3677
95 3735
70 1568
44 586
8 2145
98 2411
209 3849
169 1587
201 2030
11 4433
2 1021
13 1791
145 801
117 1117
39 1271
21 2954
26 144
24 1043
168 2932
72 4856
47 2378
58 4898
164 2053
209 4592
95 91
10 976
150 60
47 662
196 4557
64 4230
23 856
54 3491
86 4372
99 2832
175 2637
58 3091
216 4945
201 4464
161 2921
68 2198
104 1745
211 991
45 9
46 1727
13 4025
39 3883
45 2698
46 701
104 4783
156 2812
39 3441
67 452
124 908
1 3662
62 4595
124 4534
143 1114
12 2191
182 1735
191 107
27 3692
123 2574
123 1555
211 241
127 3908
42 3651
21 1556
175 124
200 4445
88 1593
172 4738
150 1372
115 4654
111 3788
194 2440
178 1481
40 4534
94 1646
22 4301
131 2532
45 134
15 1487
213 997
85 926
169 3192
177 3774
126 3456
167 4557
106 783
63 1357
43 830
90 600
67 257
127 3938
26 243
172 3296
146 4215
32 1654
129 170
179 4841
128 4913
212 3046
163 2899
166 4504
206 2476
113 4675
161 447
59 3540
90 3756
158 2297
54 1883
72 2428
78 4025
20 648
142 588
87 3402
51 2464
138 1206
2 306
181 3418
82 2518
100 4988
32 3971
92 1923
98 1991
130 2510
63 2011
155 4787
93 1846
162 1205
200 1287
184 530
82 4165
63 3018
50 3551
152 4717
177 3320
109 2405
204 667
191 1259
61 4278
132 279
198 1192
71 943
66 1086
110 3622
124 2778
2 3018
16 1107
104 1216
130 4290
57 2941
106 1123
98 4561
67 1905
164 1988
200 258
146 1082
180 1860
31 1721
210 884
33 3162
201 3600
110 2076
166 856
99 4769
148 862
75 3710
187 4131
26 1670
159 1703
214 3264
55 2032
25 1543
196 3680
134 2983
117 4977
69 2815
22 746
215 2430
119 775
13 3307
144 831
103 1141
46 4986
165 3148
42 2567
73 1956
198 2819
119 4231
94 2633
63 712
142 4587
153 2566
74 2356
87 3840
186 2556
145 3748
172 4100
1 1285
114 2018
83 2322
142 2400
63 3573
200 4483
13 3334
208 1501
29 660
213 3421
115 1180
12 1808
123 358
69 1717
204 1310
106 1715
90 2890
120 111
72 3197
66 3552
199 4146
85 3242
102 1562
73 4255
130 201
190 3004
206 2431
169 2543
92 4324
171 4892
87 416
35 3028
41 739
43 2968
139 2027
71 103
64 4721
33 4671
141 3850
46 2158
40 3425
29 973
169 4144
57 283
78 1497
204 4096
48 3567
152 3519
162 4284
109 1231
182 555
152 1859
28 2500
66 4690
143 1836
203 2821
63 3207
123 966
122 3662
48 2645
105 1733
145 1663
42 3071
119 4242
15 881
26 3465
214 3239
128 4004
182 4387
98 1588
126 3837
92 243
167 1097
210 2365
152 2198
15 3457
45 3333
91 1174
161 2850
129 1505
129 2273
38 1840
205 1141
