308 308
46 1685
97 1224
29 3754
95 527
143 4551
75 4963
75 89
134 1492
137 2498
36 3078
153 1980
86 1570
71 1808
36 1581
43 4924
58 3360
104 2032
96 3028
95 2196
40 913
52 473
106 4441
36 2518
122 1062
132 1085
2 105
59 2611
65 1719
87 4281
86 2369
14 501
110 286
121 4717
103 1309
8 1617
130 1753
85 2800
12 367
83 10
21 2229
100 1868
133 3652
42 21
7 274
44 2917
46 4463
129 3504
80 2291
97 3844
2 4049
3 3392
133 2948
150 3743
47 3895
21 889
57 2343
117 3386
129 1643
126 2056
51 2950
97 4451
93 4167
76 2481
125 820
6 3378
84 731
72 2531
108 3602
84 210
8 1493
55 867
121 1016
149 3192
149 1099
109 3606
105 256
131 821
105 96
138 2573
136 4369
121 3076
114 2494
58 763
127 3812
3 4586
120 2765
148 1142
57 837
64 4228
46 2883
7 1964
92 4697
22 688
6 3236
19 2249
10 547
117 4603
148 3034
78 928
27 3731
126 2647
31 2873
145 1109
10 3117
128 3346
91 4114
2 1537
62 4556
144 3233
111 3003
46 2560
78 3908
27 3991
108 1113
51 3363
65 2810
93 3351
88 938
71 789
140 1862
2 4362
107 4902
15 815
133 1760
75 3294
76 4587
114 955
32 255
116 1433
21 582
34 3120
99 1760
93 3962
31 3939
65 2991
32 4318
107 4992
76 431
126 1654
45 2055
103 3596
74 1660
101 949
34 3168
122 1735
92 3340
88 1843
145 1912
140 4501
153 3081
59 2966
3 3143
52 2054
72 3630
4 3821
28 2668
9 2148
55 432
44 526
114 2725
41 4898
65 1897
82 3977
12 1975
95 4134
1 4991
125 3489
4 3931
115 4194
107 2610
63 323
14 2616
82 2483
22 4667
129 4166
62 2667
69 1890
8 4283
73 3152
33 3626
5 736
148 163
38 4582
118 2683
57 2548
52 4559
146 434
43 2287
86 3400
79 1077
46 1152
152 4792
6 4111
56 2613
115 4727
34 1020
58 4815
110 3255
153 2488
12 2090
12 593
130 4222
50 2148
65 4820
5 4730
71 330
100 1064
72 905
87 4580
34 561
1 2474
39 1630
93 4884
20 448
27 3307
90 4997
4 618
141 1834
37 1964
115 3007
75 3056
133 1680
139 2265
48 1676
6 3344
116 1190
95 2450
23 1072
58 4765
103 787
67 3971
8 2552
82 4311
2 4817
50 1747
142 687
102 714
46 1279
151 1931
33 975
85 4648
147 4127
69 3535
120 3742
55 4723
136 2680
22 294
20 1145
90 813
98 3734
89 2005
18 2472
86 1585
27 1685
132 4127
80 3362
30 173
119 1974
90 2395
135 39
66 3017
78 3912
41 4393
124 996
61 2618
138 4314
12 858
24 4713
125 4718
24 3609
136 269
121 3242
43 2654
15 4831
116 4739
100 2557
117 3958
126 3260
121 1924
90 3153
98 445
23 1100
38 2978
52 1261
114 2943
119 392
10 2594
19 1105
137 3333
122 1357
76 1963
116 3570
59 1405
10 2160
92 2482
68 4559
46 2069
86 4557
108 4446
110 3896
19 2303
28 1308
54 3460
6 4479
109 2733
34 1914
61 701
32 1198
