721 721
228 4160
312 4225
272 2469
207 1316
336 1069
26 3860
298 71
348 2963
137 865
150 2275
301 455
119 3525
105 900
153 3092
67 266
309 4929
88 909
90 1134
174 436
325 1955
55 3823
203 755
175 1305
8 1782
171 3787
87 4766
231 4731
221 2403
299 244
323 490
149 1782
244 3826
83 551
33 1006
249 741
192 923
34 3117
178 1647
40 992
301 3201
176 1937
39 490
239 2303
63 4541
142 2049
189 3025
251 4385
22 2852
31 2161
11 4141
173 1446
158 490
139 4450
107 3138
128 3548
146 3669
51 1345
291 1015
185 3951
63 1291
176 3898
236 3243
194 3992
10 2225
261 1319
16 1346
299 2392
186 1671
255 3545
283 2022
117 1209
321 4678
111 300
33 4686
222 3249
118 2762
108 3523
312 4303
292 1930
181 2738
297 4686
91 2008
113 3984
352 2540
274 2195
195 40
96 3422
92 1713
348 4852
256 3956
277 4931
5 4770
304 3128
31 3354
236 1846
194 1676
186 4619
303 1943
264 2964
249 4670
310 4634
9 3320
322 344
82 2475
109 856
63 4254
139 2609
348 4820
278 3626
49 718
206 1973
4 2813
201 1149
178 1532
17 2418
193 2635
328 4647
83 4716
222 964
240 3717
228 4040
110 199
54 654
339 2282
98 2560
312 4363
159 2884
310 2950
49 3903
103 2993
220 2741
254 1034
201 891
351 4752
218 3911
323 2061
228 4051
278 1028
338 3129
197 3133
222 3682
299 2884
163 3949
130 4838
159 834
257 3057
244 727
257 3099
303 311
178 2526
196 2018
49 4474
25 2612
304 4225
94 3644
16 2062
348 2360
107 3307
102 2413
359 2286
150 2488
307 3172
211 4271
65 977
138 142
351 3957
116 2045
27 4925
333 4835
177 1354
22 4864
236 521
24 14
248 3719
220 43
130 432
45 1065
160 2420
46 1850
232 4874
2 3004
241 3659
224 3252
34 3595
72 3645
288 2745
107 4174
15 3637
83 1796
82 2306
51 2552
170 2166
35 1806
163 421
253 3485
54 3271
124 2328
345 2500
30 167
232 4331
216 2236
194 1272
273 2580
272 2311
334 1500
171 4335
89 3296
150 1494
164 393
147 700
349 421
266 3511
59 1334
249 2465
240 4988
197 3762
104 2640
284 2383
157 2511
19 3073
326 3857
38 2717
197 567
300 3823
145 4627
67 1771
294 2786
208 2923
271 4948
274 1064
74 3283
273 3227
257 2662
211 4878
225 2569
39 3948
143 2432
209 1090
241 201
59 4597
42 1568
145 390
8 1833
63 1823
27 217
239 1393
344 633
181 792
244 2439
35 4586
271 2019
243 4662
206 3856
105 3461
314 4065
207 1053
241 618
84 860
168 2816
37 4794
14 3441
319 3971
203 4214
359 4905
288 2706
24 4907
16 2314
350 270
6 4070
261 1906
106 644
20 1500
33 2591
347 285
167 48
252 1588
221 4750
166 343
66 4918
41 2637
126 1801
16 1322
166 1230
25 57
255 3134
22 1800
191 2645
84 2616
27 2624
59 4835
347 943
42 367
261 786
93 3012
237 1424
227 2536
35 3020
307 866
210 2782
250 1439
138 1742
298 3835
191 1523
104 760
195 2141
329 2033
48 4531
255 4640
10 2329
57 4522
66 4380
89 1356
5 1281
298 891
180 2240
250 4616
129 426
262 894
182 4247
148 4654
84 423
175 1543
209 212
125 3338
53 3252
130 3399
189 3897
235 4324
147 3581
108 1080
9 2591
74 4527
236 4974
244 1146
275 1614
185 358
260 2706
63 2722
66 1506
254 689
63 2300
263 1333
99 870
258 4483
2 462
321 138
270 2817
164 3929
88 1568
279 4125
138 2302
304 2365
59 360
109 3631
351 4266
17 3220
188 2336
221 2981
227 2115
337 3405
51 2940
141 978
166 3134
211 1941
123 825
186 1456
83 145
5 4260
306 1068
188 3730
190 71
183 328
296 4626
157 1516
43 4236
93 4974
135 1209
192 3988
177 316
149 1488
126 3823
138 4107
116 4697
4 3164
334 2975
275 2217
135 2976
111 2904
26 2621
224 3413
304 1577
358 4452
213 3200
53 2911
186 441
360 2852
213 2025
57 463
215 3896
70 3463
179 4825
299 894
235 4725
46 3375
132 639
63 453
167 2683
83 503
58 2183
133 1098
6 2360
253 3209
159 2407
347 479
238 1859
280 1925
218 1836
196 1872
168 455
135 138
87 3231
283 2264
6 2584
216 3010
332 2012
269 2667
8 3523
46 2508
29 1665
136 4911
187 4576
136 2628
290 1335
355 292
107 118
22 3213
340 717
65 925
295 1370
96 1599
278 2044
283 1146
249 29
46 4352
146 431
86 2770
242 3590
36 2041
236 216
286 1952
109 3430
258 490
296 2801
93 3788
126 4372
350 4918
190 1322
135 4994
219 1083
160 4227
28 2263
324 610
324 1207
47 4253
235 800
261 1081
175 2736
12 320
121 963
204 3765
272 2051
30 2505
187 93
249 3549
73 1906
80 4310
31 2025
244 1085
262 4747
199 179
73 631
303 967
323 3705
129 260
190 3535
106 2167
126 555
39 1500
82 4018
298 349
225 4471
33 1005
308 3478
279 440
46 4863
17 3085
24 306
208 1965
162 1240
246 1736
15 2980
271 3431
269 1576
354 1232
315 2275
118 4794
173 1614
147 2597
111 3431
262 327
225 3559
275 690
329 3319
324 4872
88 2469
234 3815
161 2163
181 1751
153 3789
148 2897
286 3058
73 443
12 2494
109 4579
170 753
74 2864
89 193
156 4158
129 3276
113 1971
351 4887
274 22
103 4202
133 3517
60 3709
220 2255
14 2434
329 2552
72 1032
216 2758
226 1710
279 4119
81 742
135 1297
28 3777
10 4246
17 2959
328 4885
11 2819
178 1962
313 1020
196 1903
8 4564
121 227
174 1303
354 941
133 1331
16 4770
169 1508
244 78
39 127
309 650
266 3927
213 295
161 910
109 99
158 50
75 1127
70 4493
321 1976
205 726
96 543
34 2717
165 776
72 2925
344 3551
251 3017
253 2943
24 86
302 2050
148 1127
47 387
218 2380
108 608
154 4826
289 2138
75 1206
161 3475
135 949
135 2394
328 3182
29 3205
209 1389
305 3671
321 1544
250 213
137 3293
25 4173
172 769
301 2604
211 2981
237 4153
5 3303
350 1984
211 860
259 4787
144 2557
135 322
196 1261
136 2906
302 4759
301 3193
359 3082
176 2264
204 4112
103 3579
148 1649
136 3171
77 4951
312 2366
309 4809
306 4909
25 870
252 4509
37 256
241 801
267 212
29 674
295 1442
135 1842
115 226
155 2585
284 78
54 3479
130 358
235 2566
333 4325
239 2127
215 4854
111 3233
115 762
11 318
18 172
118 1996
301 363
71 2901
195 3775
23 659
324 2763
275 4685
202 1389
148 3031
175 1632
135 2565
348 4040
292 218
23 4465
308 2063
231 41
34 1094
300 2620
308 4533
293 602
333 737
187 1775
158 1936
254 208
176 2148
237 2888
150 2981
52 1608
256 2871
243 279
240 2258
334 2705
172 3890
214 4835
328 3397
88 1761
205 3613
128 3708
61 1770
360 4697
84 2512
228 3914
312 1391
170 133
215 2538
6 1267
321 68
213 977
18 1023
317 4807
318 142
4 1184
127 103
110 1305
332 512
110 3102
42 2740
313 2465
24 741
75 1415
19 4796
213 3640
305 2169
133 3581
147 3414
19 2057
116 2198
295 720
288 3737
103 2093
21 1918
18 565
328 286
164 3337
294 2346
336 952
205 4136
21 4362
