388 388
180 3271
17 1879
101 2092
116 4138
34 4280
129 4959
113 2384
21 1124
172 1699
23 1747
84 752
139 501
192 1288
120 4803
125 3403
137 4008
186 1551
99 2281
18 4666
22 3864
43 4489
91 2331
130 1257
2 759
158 4678
75 2215
29 3424
130 1625
41 463
140 2765
14 1899
60 2274
8 4785
125 4434
21 2477
129 3616
125 3491
75 947
38 3536
173 1315
18 1484
5 943
159 2268
179 3301
126 2460
136 3880
171 1067
53 137
177 2783
85 3850
23 2307
89 581
159 3831
2 3810
98 3479
79 1751
92 3166
133 3562
14 4131
118 2154
192 4480
80 2884
75 3113
40 1390
26 3596
173 1622
7 2747
35 3694
152 3446
102 1762
110 3903
118 2394
62 4453
105 4259
108 826
31 4943
81 3129
28 2796
98 4686
44 1908
82 2599
140 4840
5 2959
126 3145
127 2488
10 3907
30 676
22 3791
80 3270
165 323
101 4213
25 8
169 4744
119 4379
17 3179
72 3348
110 4024
76 2629
176 2649
187 3347
143 3380
89 868
90 1475
164 2279
78 1868
155 2345
121 1461
16 1586
117 2263
137 4611
176 3908
108 412
59 3778
37 2558
191 1924
146 4351
105 905
50 3029
159 2607
96 2328
35 4014
171 2248
176 697
170 2880
129 290
152 3389
86 3579
135 187
122 3723
108 2737
139 3529
49 3490
142 629
37 1488
9 4265
2 2763
63 2511
144 909
95 2961
156 2225
116 4375
146 3959
49 3421
105 1101
16 3504
30 3299
190 2981
188 652
35 4066
175 1673
79 437
45 4404
141 403
111 3833
179 967
40 4302
170 4668
65 2216
52 1411
151 4374
85 1501
87 1511
7 2247
45 3970
110 467
132 3936
118 4011
149 946
56 470
159 1933
181 2350
129 4073
51 4499
108 4098
160 1678
17 3086
1 4726
5 2865
41 474
83 4105
90 607
133 1321
131 1550
9 4181
14 3182
135 1691
146 1978
78 3310
33 3545
171 2181
83 839
46 4028
54 3050
31 3533
163 4777
166 157
163 2720
51 1115
193 2851
170 3219
68 506
146 4890
72 982
25 3028
15 4104
174 2837
149 3506
163 1455
59 2106
47 4138
76 3017
118 3588
177 1406
118 825
139 3611
59 3254
141 3144
102 4977
152 141
25 2315
116 2405
16 2103
65 3636
191 3865
158 3636
161 520
42 1392
23 3926
94 1255
42 1900
61 4090
156 292
112 4830
19 4422
30 3278
28 4049
63 3417
151 1004
166 3169
4 1055
45 4762
175 2101
32 413
131 4424
184 3062
107 3401
45 2587
59 3139
104 1076
141 2212
163 2571
4 3881
22 3704
56 1677
8 1574
17 440
8 1830
41 3320
180 4891
110 2067
141 4667
143 2053
51 8
153 1445
96 3547
124 3373
23 14
179 1689
128 4603
37 418
132 1963
164 694
118 983
181 813
57 495
97 2308
147 4534
5 655
46 4864
152 4838
11 440
80 4069
176 2810
44 388
63 3669
160 3154
179 3643
161 3599
98 366
136 4552
146 849
73 1871
41 3349
189 3460
69 1146
176 1006
2 243
137 1394
82 3401
152 3229
185 2628
174 3954
47 4543
65 300
142 4079
102 2825
15 3036
94 2453
78 928
177 4768
158 1122
30 2437
140 339
127 3831
72 1583
128 658
103 601
49 2730
188 2072
81 562
30 1052
26 3846
59 3699
50 593
30 4804
59 3366
150 3151
148 1530
185 568
16 4285
12 2180
9 2267
169 4180
161 4276
26 3115
47 157
92 1348
105 2756
58 1531
108 1210
172 2623
51 2384
157 1721
178 823
64 913
15 1210
185 167
101 2148
10 2976
149 3160
189 3297
109 4882
83 3468
123 1954
12 219
37 1197
56 1723
34 4090
149 3292
2 1122
182 1328
18 3692
26 4185
50 361
131 3521
187 1257
175 4241
22 1060
95 1823
146 3440
183 1434
133 3422
111 4910
32 317
84 1467
151 4260
187 3626
27 610
188 1250
137 1000
97 3700
74 357
67 3536
92 1709
108 1276
129 1169
91 2780
104 4126
