622 622
296 857
33 1802
282 2262
65 670
79 3063
66 262
304 3152
308 3346
294 1721
208 1067
208 2045
104 1428
264 4410
118 507
268 1754
129 3750
217 1242
97 1010
214 853
211 1946
210 4903
185 2823
294 3458
298 790
218 16
254 2093
257 1992
206 4769
282 2064
236 179
300 93
45 420
189 802
25 1052
228 421
65 4674
20 3829
202 911
23 2413
89 354
89 4269
59 2133
76 2047
180 4017
241 3837
301 1868
222 3466
217 2743
14 1567
20 3180
212 4076
249 4534
249 2491
87 533
52 3504
37 3081
307 3906
207 1955
224 3664
295 1218
46 4990
111 1796
234 4499
29 2633
86 1795
284 4516
192 3223
199 3157
310 2466
194 1990
26 4726
66 433
92 3628
48 1925
48 1389
51 4390
303 4370
205 4065
220 1076
113 857
19 4534
289 4013
252 1343
191 4473
210 381
72 180
121 1737
7 3713
78 472
212 1425
88 3134
202 798
307 201
262 531
297 1929
300 1261
218 227
121 1410
138 3704
211 3805
97 4348
125 3592
249 3143
217 1717
265 754
97 4048
110 1262
124 4730
34 2263
111 1225
151 4295
245 3222
116 805
208 4799
14 465
161 3985
150 2806
186 1488
206 2149
160 3185
78 2074
106 2837
227 2203
96 1849
190 1553
290 769
85 1389
169 2680
9 4717
161 4004
307 2562
184 3552
266 282
183 4869
278 4829
235 1276
84 3206
125 4338
12 855
52 2941
118 2316
291 4374
38 3771
286 2858
167 2301
118 2232
27 2171
25 2103
187 2844
160 1332
83 3359
22 222
42 938
5 1554
104 647
257 4845
237 4169
132 2610
40 355
52 2536
226 356
22 1921
263 1669
295 2871
218 2348
163 1441
303 2606
180 2626
74 4411
157 597
63 938
295 1848
85 3166
112 621
223 968
30 1532
273 3767
284 3657
127 2267
53 3704
178 4534
189 927
95 1072
230 1156
187 679
236 3692
40 1620
287 808
292 1240
58 2202
171 1462
144 4833
72 392
91 3926
96 4323
301 1269
264 2772
107 4991
156 3225
309 4376
274 787
140 3625
35 1770
304 3105
62 4047
262 3606
262 2940
284 487
54 1548
98 4184
303 4601
123 1570
199 4618
232 2430
150 2551
98 3553
155 506
172 497
34 3192
93 1981
73 3875
280 2371
161 1096
55 3973
134 3961
79 4315
53 801
157 1496
124 244
1 4186
280 5
212 1735
35 3994
89 660
153 1956
87 498
64 2620
207 349
266 293
13 3932
125 4032
65 2960
285 3303
151 3785
237 1375
67 4751
57 2292
134 3793
271 2391
221 1104
289 1926
214 4585
89 2011
237 1821
2 465
286 3713
250 2140
59 4019
304 777
117 2033
110 42
131 831
43 2095
245 1613
170 2091
301 2662
301 2814
60 3182
122 3379
70 4591
243 1870
276 1410
134 425
211 2302
189 3891
94 836
169 971
257 4034
235 4535
92 275
99 4210
5 4104
252 2876
203 4696
111 2786
178 1801
238 458
169 2756
22 4991
116 3033
42 4731
304 2577
169 255
143 595
294 688
251 4609
55 4205
167 769
43 2623
184 3203
180 2469
41 805
133 2868
149 35
47 3235
115 1944
99 4151
220 3170
229 4828
278 1720
166 3063
284 908
309 2615
131 451
266 177
137 3765
287 1117
186 4695
101 1453
230 3506
96 367
115 838
294 1893
282 1825
143 4414
289 1969
103 4938
308 81
20 776
248 1894
276 3836
69 3744
21 4206
275 3551
79 4107
13 141
255 811
270 2840
246 3197
136 2761
309 2133
23 1961
308 4742
272 1736
137 3065
205 1462
308 4949
16 2450
222 1150
66 1577
246 3709
171 4021
310 1618
49 669
14 367
108 325
57 4978
196 638
285 2597
62 3468
6 1078
208 307
94 2179
19 3985
36 4129
271 2703
300 243
86 765
28 2854
201 2893
306 3929
154 668
99 96
220 1630
199 3980
156 3679
138 299
37 3697
22 227
284 17
32 735
164 831
116 2330
307 4671
237 686
163 3854
214 777
309 1879
179 4028
30 3824
177 633
80 3666
185 1406
292 4016
135 432
289 1112
306 2669
90 3275
26 1979
81 2594
54 1831
106 2694
282 2658
220 362
72 1512
283 1124
9 3569
161 4412
220 3477
44 2852
272 540
139 2211
58 4152
168 4262
18 4949
307 3414
51 967
290 1391
102 130
162 2218
168 4856
281 3604
20 802
235 857
45 4777
190 3660
267 3141
296 3280
54 4822
67 2819
255 1906
227 867
242 3941
150 1072
118 655
46 1080
296 4035
26 4704
187 2309
261 2089
222 3441
18 2062
38 3691
291 2357
161 3378
303 3792
174 1747
308 722
137 634
179 409
249 4155
104 3710
98 4650
217 2040
59 100
194 4861
177 2596
237 2569
216 1632
91 3052
192 3720
127 4385
54 4445
2 1471
103 2182
72 2109
89 2870
213 1999
245 5000
228 1526
159 1868
235 4966
151 3421
182 4580
236 4170
269 1723
147 1266
170 4933
220 3385
47 107
203 1424
199 1583
276 4925
23 1105
237 1063
19 2624
281 629
23 1209
280 3754
180 568
275 2641
230 703
174 1424
163 3827
10 420
55 391
265 1245
266 1790
31 3510
230 4362
79 4677
18 4022
222 242
13 3793
309 3874
260 3183
63 1175
263 1713
164 4502
182 3661
65 4681
154 215
203 4505
49 2366
261 2518
219 2918
1 2307
69 4312
21 769
140 1503
131 994
67 3811
1 694
132 4389
220 387
156 458
289 9
176 3734
256 4872
302 4003
163 4969
44 3002
116 3399
276 2908
25 1182
164 953
191 3739
33 1259
54 4179
224 2308
260 4296
77 4173
24 3495
125 3112
101 756
45 3238
166 2830
288 2440
40 3282
192 4450
55 4600
69 4444
187 3592
109 2426
255 1000
52 2572
161 3697
275 2193
195 1353
3 1225
246 1570
96 680
51 1506
258 3762
114 2859
72 4330
90 1804
1 2400
273 1586
181 3521
198 3594
259 1931
249 4292
231 3438
269 682
178 1206
17 3460
84 4691
246 1645
242 3453
277 3180
211 2079
163 2011
186 691
131 4222
151 3757
261 14
87 603
192 288
10 1137
187 1834
128 1824
306 1096
212 4659
20 2173
164 3034
219 3660
293 4942
70 4829
191 2205
291 3753
139 1567
218 292
126 261
112 640
45 1455
305 1300
92 3468
259 4286
165 4559
136 4788
85 2188
199 4009
285 1251
299 246
280 91
234 3937
145 4035
121 3515
159 3422
291 3617
163 1978
