257 257
87 3700
96 4410
94 990
126 4534
92 2606
20 3835
63 2460
10 168
94 873
5 4188
50 206
120 3833
19 2113
96 3425
58 2852
101 3020
38 3743
78 4646
119 2577
89 3978
123 3269
23 4510
45 1582
81 2096
74 996
25 4346
109 1320
69 1824
59 1023
38 3752
58 1079
55 2319
33 4880
123 1677
53 1518
46 2462
31 1758
75 1279
30 3399
97 1251
64 1234
111 3923
110 4309
51 1574
27 4103
116 690
114 1224
30 3082
32 3938
76 2307
116 4754
82 347
107 4072
2 1765
68 913
89 2459
117 1487
8 415
15 506
91 2392
90 919
91 1309
75 176
73 114
122 4395
88 86
74 2909
12 544
2 1791
119 2237
52 1207
51 2183
30 4168
11 1005
31 2361
15 1428
59 1859
48 4103
121 2984
22 687
16 3864
29 257
34 46
15 2867
67 4215
91 1049
82 1268
18 620
69 3374
2 1218
36 2970
99 3277
101 3631
121 4535
67 666
78 4685
110 1121
59 4359
74 4060
116 1383
127 1803
56 827
18 3130
33 1001
63 3531
120 3573
109 4311
54 1458
71 738
80 1474
1 3414
19 4013
87 4966
30 2672
111 14
21 2413
50 2946
117 3789
49 3763
75 1076
36 2575
111 1219
74 4126
70 3082
124 3270
95 4356
110 1925
88 4598
65 3252
79 2668
57 4857
94 1265
43 1982
12 1710
105 2518
35 2345
28 2112
75 1496
51 2537
122 2407
84 48
78 4070
51 89
108 4525
109 2489
85 4975
5 3998
52 2809
45 4220
8 1244
75 673
125 329
26 399
4 2352
120 1505
39 911
19 4040
43 229
64 4122
50 3579
102 2984
116 3320
20 2128
116 3309
123 4071
82 1533
36 3184
116 3704
103 4343
9 4349
113 2331
52 970
15 3266
3 269
9 1271
73 3214
51 992
14 4398
24 1647
123 967
121 4726
74 4021
61 870
25 2710
121 740
68 532
38 4164
19 2734
96 3212
78 3049
48 2879
121 2942
116 1607
110 3398
25 2238
119 2349
17 3744
54 2327
120 2166
114 1301
107 128
59 4896
4 4561
12 1018
117 1461
125 3581
85 3312
6 3358
119 20
71 2155
27 1880
87 3343
91 1701
44 2467
111 660
4 950
22 2284
71 1921
81 3908
73 3842
15 2225
75 2574
110 1648
68 2595
31 837
109 849
100 3738
107 515
109 4008
11 3808
43 1125
12 3545
60 2484
48 4805
64 1416
55 2128
48 1239
28 2800
56 2029
72 4043
82 1716
9 836
66 3011
53 4391
105 4000
83 2184
88 3854
24 1479
75 3126
71 1948
72 2572
127 69
31 4086
9 3968
10 2743
122 2124
124 3137
