477 477
87 98
51 3124
62 2857
157 1092
117 4417
237 2191
41 4082
45 2180
135 1910
234 1493
128 1406
149 4800
150 4791
102 1849
57 2479
62 1906
83 1343
17 1396
143 836
149 3864
122 2691
92 858
114 4204
12 3807
94 3203
191 1092
165 496
132 859
53 668
174 4438
170 4659
221 273
86 1340
133 4047
105 4937
56 4762
229 2431
68 2185
25 2610
153 4056
131 1403
185 4946
107 4890
102 4013
37 3883
133 2705
28 1667
12 615
141 567
149 4351
11 2021
38 3260
69 1656
166 3053
121 3265
167 2331
143 1932
166 2467
8 817
103 3197
37 389
81 4997
52 2871
46 4099
48 2807
91 3327
217 2932
121 166
115 3488
150 4429
58 3968
55 2034
204 4281
100 1507
7 1537
185 1183
159 219
182 3175
203 1658
51 2837
116 2694
96 4923
135 3646
81 1729
206 1088
33 3133
220 4131
55 2578
205 980
147 1951
32 3523
71 3145
102 338
199 4568
179 992
10 1065
189 1375
136 1253
24 4835
39 1230
150 156
32 1000
161 1539
170 1333
120 3585
40 864
184 1074
37 1959
76 2052
194 4079
187 1674
3 4480
132 4503
178 1260
158 3045
64 1763
130 214
78 3704
100 2829
92 1082
174 3130
30 4432
48 1274
222 4605
82 816
193 1801
132 2950
160 4590
218 4661
147 3895
113 4365
199 953
108 576
124 1183
142 2971
193 588
224 2399
34 2203
88 1625
173 609
60 2824
24 196
165 4343
22 3425
115 4546
22 1492
208 3306
35 766
75 3755
165 4283
94 1614
140 1922
198 1097
58 2618
147 3034
63 3372
92 938
167 3090
94 387
214 2973
100 4811
6 2044
84 669
113 1931
11 4578
195 3061
76 1319
73 3893
192 207
184 3492
57 2715
223 1823
119 1009
116 499
122 79
183 4846
237 3098
104 1038
101 1682
4 1653
98 1218
156 1151
198 3220
113 470
223 2297
48 2904
53 1376
74 4418
217 4874
137 446
69 118
219 2059
102 4276
54 608
80 2636
115 1080
163 3710
57 4595
195 1024
195 2203
199 1561
226 1330
128 4221
174 4645
127 3964
114 3506
87 2760
53 819
23 117
154 4240
18 2801
154 1268
90 2361
152 4309
179 734
58 3450
88 3987
57 533
77 1823
14 4559
95 2827
57 3709
190 3831
225 4172
121 4868
70 3697
121 141
32 412
235 3512
217 2624
19 917
195 1879
205 707
17 4767
50 1364
16 779
210 3711
158 2788
88 1403
135 2225
214 3984
17 3140
168 4160
154 1510
226 4051
229 3134
22 2467
106 1623
135 1208
169 3418
125 2439
168 1991
225 2441
179 165
152 3989
49 691
24 4693
234 1710
44 2071
182 4127
87 1595
176 3639
92 1053
57 1281
116 2327
67 1783
53 2589
77 1791
195 3306
31 893
170 2923
74 3521
200 396
83 1395
134 1098
25 2458
125 3046
77 732
13 1206
2 4794
122 600
120 2220
14 3561
94 773
205 182
71 3761
93 973
237 1392
76 1940
104 3917
75 4687
77 652
53 1600
203 4928
180 3532
191 4563
9 3463
178 63
99 2155
50 4440
73 1506
142 2238
163 2641
11 1761
184 3552
90 1805
30 2765
71 2683
116 334
201 2351
119 3789
40 3037
97 184
24 3474
129 945
63 4904
76 3491
76 396
9 2437
162 1962
199 2440
50 4582
174 2472
229 2953
143 1418
46 1421
23 4500
215 4061
170 2428
234 3466
11 4488
123 972
84 584
83 3594
15 630
193 550
128 1050
61 1375
99 4907
171 2660
195 3280
206 2576
218 965
120 450
149 879
78 4184
13 2155
234 1268
155 466
221 1319
235 2221
139 3563
95 2350
67 680
191 1747
44 73
94 4067
215 536
24 1202
180 4090
148 3519
107 1778
97 3255
192 2146
49 3750
237 515
166 2200
230 774
201 4738
53 211
25 4276
31 4161
115 186
172 184
162 2229
212 748
168 2125
52 3341
24 1850
170 438
64 456
188 2475
91 4900
137 3030
66 2440
228 557
112 2360
200 4957
44 2109
236 2149
63 207
66 1000
90 82
102 4381
4 3964
113 3168
50 1868
60 4565
215 2083
217 4887
166 3733
159 1059
98 1832
207 4320
210 1410
102 4830
14 3690
183 2701
134 4831
159 1221
181 888
206 1269
50 3579
69 4678
83 781
4 3456
179 2317
224 2513
86 2347
168 4534
53 743
78 2183
166 1540
179 1005
11 2277
224 3242
176 3209
58 4616
220 1567
151 693
23 4353
198 1287
104 3976
55 1856
26 2442
158 3946
159 4158
133 258
150 3987
116 1795
173 3864
35 4921
130 1181
98 1578
77 3815
28 3052
151 444
213 2616
110 881
105 187
91 3613
128 2583
34 1335
200 338
151 4397
97 3672
4 1893
164 3383
148 2852
230 816
149 1380
59 2431
206 1648
208 748
129 1059
94 3762
113 3401
149 1171
195 2828
139 4438
161 2247
179 3746
189 2162
59 3131
149 3095
8 2283
235 2681
