458 458
144 474
85 195
128 3196
169 1248
79 533
23 1372
71 4898
208 4420
25 2502
208 956
26 4427
114 4555
204 89
99 3679
70 602
181 3186
144 3167
62 1082
156 852
217 2923
152 2256
110 2236
69 1252
173 4851
64 3046
161 850
106 4786
122 333
55 4246
220 1936
6 3119
180 2966
180 3789
148 1038
96 3605
44 3579
142 2168
151 4139
5 880
165 4946
145 708
75 252
26 239
47 1151
113 1076
58 3303
80 944
180 131
4 2497
1 3840
47 4496
4 1233
81 3810
190 982
65 4236
144 2457
3 2540
180 3207
199 3287
89 1446
159 4833
108 2111
117 3466
81 3466
196 4173
176 384
77 2293
176 4001
214 2453
133 3704
129 4270
80 505
207 3882
65 3688
102 151
67 1465
210 2749
197 4101
85 1709
106 4700
60 3073
197 2819
152 420
168 3136
160 4125
108 4032
118 902
169 2302
6 1641
176 3520
98 1078
57 2387
144 1584
11 3470
29 18
215 2088
184 2536
86 3843
43 3133
205 118
222 1214
112 694
208 2925
86 24
89 4307
141 1269
150 3563
90 4840
108 1296
156 2277
158 3636
101 4854
139 4777
183 3367
119 1059
133 4391
89 3654
164 3657
3 4076
42 1195
109 2926
176 737
125 3440
216 555
130 2608
119 2681
42 1545
81 78
166 711
14 3417
88 4175
8 663
19 3664
227 2647
3 208
108 548
66 3061
11 453
15 1356
185 1056
85 3974
191 4193
121 4891
114 2719
151 2073
32 3487
202 106
26 2606
53 4272
183 4999
130 3313
216 913
73 4694
173 2178
169 927
60 872
178 2836
67 2638
9 4721
65 1933
6 601
65 626
100 2444
87 4865
24 1695
215 291
125 2808
67 3234
169 3569
134 3262
21 3012
4 261
16 4533
10 2394
160 4252
194 4881
78 1407
15 2941
87 1886
84 3953
85 139
217 3938
7 1374
147 4961
161 1036
179 3920
195 2277
11 3243
81 4253
139 4196
10 804
20 1921
19 3559
220 4202
130 3824
105 4341
77 4059
82 1780
158 3724
10 1794
228 3899
23 575
132 2467
47 4705
208 2633
25 761
156 76
204 2120
158 3309
37 1603
221 3801
132 7
81 753
227 2503
160 2704
69 518
136 329
214 3640
34 3144
181 1815
82 3448
120 1248
55 1827
98 578
93 3056
127 2556
6 22
65 4724
179 1869
209 3519
20 3804
205 834
39 4835
69 617
226 4091
48 1612
20 2418
224 2162
26 4380
172 3602
51 1324
153 3875
219 3464
6 3802
187 3784
8 4407
79 2343
185 2154
209 973
201 563
15 4515
149 1917
98 2134
179 3671
133 1984
83 4400
115 919
112 4191
64 3343
76 3231
39 1420
145 3825
41 1790
135 4730
48 2984
164 1853
125 451
95 909
191 2326
135 4749
142 3732
54 3678
199 2523
81 4592
107 3217
33 917
70 4544
223 2459
31 2350
167 884
27 2654
122 4650
131 1781
122 3237
17 4353
154 2262
207 491
35 4984
210 2609
157 186
163 28
27 2119
186 181
79 527
115 4376
201 1045
138 2587
143 4926
211 1556
5 1151
88 4827
93 323
19 2378
11 331
45 4936
118 1036
164 3019
26 2016
97 2374
124 1816
197 3083
139 742
211 3420
90 417
88 2203
21 4868
99 4958
120 3246
38 4449
7 2199
98 3077
43 1225
9 3836
219 2674
184 1625
98 2451
99 333
18 32
36 4308
20 1479
203 4651
109 3631
67 1226
67 1765
175 4836
178 3508
17 499
18 415
204 1408
114 3066
93 3523
81 4870
6 2511
64 3444
176 3266
69 1263
51 251
129 2844
216 323
195 4530
205 1781
138 42
52 2611
12 313
57 2095
111 847
226 2128
174 1883
72 125
153 207
57 2968
58 483
50 1937
180 1718
34 1097
27 373
154 3506
198 3650
184 1229
171 3009
181 2482
190 3375
185 855
188 2529
82 3456
8 2145
226 4572
97 3923
217 1254
177 1122
122 952
85 4044
215 4297
15 3939
3 4450
163 967
77 3795
131 631
138 1611
170 4833
41 1086
52 2893
21 2319
11 1677
118 3192
130 3950
8 91
87 1097
54 525
200 4363
44 4472
46 4230
31 2653
93 4562
86 684
24 4186
100 2344
184 21
220 2276
38 166
188 1195
40 4167
4 4410
17 586
102 2797
72 2129
201 495
215 1443
124 4906
117 1705
178 2641
200 4883
70 4954
29 4990
14 4749
21 1987
81 4383
139 4205
211 1002
104 4994
120 1057
30 4142
52 2570
106 4831
149 2773
144 2286
1 4230
189 548
133 665
34 405
190 4012
220 1703
91 1196
1 1646
152 2800
11 1440
140 3673
3 1791
142 283
64 4338
12 4086
86 366
168 1509
119 3937
15 3935
160 1434
165 4735
186 4154
