371 371
9 58
55 1724
89 3451
84 1378
33 1636
90 3334
33 2428
70 2285
13 1984
22 4561
122 4715
23 740
146 1115
43 3984
164 3037
13 53
39 138
40 2684
142 3567
36 2509
109 3446
70 973
94 1498
44 4437
168 3559
129 3328
134 1587
134 1202
15 3069
145 301
3 191
91 3507
63 1726
110 1136
40 844
93 2315
139 826
43 429
55 4382
165 994
143 666
109 4328
131 3086
75 4776
109 2074
139 1449
8 4562
96 1091
153 2597
168 2035
91 4745
88 1644
111 4121
110 4914
46 4514
178 941
135 2641
38 454
60 3575
160 1163
24 4574
79 4539
40 1819
102 2811
45 622
168 697
83 4314
82 3333
30 3274
98 4337
72 2737
103 1208
71 158
150 4426
46 115
110 1425
158 4625
3 1651
170 2137
180 4701
130 12
10 4463
28 208
88 2785
120 2500
15 4594
123 769
156 3592
15 139
88 868
104 4148
6 1217
81 4913
32 3151
47 4939
55 1686
14 927
156 1852
44 954
58 782
162 3640
167 345
111 773
76 211
19 3444
171 3554
142 4067
145 1465
142 1987
181 2509
172 878
92 1471
13 2811
99 4677
47 4165
133 4763
60 808
177 3244
155 3620
94 2637
125 3936
93 2868
35 4162
6 3346
80 1351
172 3799
159 4756
150 4888
104 2883
146 4929
116 2827
26 4320
119 4060
141 4024
18 4323
1 4578
9 1899
2 4173
54 1714
31 256
126 3438
84 805
118 2367
106 4143
22 3087
136 3644
103 2794
69 3843
102 2087
105 1096
158 565
96 677
96 1967
120 418
88 1945
100 2859
143 3945
45 2387
123 525
85 1335
39 1096
115 4247
96 1660
183 4907
28 3682
137 97
166 1153
146 4235
155 4026
27 2473
176 676
14 753
19 2638
70 48
134 3667
158 3898
169 4281
130 2794
29 2969
74 599
63 4727
86 679
147 1615
2 317
178 1299
147 958
97 1516
134 3516
35 4618
135 1412
164 589
24 3708
130 4955
95 4557
147 2995
160 4697
39 1623
3 1151
36 2098
118 1217
54 3233
42 4322
111 4691
24 144
142 795
161 1793
148 4461
161 972
57 333
125 2820
180 4587
16 1631
89 2592
102 2670
39 3383
143 1006
184 4952
88 2261
68 3743
117 1962
113 3615
84 753
108 2895
20 2467
78 4846
180 4864
105 451
182 2407
118 1167
116 4569
118 910
164 1054
129 4749
63 4150
84 3620
135 353
124 1716
58 3942
153 1066
90 2272
87 2332
92 1895
42 1199
30 2356
79 3651
13 3373
143 30
59 4854
119 1077
76 4175
141 15
161 3862
7 1328
91 4473
73 1336
67 2368
170 674
38 212
43 3841
163 1726
146 4958
122 2061
184 1736
180 3427
26 540
154 4323
42 4959
130 1862
156 1419
84 4435
62 2939
16 1896
161 2682
71 1604
100 2946
65 4348
37 3401
61 1656
55 1105
119 3291
66 2936
178 3308
172 1454
113 1013
145 1110
141 26
173 2808
88 4157
1 3486
95 655
41 1099
77 2402
39 3480
137 292
28 2570
1 2496
77 290
85 2321
83 2349
126 1255
94 2350
39 4676
23 2154
49 11
20 3276
168 1020
49 4452
34 1929
34 2203
179 2229
69 1506
180 1344
34 1432
29 1673
134 4672
107 4695
50 4044
60 1049
90 4609
81 410
131 3276
168 2308
97 3060
59 512
54 189
114 795
17 1518
171 2119
61 2655
35 4382
146 4155
119 1712
177 2451
90 2550
147 4548
33 1609
19 4962
158 4491
173 834
171 1428
132 3807
81 4185
81 3532
178 3322
86 305
44 1126
119 396
76 3459
62 2904
11 2793
44 2519
8 3806
25 402
102 4999
42 1244
155 503
91 1439
20 3929
170 2302
44 355
16 1365
33 89
177 2020
108 1913
104 3051
160 3345
52 4583
71 4550
172 2059
110 3889
122 932
