244 244
31 4874
50 4564
82 4384
67 3031
46 4566
46 2771
60 3659
17 3714
78 4804
119 4487
52 1597
83 4922
66 3025
59 510
77 3828
47 1458
27 4276
98 1689
3 4476
24 4651
86 2890
41 4049
75 4215
27 3148
114 2391
22 1717
97 3069
63 394
54 3289
60 3406
32 1441
30 124
63 1515
82 2310
119 3273
100 4008
43 4936
25 4526
20 4959
24 1228
75 3402
76 2308
2 2462
88 3344
105 20
31 4726
25 2612
95 4551
23 2773
90 4836
33 805
105 3741
104 156
47 4369
47 102
73 2956
22 765
27 412
101 960
96 2281
73 4664
96 3830
23 1179
32 1208
45 2542
87 3909
14 215
80 4001
109 2884
29 154
103 598
51 4550
12 1060
113 4566
67 3791
9 4253
94 2838
57 2305
52 580
84 1589
46 2424
15 488
15 620
64 2687
37 26
15 3180
100 1926
108 871
7 3773
95 2813
48 1823
11 3893
74 2022
80 3765
25 3021
15 1474
50 1567
93 1507
96 3050
47 3333
100 2355
37 2277
5 4257
8 3970
7 1989
59 828
59 1860
83 2325
111 2917
49 1372
24 54
93 2577
99 2248
66 107
20 2483
2 246
102 2559
83 2361
94 4219
26 260
95 2388
67 1882
31 6
30 3187
98 1603
96 3437
37 4756
121 3678
32 3779
80 337
103 440
114 2980
72 1054
111 4003
27 1704
50 2522
58 4840
101 1936
74 760
80 3246
12 2967
48 3615
32 191
7 3141
12 757
47 2359
46 2113
1 184
86 479
115 524
117 4282
29 4349
95 4984
51 2182
95 4021
17 749
55 403
55 3582
46 1938
93 2418
66 2174
9 2092
106 3334
9 3180
101 15
5 4188
66 2228
40 1921
46 1873
1 2608
67 3603
108 1704
45 3908
115 4193
11 1854
99 2702
13 4858
50 1271
53 2639
100 283
3 935
58 850
11 4913
67 1410
6 616
94 3527
1 1171
10 1975
17 3171
2 2459
16 4102
79 2465
92 27
72 4604
13 3204
36 588
94 1031
76 501
73 779
85 2813
55 3685
16 185
58 983
9 408
10 3726
77 1446
108 3243
40 3789
70 1369
4 1562
100 1403
109 4551
59 843
82 1843
117 4109
78 1279
49 4106
108 3208
6 2079
110 349
63 386
47 1968
40 3318
18 982
81 1078
23 98
84 3161
102 1340
94 1204
110 1808
89 3179
94 1352
121 230
34 1090
68 4396
98 1840
56 84
120 1631
23 3015
53 1951
89 3416
104 780
69 2312
44 371
