211 211
92 220
10 4366
30 4867
58 2851
45 1995
24 964
12 1680
43 4815
48 2825
33 4890
98 2960
45 4358
65 2719
104 4626
92 444
48 1199
92 4235
5 2806
43 1384
88 3937
38 1150
40 2727
97 1466
66 839
45 849
73 4894
67 4300
54 4669
36 2179
85 3360
13 820
49 700
28 1450
6 4281
1 4713
33 4204
104 468
86 4055
23 4686
104 3141
72 3786
99 2513
37 3945
2 361
21 2674
77 392
21 4949
78 3006
90 4009
26 3067
20 98
95 2619
72 4664
33 3026
21 3979
4 4198
96 192
48 2933
77 4180
11 4100
31 597
103 4325
60 3719
87 1369
75 1439
77 2152
84 2175
17 1780
34 1612
44 1544
95 4711
82 1312
15 3648
102 3347
96 4886
57 2012
75 4398
31 2664
4 4516
34 219
79 3406
98 4697
60 1010
75 375
35 1589
79 2000
29 2299
13 1007
87 16
69 1665
39 1001
10 393
37 3559
70 2083
74 4768
7 3400
65 180
84 3537
10 3365
65 207
39 2500
56 3900
53 3893
61 961
46 531
27 4673
58 2518
25 1600
62 3105
55 4798
47 1915
21 1932
82 417
55 1948
70 3720
51 4207
9 1604
68 600
31 1870
82 3888
54 2328
38 3229
30 155
87 1049
36 4276
74 3645
29 995
54 4574
90 2635
78 4641
24 1292
18 3902
77 1052
46 2642
79 737
51 4989
16 3515
95 4225
67 1357
32 2659
100 4800
92 3048
102 2196
58 1154
33 4391
75 520
26 4064
18 4371
58 4045
96 3834
46 544
34 3172
105 2947
2 4329
84 4178
46 600
39 4896
38 275
103 2113
73 1161
82 46
65 3395
62 3424
91 1665
10 4230
13 941
74 1005
5 4826
27 2446
30 2786
27 4001
8 3278
32 2450
94 1901
69 2696
7 4865
38 1551
13 3767
76 2289
91 2
79 300
1 1802
64 3642
78 4999
48 2880
76 4654
42 4441
27 4441
3 3895
86 2230
101 1990
39 1477
99 3091
32 4638
67 4509
103 3821
54 2682
78 40
79 1322
5 2581
42 2524
65 24
20 2440
73 2279
31 4804
53 2493
100 211
11 2236
104 3887
45 416
9 1153
