129 129
38 4325
37 1682
51 3258
21 4822
45 4929
39 275
61 4048
20 1760
17 3970
26 465
8 3666
50 3025
48 4579
11 2809
19 1041
32 3043
63 884
15 3972
31 2595
54 4595
7 1662
53 2341
21 1357
33 4817
54 4636
40 2476
30 494
17 1933
40 3521
44 3180
6 3494
47 3388
9 3243
20 4047
38 1407
61 2792
8 2606
49 1260
29 3032
52 540
45 3725
28 3188
38 1940
61 866
62 219
4 1226
58 3944
58 3882
51 4851
60 827
28 4542
26 2299
59 1952
26 4094
31 4848
33 4918
23 3092
32 1049
44 525
21 2206
43 223
56 2219
38 24
23 575
46 2321
37 4299
58 4842
23 692
13 780
50 170
43 1834
39 842
15 2754
22 3948
55 3220
49 668
41 1081
37 1520
36 1455
28 1248
54 3843
13 1908
33 4537
9 3095
39 1950
42 4748
22 1910
55 3233
59 2731
50 4929
21 3600
64 481
2 743
10 3433
33 1636
53 311
20 3248
11 1479
54 2630
47 1287
20 2463
36 3642
1 711
60 1113
24 212
29 587
22 2026
4 1928
25 4132
33 3588
26 1690
38 1577
61 1706
57 1064
50 1594
24 1378
58 4245
10 4455
45 2026
45 1321
11 4448
8 2806
57 1560
6 2410
19 4929
21 330
63 1552
18 1097
1 1068
