564 564
187 252
159 1306
73 4194
269 531
276 2984
234 2479
134 1282
162 4337
259 4214
151 1773
75 1925
44 2726
57 1053
130 3058
107 4826
83 1664
21 3403
1 3711
211 4330
164 224
121 3697
38 4402
237 1722
18 293
214 2592
114 859
129 2966
165 3143
238 4661
199 2939
111 2386
101 2310
248 1667
265 1795
232 3984
237 2902
79 639
142 1496
163 3514
201 734
210 2102
52 3140
53 4997
138 2363
278 2857
1 795
210 4602
240 3188
46 4955
264 4842
20 3190
27 3511
232 642
215 3599
81 2748
50 1327
44 3730
129 3035
155 3847
116 3725
159 4545
137 1727
121 1246
186 2527
61 3576
225 103
51 812
124 3588
278 250
206 135
98 2545
138 3053
274 3035
150 1361
51 2188
108 4155
41 4631
118 35
80 3752
189 724
273 3912
220 2662
243 4051
255 4331
70 1659
232 291
254 459
75 2340
10 4945
67 1120
61 3636
80 3396
56 1785
30 4304
37 1347
174 2069
223 4098
141 1125
149 3582
120 2954
167 1590
11 3240
171 2287
145 1986
238 462
14 3616
246 395
205 2887
125 4062
22 669
211 961
267 4522
14 1593
200 1511
174 4930
177 3603
133 1079
230 2876
139 329
269 4470
173 3300
226 3458
162 146
139 4622
176 3826
186 1350
47 2301
231 3148
136 2656
82 2453
173 2034
193 277
119 4627
155 265
23 1133
5 699
51 4547
6 314
277 928
196 2102
106 3671
27 4360
180 2288
217 2810
224 3136
167 1101
245 248
192 1494
183 225
51 1217
36 1164
190 2140
71 1565
116 2502
208 3057
240 1537
153 3016
150 147
2 1006
49 2109
176 318
20 2584
250 2391
281 344
212 3660
261 1830
137 1733
250 4789
241 4256
226 1081
231 4233
61 1776
281 362
79 4713
57 1918
255 1187
205 3625
97 3131
223 1304
215 1691
212 813
247 1365
111 3157
142 347
78 3757
56 2021
211 1931
181 1004
12 3573
23 195
264 4541
136 354
93 967
41 4190
146 4958
120 489
40 118
48 3189
23 4869
80 2975
68 4744
51 2249
20 980
170 813
71 4888
272 4621
256 3719
210 1241
6 2234
72 4242
11 2534
13 3703
57 2096
209 2995
68 1482
86 3545
129 626
93 1305
251 958
141 3954
243 1126
4 124
62 3289
175 4769
264 3687
202 1256
223 3107
5 1038
207 4617
261 4595
55 3839
252 1588
235 3952
25 4782
102 1399
250 1851
117 2356
267 2869
16 3018
110 4100
140 1995
62 4061
163 303
279 895
207 2859
155 1523
30 3818
51 4259
24 300
146 727
86 47
5 4760
204 3155
62 4161
188 2868
74 1669
62 3820
199 3534
271 596
251 490
175 3352
230 2461
169 2956
206 346
124 301
50 3662
218 2472
187 3951
183 3698
279 3528
100 4839
60 31
208 840
270 685
196 4608
177 140
4 2234
177 3436
176 945
62 2006
186 1519
154 1340
7 4671
105 3240
76 161
256 1705
64 1585
178 3175
31 536
175 794
50 194
53 1954
238 2315
88 3128
194 2667
185 325
142 1076
264 1562
106 1623
126 4063
87 838
240 2221
3 2697
143 4067
121 2096
76 991
68 3820
143 1996
63 463
35 2552
102 1635
109 380
214 3282
56 564
272 3018
232 2040
238 4843
255 2250
211 1167
39 1316
195 3572
128 758
71 4638
83 68
251 2410
108 1442
18 2922
91 1602
188 2006
50 2916
161 4309
122 4374
45 655
16 278
5 1748
215 1181
245 2314
191 1132
83 235
187 1213
181 4362
204 880
196 422
13 1817
163 4417
128 4400
200 3796
227 3698
246 4527
152 3061
41 4751
201 486
212 2772
144 4907
187 4317
230 4934
222 1490
275 2306
31 3473
85 4139
11 2739
137 3198
225 1775
189 2781
206 4835
276 2755
232 3680
258 4072
215 1505
204 4726
160 1967
137 2513
51 2508
5 2825
214 686
77 2898
218 2354
261 1784
259 3173
279 1365
215 4473
112 2228
194 4241
148 3886
176 515
122 1424
61 454
31 3556
107 2917
131 2875
182 419
232 1741
202 4528
167 615
146 2494
281 1081
69 3713
245 4121
67 3476
131 770
7 4257
106 4999
244 1881
95 907
189 4091
53 4505
27 2257
118 1537
224 4645
6 235
115 1926
10 4504
12 3855
90 4994
116 3605
85 4936
51 2540
213 4653
245 270
126 417
56 4674
156 3663
123 2892
148 2270
221 761
167 3192
274 1238
1 3314
69 829
101 3795
224 3602
37 3665
116 3259
77 3827
189 4762
121 4359
271 2945
85 4993
200 2502
110 436
260 1277
81 581
143 1166
116 4829
84 886
206 4193
45 525
4 1602
55 1129
31 2956
179 3241
12 866
159 2818
61 2497
250 4993
38 4444
111 3639
218 2952
265 3209
276 1409
269 4231
169 3680
119 366
25 2467
68 1091
236 493
6 1839
197 3733
186 1026
257 1946
30 4127
200 4136
179 3269
87 3800
168 3653
184 3357
215 1797
184 445
85 1477
191 3752
265 2038
234 4145
220 3786
60 155
118 2360
43 3823
169 3258
112 2005
156 1617
134 4054
269 4773
236 3925
17 1827
46 3705
182 3590
119 4115
21 1467
158 1345
174 1551
60 575
130 3103
142 2146
259 4125
39 1929
163 3906
230 491
256 3843
199 1830
32 1673
221 67
269 2433
63 4425
64 3522
107 2286
73 1613
228 3373
14 2207
232 677
215 4526
10 1086
156 4545
135 3880
3 3146
47 2698
94 2610
164 2707
281 3892
274 1644
91 3339
139 4742
84 2157
194 1334
73 4309
34 4803
165 1761
187 4000
234 2665
127 936
181 2871
86 2786
258 4280
277 4119
80 4418
100 629
81 4237
196 1194
90 1458
241 727
8 255
8 2056
264 4835
217 3533
216 37
222 1049
59 2494
144 942
201 1917
124 3806
43 1704
31 3904
248 719
220 4214
174 1769
254 4342
