191 191
63 1371
30 2305
14 4992
12 2106
62 1579
3 4082
73 1169
60 979
39 1550
84 3193
68 1308
62 4420
94 46
76 4877
18 3490
62 3932
73 2409
85 1360
63 1731
85 3739
45 4248
61 1233
25 1484
10 1051
1 3967
45 18
59 3102
33 902
50 18
6 4493
1 4806
63 3959
2 139
5 3257
55 3526
46 3791
86 2735
37 1227
63 2138
95 299
50 2390
15 2643
74 4855
90 1406
72 2407
82 959
67 1300
44 79
83 882
33 4775
70 4559
75 4459
67 2904
63 3285
48 1653
50 1685
80 4221
80 2670
4 1293
7 4050
72 490
23 1396
67 3388
44 2031
71 2304
22 1404
81 192
68 3323
23 4455
74 348
88 120
57 263
56 4480
4 482
24 3501
28 3638
87 422
59 3666
16 1718
8 2031
36 3854
58 3259
29 1600
60 1072
49 1405
70 146
31 2839
52 891
38 695
17 648
54 1516
9 2088
83 2645
64 3752
21 4106
71 2969
80 2687
50 200
50 1600
90 3294
84 1299
58 4199
58 4876
59 481
59 367
19 2824
12 3843
55 2682
79 473
16 2719
73 2340
7 3212
20 1724
80 674
8 2293
8 3467
75 1011
77 1379
32 432
33 4912
90 4069
10 4536
59 1979
15 1225
45 4170
38 299
58 1104
54 545
17 3934
34 518
72 2445
31 539
57 401
23 2864
50 3793
86 2065
33 978
37 2985
17 684
46 1391
84 1795
69 2382
9 3912
95 2083
31 1813
44 4494
49 3070
83 1539
39 4035
93 1425
66 2081
8 3528
52 2445
7 498
13 3971
87 2408
67 3376
32 4037
29 2220
2 601
42 2156
86 1323
93 2116
67 2560
66 183
4 2939
70 2915
31 2910
46 4650
37 1949
5 4544
92 1569
24 2553
22 4130
49 575
95 837
2 3371
35 279
90 185
94 2616
32 2167
12 1010
46 3749
2 2827
24 721
82 1918
43 4772
57 3055
68 2319
82 413
55 4085
