157 157
39 3213
66 4435
23 2788
65 2318
15 2994
47 82
39 2108
52 1796
2 3918
6 3686
20 599
37 3850
45 3934
78 1197
27 1564
62 1492
18 4772
2 3228
31 2027
62 3842
28 2279
53 4230
10 1141
49 3800
39 3123
56 565
54 2923
44 913
15 4018
21 1902
47 4227
59 3148
38 4460
24 3717
77 3475
34 4553
4 4286
60 3490
29 4414
18 787
48 1930
62 2322
48 781
57 608
23 3557
15 2904
40 2817
27 581
45 1247
75 3606
57 2815
52 91
59 1202
57 2388
41 2197
50 4649
30 393
65 3308
13 3187
48 1183
46 235
63 1398
76 4373
9 99
18 3478
35 2563
56 604
66 1998
25 727
65 3806
52 1485
8 1156
58 3200
18 4675
9 582
72 1196
41 1339
28 2056
49 4
33 2504
12 2687
52 1386
60 2776
3 2775
57 4322
62 64
62 3160
61 4922
43 1058
19 1856
6 1938
74 3910
36 1003
53 554
18 4787
42 1070
50 3686
50 350
41 899
36 624
62 1500
55 4999
20 3418
1 2058
25 2091
57 4296
67 3526
62 3442
46 1256
20 2272
49 1199
16 1302
71 3543
12 1268
44 3542
47 270
17 3148
6 3311
49 1931
32 4500
19 688
74 2984
27 4907
32 1263
69 522
68 3040
65 3406
27 2248
60 1558
21 1587
60 3312
67 3473
59 1084
62 4455
23 4214
22 2881
44 52
52 2991
72 388
18 2045
26 2053
48 3902
72 2196
65 670
59 4768
51 3760
30 434
67 30
23 383
69 3424
55 2424
76 1205
17 1286
44 1224
9 4103
5 1099
26 1104
