892 892
426 4405
304 2014
257 3957
234 4358
27 2996
158 2763
218 2978
29 2921
193 2139
436 566
301 3801
415 3712
147 1765
401 3760
154 2857
445 2168
76 1175
279 500
416 442
215 8
168 1203
36 3575
396 4713
311 3792
240 1145
58 2970
67 4106
163 1208
163 1572
300 2209
170 3937
103 160
24 62
62 2050
344 4851
37 3954
180 4471
430 4101
125 3898
59 15
320 4604
407 4091
185 153
79 2837
328 871
87 3280
62 4265
291 3049
9 2359
372 3931
235 1698
433 1721
189 3514
101 2588
104 3898
216 4724
117 533
360 4469
435 4215
82 2940
375 1160
136 309
349 2929
101 1035
358 4419
117 2397
159 3850
251 4773
416 1446
75 1515
397 319
77 1476
275 2064
102 928
149 114
28 636
280 2457
301 107
383 2857
292 2588
406 2919
398 2508
183 4019
393 1136
210 4502
423 2313
113 3745
2 3367
314 604
185 313
335 681
225 200
291 4338
175 3798
195 127
384 2044
441 2693
397 3399
436 2303
182 3275
153 4445
336 419
409 4999
315 569
367 2672
136 4295
295 1648
238 345
144 168
137 3097
124 4277
368 4944
33 1006
370 255
78 4007
109 2383
238 4662
156 3256
345 2249
81 2858
310 3916
231 1284
216 596
61 2346
223 2036
132 1217
3 1406
154 2598
18 2025
296 3822
171 4199
321 310
34 2598
3 2969
397 2553
53 2482
271 3625
335 1766
156 3220
372 3875
243 158
175 322
91 1105
41 1124
132 310
268 461
118 4619
243 1284
175 1996
329 281
187 1304
339 3604
414 662
104 192
416 3806
379 1580
4 3881
109 1157
58 1083
228 46
311 4973
366 4428
216 3649
93 1577
271 1345
236 984
442 2108
445 4454
106 2384
126 2275
117 1978
429 3433
127 3771
410 2417
417 4312
18 117
72 1135
349 606
195 3962
77 4786
211 975
306 1453
69 4209
211 2639
293 4752
136 2283
416 2031
381 2735
367 2599
381 1961
98 2010
193 2323
106 1359
22 1257
388 1107
370 1029
139 1565
388 2628
129 1902
226 3874
371 1349
324 2369
134 2198
256 4238
208 4718
103 1533
370 4539
188 2624
441 3447
349 2610
46 3745
403 806
14 1525
40 2144
260 3093
237 1049
21 4672
174 1300
380 2399
37 3515
348 911
192 4866
1 2647
390 1389
354 3167
407 1724
35 3230
21 4316
282 1053
211 1441
330 116
96 458
404 2516
171 1989
330 220
147 4164
52 2040
110 629
246 1427
31 4479
136 4303
440 2423
139 4507
53 2205
355 1638
340 2109
262 3275
153 1255
71 3215
305 2332
9 2492
180 4889
320 3055
375 4823
222 2352
38 4303
325 2779
42 4968
188 1457
17 756
387 3431
339 2682
148 3398
321 848
242 1790
44 3380
380 2797
430 788
188 849
321 4350
119 237
246 3586
335 4162
93 4959
259 4458
408 3750
425 2551
111 993
175 4499
365 3027
401 4088
135 268
164 2005
5 4120
125 4265
170 1530
37 3894
299 2723
91 2339
222 3985
289 2249
86 774
120 907
29 3066
267 1723
3 1163
245 838
184 1792
426 2292
282 4729
276 104
68 3843
11 921
206 2702
184 2354
347 1968
91 4523
335 438
71 577
256 2789
384 602
14 4029
141 326
235 3965
425 4194
299 1878
138 132
197 3132
340 3126
268 4613
415 1868
327 2635
205 671
23 4348
272 1512
205 200
197 636
400 2903
433 2694
428 1578
317 2147
135 2185
285 2858
304 3740
29 2552
14 650
213 337
381 4034
127 3837
19 42
159 1781
112 4460
442 2942
179 3957
302 4484
113 4567
88 4159
166 3148
389 16
378 3687
355 4713
52 546
431 2631
441 454
111 2411
60 1832
123 844
112 4381
190 1635
88 3615
186 2461
367 889
159 666
332 4076
120 502
382 1825
113 2510
425 3773
76 867
329 3306
259 3378
68 2635
145 2721
403 2779
161 3744
96 4179
36 3175
431 3682
357 2211
363 3043
129 1462
299 4055
354 4828
95 3645
166 3333
301 1454
416 1144
314 1340
75 4113
10 4672
288 1140
440 3516
105 4294
388 4398
330 1458
247 4506
330 857
141 4873
210 4228
126 910
351 1681
288 4064
277 4957
198 3364
365 3557
434 1599
172 4966
237 1106
225 1231
79 4827
309 36
110 4
373 1978
200 1272
421 541
278 1780
243 1740
361 3603
316 3096
154 1846
352 4598
337 4187
241 2356
395 4442
239 1283
363 4040
167 105
284 3705
289 4470
68 1443
265 4552
287 4232
410 2862
54 4701
45 4696
112 477
267 1448
287 369
84 3161
60 2415
334 2337
345 1285
108 1720
170 3900
423 1195
57 3465
230 3770
193 3226
59 1551
262 3039
45 2616
245 4092
200 3266
117 462
119 4811
398 4030
31 1316
338 2982
284 4914
444 2883
391 1707
38 4260
68 4353
273 205
82 2230
129 2381
180 99
414 1355
50 3306
192 688
87 3717
183 1563
300 1916
76 1210
49 3048
401 2272
108 1584
363 701
403 633
193 4327
30 4483
47 1254
394 2598
365 1113
202 2198
394 3421
112 2763
24 1811
435 4145
229 4968
239 2101
429 557
320 2142
50 3817
172 1450
1 4277
373 2981
440 755
161 1847
94 837
425 550
3 2034
260 2865
142 90
444 1774
358 1105
261 3970
428 822
139 3778
248 742
328 1708
67 779
345 218
393 2633
262 3915
396 121
265 2473
294 1143
266 946
273 2738
204 3208
235 2068
431 2799
293 3222
28 3319
41 2256
8 4725
146 4905
152 3372
145 1324
236 1484
355 225
120 2015
444 4241
82 4668
134 2830
358 804
216 3067
417 3231
405 3115
246 3987
84 4436
341 2577
226 1086
232 560
156 4806
165 3682
272 4042
112 2767
412 2538
111 2205
263 1997
326 3962
305 2668
216 3589
130 4402
109 2864
148 922
91 61
180 2303
368 991
394 651
374 2874
214 1527
409 2291
311 3554
182 4586
379 319
430 1548
224 1655
20 839
441 2257
122 164
59 2373
136 2040
20 2363
156 226
383 27
52 3105
101 2775
65 1720
215 4497
384 4909
253 3870
352 2442
225 1468
134 4280
91 3105
32 2246
381 1522
436 436
183 4432
11 1250
111 587
263 1334
78 3582
231 899
11 3374
255 1133
26 4634
372 1237
396 1461
71 4618
356 3755
290 2978
116 2237
321 2023
234 3123
102 2452
422 213
316 2243
425 4868
168 2283
39 4315
412 3092
384 4229
318 4010
24 4565
178 4076
400 216
256 2986
209 3008
183 4221
256 4584
311 3816
357 1285
187 934
74 3037
230 3279
369 4626
206 1273
215 1747
63 4102
393 2551
422 2099
429 2831
210 918
139 445
269 2598
194 386
183 349
367 4316
332 2513
14 3122
268 2310
419 584
147 1378
425 3187
393 4861
383 2973
252 245
105 1026
275 3763
311 4026
290 569
75 2074
167 166
61 3297
51 4374
429 2914
247 4812
80 56
293 1285
262 3751
307 4352
173 4778
321 2521
213 3643
372 3418
400 3719
14 1028
129 4605
313 2589
394 1019
296 84
216 1788
1 1634
414 1136
311 3450
275 4088
398 3845
210 2600
299 673
78 815
381 3667
369 4252
292 3526
281 1294
267 4018
112 2962
89 2026
159 4638
41 1459
240 2606
112 3760
393 578
19 1360
197 4999
88 1860
326 553
294 3159
256 1997
30 3639
435 1314
122 4273
416 3725
400 3408
371 3244
236 3755
233 2702
47 1258
164 361
247 3206
335 2936
239 2047
42 2787
427 1615
4 3091
332 2600
235 2510
281 4818
294 2856
257 1839
56 4693
363 3343
43 4340
200 274
347 3532
123 671
88 1834
83 2898
142 3877
374 2182
356 3090
82 589
93 2631
382 2388
28 132
358 4782
282 2782
155 1340
443 172
162 396
238 1552
336 3725
267 874
236 3133
227 4499
354 3490
239 3926
5 3970
343 1901
245 1905
21 4060
310 1220
34 4518
442 1788
89 923
403 682
41 193
217 1195
289 3459
365 124
103 1327
411 1553
137 1755
363 1074
443 3359
7 939
95 1831
77 458
375 1611
14 459
322 1256
175 332
338 4050
219 4445
273 4455
48 1278
62 4706
94 2765
157 649
231 3273
168 798
331 3549
421 708
210 4438
44 843
84 2465
286 1849
369 4565
219 4317
234 38
123 662
396 4893
72 2382
16 4717
187 51
386 1427
108 976
174 273
159 2708
200 1597
433 4772
108 2055
137 3007
227 307
412 4350
344 2760
243 1749
385 2362
373 594
59 421
338 4480
86 4993
87 4619
141 4836
269 4276
383 2028
239 2410
241 3599
249 2304
279 2240
266 2646
271 3665
152 3073
428 175
286 1455
166 4699
312 3186
216 3952
345 2467
343 2188
262 1092
348 596
41 2224
289 1493
159 1536
93 2710
442 4383
368 2622
442 2954
112 1536
30 451
321 1108
49 322
225 2554
241 2191
399 159
58 919
77 4179
137 2559
116 867
6 925
240 4512
391 3225
373 1571
120 4413
436 1671
2 1788
16 4470
267 479
59 417
8 1503
12 3077
238 4475
34 1296
348 1020
197 21
383 2444
174 1866
381 3702
106 2072
423 763
83 557
422 2077
179 4208
220 1514
375 4526
165 1409
407 3969
216 2290
394 319
81 2459
424 1025
384 3552
263 3626
304 4591
149 2035
9 4181
339 4052
334 2262
