355 355
92 842
37 4681
33 2172
61 1954
24 2673
145 3643
12 3953
166 2041
112 586
34 1988
158 141
175 3786
124 3494
15 1475
54 2368
96 3508
98 2911
64 1802
135 2176
123 1219
160 4951
67 4005
80 1675
94 2744
54 626
163 2830
142 2749
18 3191
59 1165
25 2546
127 4797
30 394
116 1966
169 4420
139 1654
17 3575
126 1995
24 1857
97 2648
6 3442
155 4656
90 440
109 1585
113 4135
121 1985
12 3557
144 556
26 4910
136 155
137 552
90 136
126 3285
106 3364
31 1877
19 433
69 2711
39 4264
108 582
138 1551
85 3587
112 4523
95 1693
159 118
31 4006
85 2805
70 4874
20 4362
79 2874
69 864
82 2869
6 3468
26 146
7 4940
17 4061
135 510
100 3902
22 2492
32 636
99 3926
77 2995
126 3585
113 4625
106 4325
83 1224
158 2846
33 2163
172 3861
19 188
94 811
24 4276
89 1431
10 3346
171 2313
128 2467
72 928
91 521
52 1280
79 388
74 1549
79 2892
112 3315
63 4313
42 3940
2 2098
3 1160
160 3166
12 245
174 3287
84 2520
27 2020
24 1161
56 545
21 3973
110 1082
164 1080
91 2168
111 3713
31 3217
145 2866
77 4965
5 564
18 2002
177 1929
141 2919
175 4250
52 3243
126 3238
82 2314
70 4690
77 2067
61 2206
111 2988
42 3364
140 123
86 1219
161 2951
117 3656
166 223
72 2959
90 2739
134 4041
21 1947
107 4689
19 1672
171 4726
124 3419
143 4404
50 3406
51 4681
104 1084
146 1041
149 1415
8 4282
161 4892
83 3689
174 499
103 1312
27 4725
8 954
141 4351
76 993
156 123
79 1413
111 2485
142 2122
33 4809
151 639
32 4179
171 1921
112 2037
157 439
6 3485
80 2698
44 4543
165 1133
87 2224
105 4670
32 3814
94 1480
68 647
146 107
39 1362
155 3465
53 3879
169 4813
95 1150
115 3614
114 796
94 2864
160 2613
37 1804
50 2521
75 2870
117 4883
58 3203
132 1588
129 628
129 1760
152 165
171 1496
35 3228
95 2973
36 555
32 542
139 1428
84 1026
76 2187
127 110
8 1353
5 2131
125 1299
169 4768
132 2260
65 1573
5 4525
147 3167
25 1865
117 2302
15 1230
101 1608
75 3434
173 4788
162 1519
121 2397
26 3671
122 9
147 1306
111 4314
171 4965
34 4292
74 4262
161 116
148 1825
97 1505
87 1352
13 3835
156 2423
22 1121
36 561
71 2095
96 4347
43 339
108 4639
123 3699
128 109
6 4731
106 4828
60 361
162 2050
99 4498
1 4625
161 4496
50 4839
13 3269
33 4030
62 4812
58 1268
165 1019
82 3431
155 3959
62 4344
97 1777
130 4141
169 2234
113 504
36 169
170 3542
141 2653
56 1169
74 2053
133 170
93 1311
29 3379
64 4446
120 4022
93 3407
161 2186
67 3028
170 2053
138 1869
68 3531
92 2786
31 2933
53 3635
83 629
166 2554
116 1000
51 4560
164 650
72 3973
88 4946
123 2763
118 984
27 2550
13 654
177 2651
96 3174
13 4364
41 4775
54 4179
116 1541
121 170
41 536
132 4125
146 28
103 1545
172 4707
83 3971
105 1719
134 4783
29 3839
27 4820
83 2544
31 454
104 3852
92 4997
21 2165
31 4032
150 2738
28 215
71 2702
177 2432
81 1851
50 866
64 729
80 3178
133 4915
69 1634
11 3842
168 462
68 450
153 2470
66 4700
2 4264
171 2394
55 2141
39 825
45 947
36 566
16 4675
146 1469
6 406
26 3997
19 1813
130 1089
171 1778
106 708
165 1520
70 2907
145 3600
7 3027
163 1357
43 2483
62 1987
129 4462
