467 467
98 470
214 3167
231 2755
88 4460
124 1529
61 2733
150 4927
153 3553
183 3241
125 4405
210 3419
164 2830
125 3449
66 1355
127 1897
94 3350
159 1545
45 4715
43 4348
77 3422
141 3940
65 2467
51 3152
40 4286
41 3626
10 4573
8 3726
219 1934
37 1714
209 1507
15 3721
117 574
61 2788
151 3749
21 1005
72 882
51 3734
33 1219
82 29
36 1454
176 2454
98 1651
40 4673
63 609
114 2884
125 4410
196 4806
4 4205
9 1496
229 4068
134 4459
91 3116
25 2117
165 1129
39 1151
125 2635
119 1512
14 2263
183 4586
93 1861
49 2070
67 1925
22 4598
159 1323
106 67
151 86
21 3373
200 2599
19 1384
148 4796
199 4031
150 1342
208 4173
171 4419
88 4631
91 137
192 3360
57 1356
206 2393
172 2124
222 184
180 769
47 1910
71 2010
120 272
212 2623
41 2819
179 3494
232 681
159 4588
73 917
29 4828
228 3835
221 3981
40 634
143 2914
155 3838
76 4286
142 4619
118 2606
85 2073
200 3471
49 2545
126 1150
72 3836
13 895
206 4767
6 2806
138 4174
107 4577
26 3705
91 1201
8 3874
202 2458
25 1109
51 3226
50 4910
152 295
35 3523
144 3574
134 4557
39 2126
57 1969
133 513
79 16
11 2996
169 3443
132 2199
178 3213
4 3024
197 1365
69 1558
214 2852
48 4395
180 916
133 737
26 3647
210 2192
51 3563
44 3908
70 954
46 247
116 2516
78 3423
129 3048
83 3232
131 4094
147 1834
49 2125
27 215
111 4681
107 2252
55 4225
119 1523
69 2555
95 624
122 2787
69 4598
27 3752
166 2595
132 4881
82 2292
30 1432
151 1013
102 1938
197 2013
5 1584
75 550
173 2835
34 940
134 2993
72 262
202 4515
188 2609
194 2338
133 1548
39 4579
24 2307
1 2409
177 1975
29 3787
17 120
126 2867
26 3805
63 1474
130 258
1 4305
168 3598
189 3791
86 284
130 1637
143 1843
110 1173
37 2102
118 2826
87 2330
207 521
181 3345
58 4299
23 2719
199 4563
233 3487
85 4872
167 2742
129 2935
165 1297
136 4729
165 3589
213 1771
199 1500
4 4788
167 3573
12 986
85 3320
108 2137
200 4433
43 999
186 1782
172 3520
169 1151
108 3687
214 1101
51 4556
84 3291
190 711
135 2433
93 1276
3 2995
108 284
81 2924
163 1098
177 4498
137 2946
156 3098
97 3228
5 718
46 4964
222 3610
54 1643
202 3287
190 1356
75 579
69 1321
46 3943
79 4091
147 3827
205 436
210 117
33 553
156 2213
74 2940
9 2430
204 4738
27 4767
91 872
38 3309
64 2243
101 3281
191 894
73 1510
30 4810
193 625
202 1529
116 2629
176 1707
11 3916
46 4837
184 1125
146 3320
119 3439
96 3081
61 2860
101 757
44 3501
153 2505
51 3447
116 1509
68 2133
171 4147
184 3207
175 2609
29 1235
187 524
79 3202
183 1083
38 1189
36 4731
203 873
23 3515
14 4164
18 3205
33 3682
41 472
180 3819
24 3635
189 4844
83 2074
124 4253
17 4781
125 2348
176 4804
102 1718
53 1554
185 3795
202 4583
186 1315
21 730
213 839
50 3623
196 4738
181 2462
207 4438
83 983
40 4054
195 4479
192 4058
210 4687
17 2667
60 101
1 83
151 1008
66 4664
112 1514
77 4635
233 4568
212 3982
100 3224
195 1091
217 3691
230 3728
194 922
124 3322
168 393
66 370
172 1325
49 199
57 1992
70 3889
44 362
91 1126
177 4908
156 198
112 941
83 3837
170 2217
93 4035
51 3170
110 3081
123 4833
46 2981
64 3221
161 4088
72 1240
161 888
99 2471
180 4207
92 2779
54 1701
115 367
40 1903
67 3085
111 2747
167 3321
6 2585
140 4227
172 4251
225 2775
146 4812
201 3060
47 3458
190 2549
81 3099
148 1705
227 178
72 1388
198 832
133 4165
160 4529
221 4427
140 636
166 2191
149 2512
185 1104
99 1383
129 2881
11 642
99 3501
121 3504
97 4575
223 4104
31 663
17 4445
165 4659
212 1296
80 1499
143 1248
169 2640
161 4790
204 661
77 2504
22 1508
78 3739
183 1234
215 3261
60 2991
133 742
68 4162
187 1855
203 132
61 440
180 2504
139 3222
224 4919
4 4821
157 2891
58 3799
3 152
26 1940
127 4730
185 1354
192 4806
220 914
204 709
186 2559
141 1066
228 3982
44 446
231 3155
37 62
150 3168
20 3881
114 968
158 4076
145 2973
90 2913
178 2624
231 3023
13 401
54 2514
189 3351
7 2833
199 1195
125 4671
46 147
115 2828
167 1979
36 2810
229 2647
33 3592
180 3702
155 875
96 3533
63 2282
141 4807
167 1397
229 3201
16 3282
21 1287
67 4606
177 3200
71 2673
22 1323
162 2866
89 1307
211 3058
232 2772
150 3045
