644 644
35 848
112 1308
58 1594
217 4454
158 3497
54 3115
244 2359
218 4516
47 1778
79 1896
12 607
38 474
95 1960
208 2536
289 4865
53 2319
46 4245
270 3642
76 2014
34 1398
220 75
259 4236
127 4300
315 1514
200 2904
56 1432
199 1459
181 1478
299 1207
15 362
240 2673
127 3003
270 623
286 4246
261 3286
140 4742
281 1167
84 962
48 4272
128 4531
30 3994
274 3894
131 3760
80 38
307 228
211 3658
219 382
202 426
189 3401
297 3656
100 2968
174 228
165 3901
33 151
18 283
162 4226
60 3116
23 3465
292 2700
44 2968
168 1348
151 4745
220 1163
280 2192
95 1641
234 2034
65 4280
231 3455
185 3854
40 2800
261 3398
42 137
117 3553
177 2939
15 2762
190 1979
298 2967
160 1141
86 3428
313 1433
111 3487
44 3532
146 1445
247 2297
245 4035
208 4888
284 1216
56 1989
275 2188
201 2964
11 2601
53 1327
36 3758
201 4756
242 2253
86 949
132 4656
293 4692
45 3966
49 1831
32 1626
4 298
47 637
173 4367
221 4184
21 2137
244 4496
129 4449
48 1328
283 3945
232 1945
89 2835
19 493
246 30
91 3428
314 854
137 2403
47 4437
100 2557
293 3482
259 1372
104 802
41 17
285 10
84 953
269 2398
209 3969
38 416
43 1979
256 503
110 32
153 2292
25 4472
311 22
81 1307
128 20
198 1432
92 2323
257 3472
311 146
94 4795
146 3279
233 4781
3 3666
254 3261
94 2971
79 2506
314 3227
290 1582
96 1178
309 1742
71 3959
93 1128
209 2805
154 283
176 1293
126 2025
211 3656
128 3573
131 3430
149 1334
193 393
238 1971
53 1034
46 4810
31 3739
43 3373
284 4828
176 481
264 1191
320 4154
29 101
70 318
154 4518
13 4096
171 1784
48 4480
172 606
176 4614
77 4423
76 2239
115 4217
39 3720
1 4687
48 665
105 3089
83 368
175 2161
94 690
173 4151
19 3613
249 2958
304 3657
109 93
80 1055
247 4494
215 1853
111 4212
148 3627
198 4092
286 45
162 2140
227 2178
190 4059
89 4179
314 1081
81 4765
107 3888
271 128
30 491
40 374
131 1851
315 4159
130 912
310 4894
209 3117
256 2837
10 1492
217 2987
104 644
195 3719
5 1543
277 3330
268 1640
146 2683
70 249
74 1954
142 3822
247 3823
162 4036
292 3936
193 1526
49 747
64 2355
64 2431
99 657
149 3316
247 547
50 3573
310 2688
137 3029
47 1445
298 2912
92 2906
260 666
220 1023
79 1341
256 2586
72 2232
310 1630
96 2716
61 2710
171 2898
215 2964
263 3980
94 3526
152 2727
18 578
120 2672
228 3950
311 1386
81 2285
131 1387
250 4608
7 1479
197 3157
139 3955
58 4908
176 1083
237 8
207 4063
220 1471
209 4293
320 3311
189 2738
286 3439
187 3532
129 3872
148 2952
12 1992
27 2213
184 2074
164 394
275 1183
170 3700
253 712
130 3062
252 503
53 3387
157 695
301 1323
316 3878
131 1868
134 2100
22 4256
248 4385
311 2986
310 3586
93 2479
234 1195
9 3936
25 4813
65 4385
292 4023
93 1103
39 2670
5 402
181 4871
133 2720
261 2102
185 2144
88 2812
205 3695
156 3886
248 4542
102 341
33 3956
28 997
24 597
166 3668
21 4514
158 627
248 4205
52 1474
272 3580
17 374
202 1593
161 4388
170 634
10 4628
82 3226
90 325
58 3800
96 4386
133 3469
64 1614
6 1818
93 3872
90 2863
191 2108
57 1725
80 960
174 953
212 2129
215 1899
318 1060
249 4877
59 1392
247 2133
206 3821
290 4787
306 4832
4 246
78 1766
126 4472
135 2142
298 1695
26 1646
173 3892
223 2749
224 4785
145 1320
122 536
199 2593
165 1400
146 2495
249 3766
99 703
316 493
50 362
124 1723
127 4971
3 4130
85 4090
95 970
173 2415
171 2068
281 4291
15 4454
61 3302
122 3576
33 1106
139 4542
219 4484
14 307
90 1818
252 3532
162 926
250 3767
119 1920
89 3575
111 1835
221 3024
197 544
68 959
9 2317
116 267
247 801
245 1954
290 1075
211 3436
194 3139
237 4786
274 4311
188 2714
195 1255
118 1817
232 3643
199 1905
272 4350
35 348
218 4597
318 4440
97 4629
15 2308
95 1790
243 4402
263 3727
291 2946
14 4441
41 3846
63 3354
282 3110
189 1957
88 4664
116 2815
229 2923
231 4910
278 4583
133 2846
270 3530
303 2268
146 2772
247 82
248 871
211 1507
280 785
154 743
6 158
48 1084
17 2620
77 289
279 1573
264 3751
84 487
198 2506
46 2792
108 2873
120 873
295 2052
306 1856
78 667
205 2460
33 1038
132 2967
291 4846
299 3589
309 3953
240 2625
135 4269
269 1601
156 1945
186 3810
171 3187
294 4016
278 2476
86 4080
86 2431
152 2513
172 1242
193 1285
61 624
222 4058
110 1187
207 2049
318 3021
68 4221
115 720
118 839
94 2439
72 3454
160 131
240 507
234 2504
259 179
60 1736
8 4105
110 815
316 4387
202 2571
238 4013
129 1465
7 249
51 1768
124 2112
312 2159
148 1640
22 3398
227 4507
186 2028
96 2848
255 2183
218 524
179 4691
146 3829
160 3147
79 4625
111 3125
200 1313
316 19
314 2928
241 662
265 2192
296 4430
148 1202
8 2045
4 2093
148 4325
50 3128
295 1439
217 1940
224 4968
10 4252
31 2992
229 3482
289 1816
144 4481
58 3583
96 2566
218 763
310 2316
253 4851
49 1109
303 1034
83 2668
164 467
202 3836
181 1015
258 2764
214 3501
38 849
201 1575
240 2982
274 2874
154 2968
308 1992
43 3961
68 4167
132 2914
133 2235
242 4997
277 2676
151 4472
309 984
65 2401
199 4345
319 1515
242 2444
263 1360
265 1678
109 558
309 735
219 1241
20 2440
158 4102
228 719
88 608
20 3561
230 2374
244 3467
198 3371
199 2959
280 2118
154 1471
236 2763
27 4366
152 2837
135 3351
224 3718
185 4640
275 3636
242 3625
182 2811
284 3413
271 2054
127 1097
268 4959
133 1292
188 2051
138 552
225 228
157 1539
121 2326
181 2659
26 2433
128 4670
262 2035
284 3704
9 607
314 4161
254 753
58 4020
311 3863
122 264
254 696
29 947
143 3721
212 4577
177 337
115 4681
60 4647
65 388
87 4976
63 4809
198 2477
242 2287
251 1226
290 1683
65 3515
173 2341
285 1645
83 1615
252 638
130 3784
154 3225
77 3003
52 2340
24 2345
42 3281
265 1226
112 4814
150 644
64 3891
76 3090
140 3089
270 1496
153 1378
315 2898
288 183
188 2849
206 4301
127 2618
53 3408
225 693
