367 367
174 3114
36 4250
63 3016
132 4063
147 4561
14 2789
103 2638
54 1160
90 891
165 1981
175 176
5 2483
36 3402
13 4885
130 4352
143 3750
39 2444
31 3996
51 4275
168 1676
78 3814
119 573
182 4194
15 459
44 262
100 2943
24 2703
126 513
101 4521
136 3428
101 4741
42 4893
17 4715
75 3103
173 908
14 636
104 4874
127 4034
134 714
108 1373
71 279
145 2088
46 1224
152 1588
97 1350
107 2900
102 3711
50 831
148 1294
102 4159
104 2461
23 4014
26 4832
80 328
21 3434
71 747
30 2677
52 2657
72 1216
58 489
96 756
80 198
66 2342
77 971
22 356
123 3179
163 4868
168 707
55 3488
167 573
20 3717
180 3167
180 3374
9 3432
5 4332
27 1888
133 1728
107 4686
143 4413
24 2506
16 1478
148 1650
68 256
159 2120
99 4456
34 4765
39 4308
71 3190
146 1471
92 3647
66 1009
29 4269
111 1157
163 4896
120 4770
45 902
25 3194
36 786
19 1483
67 3948
45 3016
90 1890
11 2851
103 540
73 885
51 1476
31 2717
78 4066
22 2026
1 4168
39 3101
108 1279
160 4335
70 1496
144 522
17 919
124 4526
55 1390
181 1077
109 4893
118 1766
119 4526
2 4472
45 1200
45 2292
79 2680
1 1013
96 4532
4 826
53 4071
22 1839
154 450
74 644
48 4865
32 1152
78 609
118 2766
141 4000
30 454
76 3865
33 3856
180 4035
168 4411
22 2698
45 3557
37 3819
80 2710
173 1626
179 4664
114 1319
41 2638
86 2346
135 421
87 2513
24 4554
173 3094
140 1135
154 3703
43 1783
83 4577
153 1978
117 4324
119 4322
77 2080
164 944
61 3591
146 1697
114 1871
86 145
65 3421
39 1698
53 847
85 3646
170 4033
55 3341
128 4743
7 3964
24 1194
109 2836
132 4214
142 2072
146 1731
30 4977
22 4517
104 945
154 1872
176 1087
99 3210
20 3541
142 1948
77 266
48 622
177 3994
48 3267
75 3166
60 4045
125 1012
98 3284
50 797
92 3164
138 390
157 536
60 162
149 287
56 4054
165 1332
17 879
115 1745
183 3951
115 1922
154 2215
21 2156
121 349
72 1605
131 3756
181 2629
182 769
49 2829
157 4071
138 1311
115 3550
76 1427
38 1925
162 1699
61 4038
171 1248
98 3453
120 3590
23 1137
143 914
59 1618
58 3880
48 2557
131 4609
142 3969
23 1684
166 3214
142 1156
133 1660
159 3134
26 174
85 4827
39 4353
108 1665
56 2264
128 566
136 1659
67 3108
64 1313
143 854
171 214
70 339
5 602
102 1473
64 4010
126 431
35 2688
169 3979
16 1998
87 3926
175 2710
173 2231
86 2348
25 4665
93 3662
130 4563
72 4021
70 174
67 3561
93 2530
131 4380
73 3479
19 465
22 3091
31 4485
36 4587
168 477
163 2121
151 4309
74 103
83 2272
29 2250
126 4339
14 4436
108 4300
92 4030
56 4367
181 543
182 2455
74 1545
135 2228
154 755
115 4618
1 4387
137 818
162 4338
22 1951
131 4546
100 1171
146 4114
169 4752
164 4559
47 1734
129 3810
38 3100
112 4974
98 2735
102 3631
74 2757
127 729
142 3548
160 1153
52 2301
45 3057
131 2020
99 175
42 977
132 2696
70 2011
80 4915
35 4670
73 3790
119 926
180 682
122 807
67 1732
100 40
142 4898
131 765
50 4132
104 4889
61 93
106 4916
100 805
55 4766
8 4525
9 1132
83 1380
156 2002
93 4384
32 2512
150 3894
52 3892
102 2223
118 1932
131 3320
31 2871
166 3051
147 1183
62 2751
152 4090
87 1172
141 1445
95 4779
15 885
130 4911
129 4652
66 1688
50 3240
82 2341
131 1912
67 4628
32 2537
84 2141
132 541
60 743
167 3667
