532 532
138 720
249 738
230 4192
51 1991
138 1340
129 2460
63 3121
224 3375
233 2559
256 3872
206 4514
61 928
229 973
232 1450
158 4471
203 2002
259 4046
201 983
62 4544
11 3989
47 2352
192 4471
61 966
49 2280
126 1715
10 3133
47 2063
154 1774
226 1569
88 117
131 1250
86 4083
63 952
150 2041
187 3617
120 3937
263 2092
248 2506
117 3508
75 2915
110 1308
95 283
83 3384
193 4622
183 1996
125 4005
85 371
30 2641
201 746
105 1727
155 4034
13 2678
204 3129
3 551
23 4627
115 1995
120 1992
32 3958
43 1762
25 2563
212 295
253 1266
214 3681
136 670
199 935
34 1847
189 4998
109 539
25 1520
3 1737
114 1626
258 4590
255 2244
40 3939
11 2951
90 3933
136 1173
245 1652
160 3615
56 3268
41 4023
155 3432
137 4622
60 3073
61 4909
77 4261
259 1273
73 3568
118 982
206 1883
132 1007
22 4367
171 1683
238 2574
28 4098
201 655
56 2726
112 4108
229 3677
122 2214
162 2326
155 2064
97 4684
94 2278
30 4443
217 3974
216 4508
144 1785
106 4621
224 152
106 852
104 1517
87 3605
206 3049
194 3748
16 1775
97 4301
68 66
164 111
153 2954
51 1144
262 1532
177 898
195 4047
153 40
221 4587
112 4074
194 476
94 1032
157 2623
167 4094
198 2903
235 4926
152 3245
106 965
67 4635
247 3974
164 2596
231 2870
84 893
254 2876
43 2694
190 2484
32 1535
29 2817
93 2568
224 2481
56 4632
199 2572
3 1306
35 2828
34 542
51 3425
5 1167
98 1918
255 2995
17 1455
45 1505
245 1534
56 2545
117 4544
98 4359
37 2722
126 648
66 12
252 999
163 4702
11 735
21 4042
82 4840
113 3898
73 4611
40 233
103 2018
201 1413
78 4572
155 4121
165 879
261 1770
150 3556
246 4945
178 2973
25 3109
184 1895
114 1560
53 3802
240 3193
265 2598
208 2667
157 3030
216 3234
89 1969
93 4098
39 3836
64 49
31 159
166 532
173 1523
26 181
104 4886
119 1929
154 1445
103 4512
190 791
254 4859
17 1661
18 3570
24 2697
96 4671
80 2126
165 2338
60 1883
108 3711
122 1484
2 257
2 3418
77 4783
3 4702
112 3304
48 30
181 2633
154 2753
83 783
86 524
198 4015
169 2633
250 536
235 4095
86 213
135 626
180 4603
93 354
171 3114
41 694
99 4141
182 4816
76 2596
110 3487
31 1796
205 1792
257 1560
162 278
158 4174
153 3148
75 4829
242 296
79 1072
11 284
149 93
58 4418
63 4182
34 2160
40 2060
60 844
228 4144
235 4313
262 1041
130 4672
108 323
92 2790
154 788
92 1552
100 4239
167 1077
73 898
206 4365
94 4235
151 3799
106 2418
203 1992
106 4214
78 526
32 2420
18 2445
213 2225
239 669
94 898
181 1237
125 2419
58 1746
68 1709
154 2941
140 4128
103 3790
43 4444
256 2809
240 4139
63 780
225 4149
50 779
1 4693
228 2075
248 4631
44 2696
23 3419
165 3678
258 1382
184 112
192 2706
169 877
36 2575
183 208
206 2071
188 2577
36 3208
241 3138
193 2449
231 1406
83 3137
12 4286
141 3978
65 820
142 2688
23 2434
204 2684
74 2249
194 3861
114 564
223 915
10 1477
24 3110
156 650
88 1849
25 1827
117 298
10 1549
117 3005
95 2846
256 3763
132 547
54 383
6 971
239 4571
253 4047
198 359
77 1496
54 1019
166 1578
171 869
198 1326
72 1303
9 2163
173 3938
39 2955
114 1678
8 3799
223 1434
147 3390
24 3541
185 140
237 2631
210 600
48 1834
208 4062
113 2454
79 3471
119 3941
95 2578
58 3973
120 975
239 2190
125 214
244 3244
83 2413
217 176
139 1299
102 3642
61 3499
134 4058
264 1370
33 3829
16 1244
149 4604
64 2562
11 2148
88 4331
138 2867
40 2496
248 2756
191 882
9 15
29 3915
143 1911
173 2809
44 3724
77 3454
131 282
104 2841
142 691
147 4639
18 3595
87 3070
203 1648
133 85
146 849
50 4092
204 558
256 3105
142 2675
190 2869
229 3520
181 3114
154 2997
9 2855
157 2923
29 2965
70 435
262 269
166 1151
1 2228
215 3184
258 3360
135 1943
31 1460
153 4864
211 1365
139 518
1 158
86 1633
187 4169
46 4109
253 3813
91 3866
141 286
232 278
76 4227
125 1294
142 4257
143 4278
19 2205
243 1178
205 4298
126 4617
75 236
228 2857
73 189
249 571
156 2956
133 437
244 1504
250 1764
5 313
4 2955
249 3430
71 3368
92 908
121 2865
23 2227
264 2687
142 542
125 2918
37 4390
28 3224
123 1269
23 357
259 191
190 3735
52 2453
252 4123
132 3104
74 3443
265 572
71 3805
183 1587
81 584
95 828
162 2993
257 2009
222 2282
105 4736
209 2486
56 985
139 4688
176 1520
10 3165
34 3713
108 2926
179 1299
83 2112
198 4477
112 2142
208 2275
152 2838
25 400
262 1573
185 3571
201 4527
106 170
195 2769
47 2279
109 1030
168 3452
12 4659
180 1881
103 4740
253 2429
193 1464
139 2678
106 230
122 3403
50 275
159 4581
166 2258
155 3884
134 3970
102 3055
254 2972
101 3581
56 2507
171 4094
63 4040
262 24
237 4283
16 2322
67 1843
42 810
242 3798
204 2605
51 3545
158 2654
143 4576
36 4629
245 72
77 2770
182 4325
153 1790
73 2191
35 327
192 3212
250 4605
252 2075
204 2163
