247 247
66 271
115 4583
28 2740
112 4696
122 4341
9 3743
7 437
92 1439
57 3232
53 3724
1 4002
75 3158
41 3216
4 4027
82 2206
90 2594
30 2600
73 3797
111 3879
84 4149
36 1501
6 1629
4 1347
80 1412
116 2043
74 1522
73 2226
40 1638
62 2786
70 2205
39 2488
102 1212
76 2616
22 4027
38 2820
46 1408
121 3180
91 1176
84 2148
19 1187
95 2054
89 4712
6 3033
48 1715
8 2851
3 2283
30 4493
24 818
12 2058
99 3050
61 2595
76 3502
107 4471
12 2851
31 4294
39 1776
63 2812
21 453
72 1243
83 3282
56 4774
3 2799
29 1169
5 2413
45 3288
19 2933
101 1901
51 4420
3 4697
17 4523
44 1002
36 4611
107 178
31 1530
116 423
102 3482
73 114
118 2938
108 790
57 4480
5 2247
52 360
23 2343
82 2859
98 3198
23 4098
94 294
113 1478
119 3891
93 4885
80 1579
70 3030
101 1443
86 1616
85 2804
70 1676
8 1074
101 2915
27 3865
57 4626
27 4438
23 3261
60 1410
69 399
23 2089
13 802
108 4943
18 3558
10 4705
37 3014
90 4764
91 4232
16 4022
30 2017
34 2120
23 886
47 41
32 441
70 3190
43 3324
21 301
96 1925
16 3148
8 4074
52 4662
24 3244
88 3369
30 4511
51 1566
53 2322
31 307
61 2654
70 3495
79 4190
73 1390
49 4146
79 650
9 3034
98 969
52 1317
58 1375
24 649
71 1240
91 1474
33 2690
61 2564
68 1577
6 4562
74 3745
56 2776
113 2709
41 1852
111 322
16 2495
61 628
40 148
82 2257
102 4462
106 2719
102 1755
83 4481
93 3581
20 41
98 3683
49 1827
52 3532
33 3103
42 3147
104 1429
91 214
65 2356
113 2757
62 178
43 3400
67 909
29 517
82 1399
121 4136
62 4942
114 127
34 250
86 3981
12 2355
61 474
19 3900
4 3461
76 1714
2 2062
3 62
51 430
27 2247
53 153
101 1182
23 441
48 4573
7 4127
55 2718
121 21
87 2775
109 2891
76 1826
63 1357
20 3923
102 2339
115 1080
119 470
64 3083
101 3799
51 1903
103 4411
107 2036
112 4843
87 34
28 557
27 4800
27 1503
43 2003
111 2543
65 2604
98 545
5 1208
111 2992
122 986
16 808
95 2377
28 273
65 4601
91 3177
108 1464
57 4613
104 200
28 3938
100 4549
80 3780
67 2697
101 1079
118 4166
70 1295
92 3757
1 123
3 3622
118 3438
118 1708
121 782
11 173
68 4941
71 1996
