260 260
29 4419
13 2605
94 1160
59 2107
6 247
96 1490
61 2478
77 2682
28 85
81 389
58 3328
129 1629
65 399
10 2115
66 226
20 1024
80 3094
24 3296
106 1285
118 3407
28 1491
22 4082
10 4903
45 163
65 4902
84 4621
96 265
89 4366
69 3985
35 4434
16 1353
87 4079
41 4622
23 4569
17 845
18 763
8 1659
11 498
46 2281
102 525
93 1513
77 2530
102 4337
2 1292
21 4094
118 4661
61 3048
45 2967
78 3352
96 82
3 4537
58 4472
73 2061
59 3614
22 2226
88 4508
108 3596
38 1608
82 784
116 2595
7 732
122 1586
75 711
67 2555
7 3113
118 2667
50 1598
22 2988
118 3029
9 4987
34 2188
119 4646
57 267
129 2761
34 4539
7 1364
20 606
85 4680
21 620
39 3287
55 3785
110 1071
48 4010
10 3881
82 2673
37 4584
14 880
58 4798
25 4067
115 3460
115 309
90 458
41 692
10 888
17 4751
11 2262
118 2219
67 490
8 224
102 4556
86 2443
38 3050
75 1208
5 3725
72 59
91 3711
120 567
52 2514
90 1545
70 1313
18 4988
79 1509
58 1569
124 1958
27 3830
97 4862
120 3854
9 40
39 4489
51 4934
88 1063
116 375
52 1516
100 4633
18 1932
1 43
19 2051
99 1556
69 4281
34 1658
51 745
82 2380
48 3110
98 1587
129 2729
23 556
15 3434
96 454
76 140
61 3809
39 1869
30 263
111 4920
35 3728
106 186
99 4837
7 50
59 937
114 3293
109 2284
31 3263
129 4157
2 2101
107 3053
92 1011
4 26
101 1032
85 150
120 1885
96 4729
104 629
91 2059
35 609
123 2906
123 3913
128 1519
75 399
38 3422
13 1110
17 1802
34 2442
95 4277
101 2776
66 869
62 4510
61 2479
122 3428
76 2792
33 1923
95 4161
92 713
57 2652
10 1074
91 4013
36 1043
24 1327
68 2243
14 764
37 2917
3 4921
48 1954
101 4436
125 339
88 153
15 527
39 4548
2 2304
16 4628
38 2032
73 4859
49 145
59 4903
75 2086
52 749
11 2005
105 1086
49 2243
99 414
28 493
81 4849
36 1027
38 217
112 3490
106 3107
107 2245
77 488
36 682
111 3141
5 762
9 3851
93 4687
99 4678
52 515
3 485
61 4731
38 442
68 261
28 1343
75 4159
18 3317
40 2380
60 551
127 1429
26 1552
55 1548
73 67
72 4822
47 3400
86 3602
22 972
34 4266
12 166
108 2510
127 53
64 1442
17 150
122 4628
32 2770
80 1050
3 1718
107 2818
31 1643
98 1467
125 535
12 1053
9 4248
96 4008
97 293
5 740
78 1320
