501 501
143 4772
86 1913
191 3950
116 1075
190 59
146 1037
225 3151
170 1938
217 14
194 223
2 1726
32 129
9 385
96 4793
226 2724
220 2349
201 554
184 3137
185 1489
153 3627
112 1298
194 3512
79 2285
234 1712
17 51
98 306
223 3852
42 2075
138 4066
104 4003
118 2021
73 33
63 4763
151 9
216 450
50 4967
48 841
94 331
138 2161
45 2070
96 917
101 1914
72 356
182 3186
136 1587
211 2669
26 2475
120 4532
218 2783
58 2582
10 4199
224 2593
190 4676
191 418
149 446
83 3246
183 2391
228 3096
114 1292
124 1622
214 3045
1 4523
17 1637
8 1986
218 1511
176 420
213 4531
139 767
221 207
170 1787
121 2613
97 4307
242 1664
175 1812
159 905
84 3079
126 3934
178 3245
211 1147
29 2032
91 1594
166 3917
108 948
92 3765
243 4873
119 2450
186 3108
229 367
38 474
112 2282
125 4913
34 949
236 2470
187 4518
240 2919
36 750
13 3325
166 4448
113 774
101 3388
166 100
196 3963
75 4576
153 796
2 4542
150 2995
240 3479
174 3377
10 3932
190 3535
43 1175
4 1934
219 2715
87 1952
87 394
204 4728
99 2039
196 2220
111 3306
30 3946
3 214
152 2004
61 3027
144 4648
59 2921
248 4491
143 4768
210 1276
115 614
176 2271
246 200
222 2608
69 3093
162 3603
86 3224
170 1500
2 4865
159 4143
163 1765
176 507
50 2862
197 1147
30 4981
177 3524
199 21
20 869
219 3888
233 2291
2 2449
4 3856
248 4022
226 1973
225 1446
60 67
158 1185
124 2574
119 4627
24 1705
247 63
128 4668
13 1011
201 4674
38 4618
12 473
241 1940
250 1511
19 4970
44 1423
5 3269
61 2583
105 1503
69 3266
220 4722
158 4947
213 3025
13 445
3 2841
122 3617
86 4697
52 615
232 4306
102 4081
160 1937
243 3221
180 2081
32 2013
172 1511
33 2353
171 2130
36 2142
196 2414
141 1910
56 75
97 2094
141 3265
245 418
71 1063
240 57
157 2850
56 3909
169 2225
149 4379
126 4030
24 4102
142 4716
234 2030
232 1780
4 1101
90 4996
202 2228
152 3314
78 3685
137 4148
24 294
229 2268
128 2215
120 2958
173 2680
171 1967
232 269
174 4415
189 2705
169 3604
196 1815
111 3099
174 3750
41 4306
6 1392
174 3462
16 2616
201 722
50 934
63 3543
167 3886
39 294
92 1534
30 1442
185 2742
26 1924
219 1979
184 4447
164 2239
89 1166
52 4778
241 4252
238 1965
222 1144
14 2786
16 1802
84 4068
138 283
94 4904
141 149
178 4921
69 292
184 2825
76 4915
167 903
193 3599
97 3356
18 1511
22 3623
186 3370
200 34
107 4293
121 4616
14 3755
9 1518
125 2492
39 2094
193 4820
241 3906
35 497
222 3392
6 2806
189 2089
235 2284
191 2501
149 3965
64 3056
119 1919
54 2497
37 325
226 2078
68 3723
244 1630
140 314
79 645
220 2441
248 2032
236 3693
167 1083
234 4771
84 2960
164 1144
152 47
114 4693
112 4035
61 56
141 146
118 3139
127 3647
236 216
213 4439
44 2312
184 4139
141 2175
166 1601
227 421
219 672
231 73
214 3960
156 1770
202 4697
65 4882
73 2700
160 3705
18 1208
108 1612
242 602
220 4569
20 1614
72 595
33 203
71 4204
2 2272
139 2151
65 3395
241 3298
193 983
25 1016
145 3573
71 767
193 1345
25 3594
239 4056
55 2580
76 4790
141 1752
49 2780
34 3216
192 376
100 1615
227 1489
199 3638
59 3854
22 4482
133 198
250 3648
127 4016
240 4279
27 2987
112 3821
168 1102
175 1868
107 103
107 416
54 1223
100 578
203 4303
40 3349
151 3975
236 2448
180 2604
224 2302
99 4176
249 2159
42 1394
90 2034
172 4997
87 1352
222 2313
225 2990
130 4969
214 1697
82 2037
47 3609
230 434
80 616
208 289
99 4435
108 1004
231 1262
204 2816
117 4091
235 558
22 1349
172 4846
178 180
150 134
11 785
9 652
54 568
189 2883
211 1919
7 4958
98 268
44 2259
104 1738
246 1766
236 4115
73 4783
57 123
78 1380
166 2167
175 1600
249 1902
223 845
66 4624
181 2561
120 3150
11 3523
94 1467
5 2944
129 3253
198 1052
212 2624
193 3192
56 4627
34 2403
229 2874
68 4524
165 2497
161 3806
241 2092
223 917
156 1034
144 4963
161 488
237 4562
158 117
119 4678
200 50
165 4844
141 300
133 3437
31 3872
118 3251
74 932
1 184
129 4858
37 4103
202 1465
50 3421
229 2177
49 4465
100 3321
69 4823
21 2905
221 2208
138 1902
209 785
34 4392
140 1281
188 810
129 3846
15 215
54 3066
63 1456
59 3092
33 216
147 37
10 3439
118 1530
164 3635
57 2765
206 1036
83 3498
16 1836
114 4270
153 2648
179 459
216 798
127 4497
111 4197
234 1081
120 3225
164 2330
104 3120
207 990
58 3929
186 3251
210 2676
134 4409
178 107
180 4786
240 3035
174 689
247 2987
126 1804
114 1883
78 4153
28 1351
202 3395
248 3330
112 1770
73 3956
177 3104
173 3734
249 4253
114 4441
