372 372
9 997
26 867
12 4103
94 2707
108 3431
159 4558
19 4693
183 384
156 3852
71 4529
138 1530
66 3718
67 2632
115 2231
154 3868
78 4276
160 1666
174 3072
171 106
104 157
104 2161
181 2785
7 4684
22 4377
96 3358
9 581
90 757
101 423
4 4446
75 2526
19 3695
178 2498
49 3844
16 2810
169 3510
4 4043
119 4160
54 2780
174 857
55 3051
18 1297
15 182
59 801
145 2929
173 3698
94 3387
54 4419
102 4035
38 4300
20 207
6 4311
150 96
59 4459
139 2419
181 798
17 4163
37 4979
71 2910
14 4675
174 2548
146 557
74 3485
42 4901
18 1940
61 947
159 4910
12 3123
81 3797
127 1302
131 3031
138 2996
17 385
2 1206
54 2935
121 612
50 243
128 2752
3 1476
32 3370
100 116
37 950
139 1458
183 4639
50 4689
33 2478
44 3228
6 3422
36 279
124 2995
120 1266
182 3155
30 3800
107 648
20 1600
106 2987
151 2487
100 2339
31 4061
52 789
94 365
143 4774
111 3483
43 631
80 2997
150 4664
93 3434
183 2106
112 3215
77 4241
163 615
85 4363
6 688
57 4012
161 1184
37 2916
162 1399
66 2598
42 3101
79 3568
144 651
9 1237
115 910
35 3594
125 4374
13 780
174 3536
2 2831
57 3608
131 2040
105 2335
24 38
30 4721
180 2130
57 4174
119 1660
126 2930
101 1631
154 4524
164 3042
10 94
1 3725
54 4231
104 2156
7 1625
147 712
3 4275
105 2099
181 2743
55 275
182 130
85 2497
90 2483
118 1899
100 773
67 988
78 165
94 675
63 519
103 3847
124 2604
42 1011
98 3213
115 3249
162 3553
96 2894
48 1487
23 4349
102 3076
97 791
184 3621
175 1082
94 910
180 4052
42 1975
114 2146
130 3443
101 1170
131 857
90 2665
183 4660
89 2102
166 4829
2 2382
102 1181
3 2779
182 1179
150 3103
140 2264
131 3541
27 776
112 4783
156 591
10 4163
64 3830
137 2473
48 2506
43 3058
20 1970
152 3892
97 2236
56 3672
99 2941
157 953
106 4824
141 4991
181 4599
151 1100
121 3739
119 3091
127 3440
132 4628
84 1634
148 1306
140 2520
29 2913
128 4298
133 1163
38 3458
159 2983
37 1503
71 965
166 2908
61 2905
82 2932
145 3102
17 212
185 3818
85 229
180 2814
37 3583
64 4859
14 1489
103 64
179 3176
119 2870
113 2867
56 3580
57 3772
115 2797
129 2265
43 1485
176 4505
132 4033
173 2332
120 2172
166 1209
152 1532
60 4106
43 3346
149 1575
155 3237
19 889
93 4845
70 3104
7 46
175 233
149 3679
9 1420
140 3874
12 2402
78 1833
104 2545
33 2850
61 3723
142 725
139 3641
159 2284
104 2871
39 2225
178 3146
81 1129
60 1736
119 3330
80 4014
63 1281
152 2764
50 866
69 231
53 2277
165 3438
150 1833
49 3780
175 1569
41 2399
19 2993
39 3985
14 2772
54 3008
74 1335
175 3879
113 2571
82 1209
30 3731
137 4076
53 4129
152 1398
49 1936
86 2913
71 4332
134 3047
178 502
131 2741
15 4144
56 2466
76 2504
36 1728
140 4196
44 379
21 2716
75 4377
68 1880
153 1223
151 3515
98 4203
61 3503
61 343
80 4374
184 2881
140 3481
176 1323
119 2999
79 436
118 1974
7 644
134 355
107 4609
86 503
93 1622
127 2168
30 3916
75 3866
28 4615
175 3159
38 3611
111 1794
62 246
121 3040
185 4292
41 4207
114 3692
82 4962
28 3423
11 2238
139 4207
160 3117
12 1771
24 579
77 1671
98 2389
126 1255
66 3239
169 3230
176 1964
177 4767
178 3684
131 4962
71 4694
153 3394
69 1023
146 927
37 3062
26 3830
144 3569
26 4351
36 2517
77 2000
85 395
63 3492
170 31
117 4641
6 3758
6 3544
