159 159
49 2448
61 852
40 2696
50 4344
35 3427
57 484
49 3970
45 4444
71 3800
31 454
19 1266
1 2194
23 682
34 3959
20 663
65 1691
8 75
19 1342
30 1746
23 529
79 4441
44 3385
20 1318
11 3226
57 3009
4 3484
33 1446
8 3174
43 3547
75 2534
69 1972
14 2133
70 790
65 1311
24 433
75 4026
41 1645
6 33
13 433
55 462
76 1500
22 1554
76 4791
49 2729
42 4129
24 1134
18 3919
8 4388
9 3848
78 2120
57 1656
3 434
53 2116
6 1130
75 4865
62 4848
22 4648
46 1015
64 3670
53 3667
16 1957
43 2369
31 867
25 1174
59 1240
59 1483
36 2447
11 1787
8 133
5 2518
49 624
6 598
40 2371
75 1308
34 848
49 1325
7 1138
74 1600
2 2918
48 2048
64 1443
60 2284
1 152
39 2221
21 442
35 2066
52 1709
73 3827
63 1894
34 1024
8 1932
16 2005
35 4736
6 2878
39 4737
67 1318
11 511
28 2153
63 3436
28 3921
36 4698
72 3966
53 3663
73 1545
57 1217
33 3499
68 4683
73 3470
20 778
25 629
16 2551
52 1435
11 3335
22 150
36 4824
25 3977
65 2748
64 1223
22 4598
8 3086
20 3223
57 4896
11 3550
5 3782
15 1636
18 713
56 504
21 761
61 3814
59 4080
59 3068
28 1753
59 726
38 2425
63 1859
19 523
54 10
40 664
59 4949
50 3691
65 4256
52 3254
56 1035
34 3879
49 167
50 2221
8 3816
42 184
43 4030
13 689
40 3607
65 1406
18 2396
21 1075
77 4477
37 3586
50 3825
47 1077
30 2639
