189 189
78 1470
71 2383
11 4415
74 1121
9 1446
30 2806
86 1098
4 1762
29 4773
31 1316
88 2262
9 4810
27 4621
54 2247
66 91
93 1619
80 4524
6 4131
64 4715
77 3203
59 3463
62 3563
73 1182
59 979
11 2541
85 55
45 2669
12 279
13 328
92 4170
90 3795
27 456
64 1921
20 1060
94 4614
17 1732
17 1482
76 1999
43 4290
34 357
77 574
8 4307
46 3106
14 1378
6 1367
93 4467
73 619
61 3887
85 2581
6 149
17 2110
66 3785
33 821
27 1188
51 559
14 4033
7 3165
87 4317
75 2715
24 262
93 4287
87 1234
71 2608
66 1012
89 73
57 835
54 1704
14 549
9 3455
32 4626
53 3964
12 829
53 93
39 2618
93 1080
49 1343
14 2329
8 143
73 4967
82 483
29 2087
89 1232
47 2658
77 43
12 2312
32 3000
50 2710
20 4352
68 390
25 3708
52 974
63 720
69 3791
5 405
12 3520
18 2774
17 2410
71 2572
47 2911
87 1868
15 4277
20 3270
87 2203
19 629
55 2244
66 4171
24 2103
68 4584
5 4807
80 2426
57 1717
34 1294
34 3736
76 735
58 3225
55 4629
71 3992
94 1074
38 3037
35 4258
60 2984
92 2213
71 868
53 1759
56 2210
38 350
28 2960
84 1988
69 3586
19 2162
62 2257
48 3300
65 1061
37 2596
24 2191
69 789
30 3866
67 3915
75 2056
4 44
13 4851
53 2885
66 4310
32 2497
17 1141
4 1330
26 4334
68 3288
85 1200
51 2141
75 1678
51 2831
93 140
34 4843
38 2219
40 4806
92 4031
50 1624
23 1965
56 4647
83 1015
87 764
57 1719
79 4500
61 962
90 3740
53 1208
93 3320
55 2106
87 4361
70 3855
47 4893
45 1812
66 4979
92 2946
55 406
73 1268
46 1014
42 779
39 1787
2 4208
87 3265
84 615
36 2417
75 3538
39 4983
86 200
24 4033
34 1048
