502 502
113 624
138 4144
199 2434
101 3343
30 3500
227 2587
30 2558
207 4513
197 2234
166 186
163 4633
164 1402
205 1624
63 811
27 276
171 1951
52 2638
104 3164
250 321
191 1711
230 419
34 2589
20 4195
122 846
249 113
210 3002
205 2266
227 2268
2 4078
209 199
205 4527
54 2742
227 4353
63 2912
108 2898
74 1825
103 1164
183 4990
24 4783
44 3849
141 4852
113 2350
213 1203
121 3523
9 2544
128 2984
116 2941
189 1851
183 2429
28 3272
46 1798
57 399
107 3686
243 2419
240 1676
131 2046
243 1299
28 1649
9 583
114 2492
93 1289
59 3502
11 2949
33 2012
166 1126
159 2977
121 460
90 1947
10 1845
49 2292
200 4713
4 273
196 3417
5 896
150 3635
117 954
12 1591
187 3969
244 4934
37 4998
6 281
83 2982
104 129
15 2348
162 4279
94 852
156 4298
232 229
154 2472
122 1607
233 126
105 1467
71 160
136 2136
165 736
98 201
19 539
158 3396
211 3230
139 3345
151 18
39 1074
222 3254
16 2506
155 3025
19 4823
77 492
192 1949
56 787
199 454
136 1959
93 4516
176 3953
4 2359
67 2745
120 2913
119 4930
136 2129
50 2643
94 2398
73 2750
45 548
10 1961
82 3332
57 4934
22 1279
60 1564
122 3714
98 1833
77 1353
166 2507
242 2045
212 821
61 3182
142 2642
166 430
99 3375
118 1911
50 3467
159 3833
44 785
24 571
237 2253
197 1585
214 4018
86 2351
15 2859
143 1430
236 2811
84 3556
51 2704
48 3947
97 3083
41 3153
49 2042
62 3670
94 3922
29 3654
77 4323
235 2759
245 1566
228 4878
9 589
217 2641
150 4905
144 4449
186 4084
61 958
112 2809
42 2606
199 1984
65 3574
109 3581
154 3249
170 1375
10 2128
144 348
190 3126
21 4905
50 4370
17 4838
80 1280
188 3379
40 2880
140 4466
120 4231
237 4136
99 2404
155 2674
18 51
159 2999
86 1730
42 2264
47 1557
13 4725
127 2727
130 4206
207 4224
114 559
171 2951
168 4131
108 3085
29 3418
191 4106
91 2007
16 2683
182 4437
235 2492
56 363
124 2528
9 4147
88 1750
8 1928
107 1070
109 3330
249 2187
97 2340
113 1474
10 1261
203 4111
196 4968
219 2105
83 3295
52 854
235 70
200 1698
20 1238
75 2538
166 2033
33 88
212 2263
160 566
27 4313
158 3328
48 101
18 3390
187 4876
221 3747
240 4546
205 850
40 4629
121 2473
194 150
202 923
242 1642
83 3123
2 4706
85 1709
140 1124
210 4199
145 3049
197 4059
162 1787
37 1141
55 3536
74 4853
112 3997
156 445
244 3217
199 1116
250 4738
246 3118
224 1842
176 1495
243 1078
15 1122
155 4153
107 2586
177 2236
223 3055
99 866
52 152
121 2756
83 2744
64 1575
146 1066
191 3787
243 851
126 34
117 2994
225 4404
240 3689
246 695
47 823
157 4013
199 3036
133 964
136 2638
201 934
10 2860
71 799
166 1331
4 14
19 1400
197 1191
250 3776
183 165
47 2825
233 3820
178 2444
117 4894
250 4467
206 4279
106 2579
114 3318
248 4625
131 1621
207 2263
41 1048
131 2478
104 4531
93 514
164 425
217 4157
160 3998
188 2320
69 4006
229 4694
197 3384
101 2179
101 1909
235 1274
171 598
201 2565
212 1723
115 4043
147 2034
213 3584
163 4528
48 3427
108 3521
10 3588
173 985
93 854
17 604
45 2467
76 1369
167 1308
150 1051
53 936
53 3760
109 4821
194 1965
40 2949
226 4939
140 4569
238 795
202 1355
55 4225
96 156
173 4045
30 3452
51 3644
217 4490
186 718
85 271
232 4598
202 2402
115 2474
70 3620
174 887
19 607
235 3170
209 1293
241 2587
22 3055
26 3434
74 3901
178 2429
204 769
64 2194
3 2171
57 4090
150 1074
93 3505
173 4553
243 3049
38 614
88 2458
207 152
28 4848
87 3781
21 1452
26 507
218 1548
84 407
123 3296
189 490
226 4664
133 4229
230 3880
55 2562
19 3968
34 3225
222 2805
95 2345
97 75
153 1704
64 1674
5 1117
26 3395
168 2695
173 1511
173 3538
196 4979
163 629
118 2360
23 2973
65 149
31 4234
230 4088
146 986
32 2824
211 1426
150 1143
27 1021
236 334
241 1365
167 4585
108 3605
183 1448
237 3622
186 2746
247 264
222 1487
230 1039
120 1930
165 3213
79 3951
198 3528
69 762
237 151
91 3427
165 4113
57 4695
216 4705
4 4765
1 4255
240 3160
149 4853
241 1824
70 945
54 994
247 1565
234 2368
68 2297
99 4091
149 4738
78 1541
206 2070
68 2775
208 1393
157 4439
108 952
169 874
223 3167
160 1830
5 303
31 116
223 2416
142 4430
143 1551
191 194
133 3532
128 2093
206 4945
105 1904
101 1874
245 3246
192 2775
18 3584
201 842
12 1847
36 2795
93 1544
62 828
29 218
100 4989
220 3718
98 716
155 3433
141 3200
108 1811
2 4095
137 1136
180 2528
152 3091
43 3263
177 771
110 2993
213 638
96 2843
110 2131
170 1096
133 3918
220 2789
229 3063
22 4274
26 2712
228 1945
4 3793
3 1152
