598 598
297 3692
293 3145
221 2725
203 2629
35 107
86 3917
205 3774
60 3300
76 2619
6 1558
196 1701
198 3174
26 6
279 483
112 99
255 2177
17 3985
141 2562
296 504
24 225
181 199
140 2293
89 1999
267 1364
295 4176
115 786
157 1317
162 776
27 523
113 2610
9 4216
256 1388
110 2683
93 4609
151 3031
225 4608
219 4684
261 3835
197 4858
228 4227
31 3475
27 3108
77 2512
276 2272
259 978
17 3629
293 4535
154 4936
128 4756
28 4455
42 3378
116 2795
101 3497
212 2253
152 4388
290 761
230 4407
295 1331
229 4725
177 4940
80 215
109 4834
293 2789
99 408
75 3300
271 4235
274 1357
159 3008
112 4315
64 1124
88 422
228 3930
239 2564
218 4520
77 3998
229 3525
100 2350
69 4956
214 4353
160 3653
155 2166
177 4862
218 4776
104 1405
244 2271
221 458
229 3169
187 4648
73 1
97 4269
102 2489
45 3571
131 1486
255 3115
149 4642
44 1891
225 9
122 4545
217 235
170 3629
246 851
164 4296
12 1617
262 1949
166 4456
136 4636
107 3068
258 1548
210 1235
16 4054
252 3205
125 1399
226 1655
293 191
223 2387
135 3200
46 4558
107 4428
251 2545
30 1417
223 3490
169 1339
137 2597
190 3391
86 2005
176 4516
205 4686
147 2467
45 2984
114 3751
29 2044
266 4469
160 1202
11 4365
122 1373
14 643
93 4457
88 2508
48 3054
137 1002
221 2953
109 1709
52 744
49 4788
114 3189
13 4701
131 1322
74 4308
111 868
42 1644
177 2998
259 2789
254 2129
32 3
170 1083
272 1672
183 1658
40 4187
222 800
33 3745
147 4924
93 80
274 878
230 1654
48 670
101 2287
108 3634
226 1276
140 2101
27 4937
104 789
261 3056
252 2466
124 95
294 4889
170 4778
204 1426
136 3450
225 390
88 4895
126 4944
247 511
89 51
57 2353
55 1993
143 3112
118 2704
135 4303
258 962
233 4485
115 1160
163 709
147 3876
61 1579
154 3426
23 2564
109 4609
111 4594
245 4563
77 2523
286 4254
52 3363
245 4198
227 375
139 2320
98 3553
138 1611
64 475
188 4139
82 4015
268 215
29 105
19 2014
60 4022
138 929
201 4760
190 3283
189 4208
110 2541
108 1989
131 4820
218 382
285 1955
274 514
188 4737
251 4953
291 2339
114 2299
238 203
64 2151
146 4219
60 4023
208 1592
250 3977
119 2181
54 119
18 1621
159 4303
33 1479
178 2617
59 4
52 4495
290 3779
56 1506
234 4425
263 4167
275 362
297 3686
48 1190
223 3948
83 4091
202 3050
266 1731
165 3253
201 3079
45 3270
104 4828
259 3112
102 4139
49 2762
298 2829
22 1678
215 3227
189 3122
175 2646
68 3841
298 3427
4 522
193 3707
32 3964
128 374
5 2108
139 1900
153 1476
12 3102
265 3592
237 3112
230 1416
257 299
180 4490
140 3760
178 1924
182 3391
46 1839
130 2714
204 2171
298 2837
154 2643
92 3566
4 778
195 4608
59 2420
110 244
247 3975
25 2314
133 2645
70 2635
167 912
115 856
249 3319
271 4337
162 2138
66 2591
188 3223
177 1429
145 3185
73 1265
67 1842
1 507
297 4487
241 744
169 3657
161 96
76 391
291 402
203 1864
167 3745
147 1340
138 1591
266 1601
20 1811
224 1299
19 4941
44 3992
9 719
108 37
28 1341
227 1530
262 997
205 859
211 1857
229 1008
232 221
234 3629
66 2420
52 3179
132 2009
159 784
31 157
246 3358
104 433
200 1825
208 3377
190 67
292 3464
61 4843
107 4536
160 2489
119 4526
78 4995
131 962
180 445
25 4569
19 1740
72 3094
239 127
295 1229
228 2165
125 2508
159 926
102 1948
274 1692
191 3442
189 457
175 745
142 103
91 2628
209 4524
277 3003
194 4005
52 2891
99 3725
270 3212
123 1310
222 4028
249 1654
237 1515
205 883
285 3445
12 4198
222 2932
162 4458
148 4874
240 250
134 327
149 96
236 2442
101 303
36 3847
229 4205
78 2606
257 3828
95 537
135 48
208 2046
273 1847
284 4174
212 1136
88 4653
152 3452
98 2056
200 2434
27 1709
252 4105
21 2357
29 3209
188 3432
77 3045
294 1718
253 1932
292 1106
35 3551
98 4674
64 4028
31 3179
86 61
152 4025
27 2068
273 1292
186 3187
9 4501
11 1992
36 3591
16 1536
246 442
298 1456
280 2815
116 483
242 1447
90 3444
116 4665
248 2998
189 3029
4 4789
159 3023
269 4625
136 1153
217 915
261 3663
83 623
224 3524
273 3392
292 2007
223 1634
286 3163
114 1378
69 3591
136 268
255 2773
27 4947
176 3331
19 2565
125 4557
179 2088
140 4733
252 33
264 1193
214 3922
73 1458
103 2674
133 151
53 3165
56 2342
138 3435
175 579
139 1570
287 4081
179 3681
181 4435
268 783
20 639
30 455
147 3241
275 3720
137 4137
156 638
136 3517
27 1651
6 4082
174 4949
272 1794
100 1745
228 2715
120 3380
161 1802
100 2835
130 1943
43 3973
50 3766
166 3512
241 4354
212 2054
50 463
7 431
12 4950
106 4840
192 1758
275 2703
41 4623
205 4831
18 2828
252 2610
44 4164
136 91
90 2578
213 3544
261 3817
94 3942
92 2440
117 2447
70 4569
276 998
189 1595
41 4165
14 172
60 2761
114 2453
158 4254
84 1995
100 1249
145 2496
286 1021
30 4292
278 3750
198 4046
174 3260
250 3734
94 3563
281 1764
176 2180
22 1390
190 965
26 78
233 4152
155 4991
258 1100
214 4658
179 3046
253 2153
202 2679
178 1496
94 431
269 3249
98 40
6 422
92 1994
194 2775
285 4137
74 2005
176 2257
76 172
62 2926
64 1421
185 1514
9 2568
166 3793
129 2771
119 2821
105 3933
47 3239
64 1945
285 1896
149 2440
40 4711
93 1190
155 1273
23 1974
190 4638
277 2606
43 4873
212 3731
227 3917
120 1889
172 502
6 1259
158 2936
31 2658
124 933
297 4006
139 1320
262 4251
100 904
271 4862
163 920
230 3702
201 2453
9 1727
31 2778
3 3493
14 1679
181 3515
34 346
1 4125
174 4958
185 1939
145 1945
145 1751
230 4312
