110 110
19 2193
22 3031
16 3114
23 890
31 537
27 4722
42 589
10 4013
48 193
34 3938
51 928
38 440
8 3341
50 2815
12 2825
5 1794
54 2092
12 3143
26 4743
53 3222
22 978
5 1390
30 3998
48 1464
35 1002
54 426
9 1208
10 2527
29 3892
52 3984
14 291
6 1437
9 900
3 4668
34 4698
9 110
35 966
16 3524
38 1695
29 3581
41 2823
20 1507
52 3373
32 662
15 1133
38 703
7 3676
37 4240
40 2429
37 134
27 3804
30 3963
31 4387
11 4248
47 631
40 4507
22 1677
53 1449
49 1775
29 3055
15 2765
34 378
14 1516
14 764
39 2354
48 2343
24 249
15 1115
53 812
2 2694
26 1005
30 2819
29 333
39 2202
29 209
7 3471
7 3937
23 4044
34 1168
9 3522
40 951
32 2156
38 623
43 2679
8 4371
20 4230
23 1441
35 1368
41 4743
25 4827
13 3469
3 4461
50 3647
13 225
53 2585
5 3594
43 3596
25 2815
7 1492
5 1582
26 2329
4 815
45 4654
30 2334
54 819
18 4111
19 60
20 397
44 4749
20 64
