507 507
57 2868
18 945
138 3073
217 4887
90 4414
135 4378
36 2629
45 2332
59 2146
10 4960
81 2232
205 1663
21 4027
114 2673
219 4832
141 3906
250 851
233 3137
229 835
228 1749
15 3347
135 3815
213 542
245 230
160 2081
185 424
116 3723
34 2582
164 2854
219 3901
46 4377
166 1437
13 919
28 1472
242 4843
82 2014
132 3969
227 839
22 3013
221 653
129 4830
65 4592
156 1206
120 878
185 261
160 4076
180 630
166 3524
151 189
211 580
13 1932
46 824
121 1209
15 1215
233 333
160 4874
78 3548
174 3171
233 3036
172 4062
229 4489
121 861
117 50
190 758
83 3983
96 1261
9 4148
24 1253
80 4438
30 487
217 4944
246 4625
252 2921
230 2782
203 2613
50 4829
40 3972
118 4691
58 29
224 1109
85 3932
224 382
26 4393
159 4959
53 1353
179 3731
32 3021
41 3900
78 1942
50 375
91 1045
165 765
202 4953
202 4644
120 655
42 4080
211 2053
6 4691
249 3086
238 4015
163 1397
206 2484
218 3014
122 2187
105 3087
44 1089
229 3904
45 2486
231 2731
2 2720
175 3114
161 2859
245 2367
177 4072
198 3502
246 3779
77 2063
36 3899
191 4478
43 2260
167 4271
184 2459
106 2791
87 4500
125 3073
175 2960
37 4113
173 3489
158 4449
110 3470
78 2189
213 350
118 2190
147 3872
81 2376
70 3226
236 3739
100 1225
8 4387
146 1892
238 593
210 321
151 4897
187 3443
71 1977
201 3943
50 1683
25 1510
120 3533
162 3405
109 2327
217 2013
241 2743
12 837
233 1290
226 675
57 1270
69 4918
44 46
129 3456
214 1228
82 4251
147 1942
193 4095
24 327
22 3548
136 2972
69 1040
75 1480
189 982
147 3473
191 2309
249 2977
246 2498
110 3742
23 1960
185 3920
39 2997
250 310
57 1122
56 4930
211 754
86 3353
191 3621
144 244
9 3100
52 4994
223 1443
173 4903
9 1005
198 1166
73 786
72 1389
62 2516
166 3830
47 330
162 3443
159 1129
135 2851
101 1823
160 2768
92 3119
148 627
74 3626
58 2911
52 3766
208 1393
85 4068
44 2474
96 4347
237 23
174 846
170 4
75 2091
80 3815
140 1845
77 2382
238 915
42 2702
193 2749
24 3036
188 3006
67 4625
92 1390
231 614
124 1216
26 1497
226 4681
105 3142
17 1753
20 3536
201 975
75 4447
54 1235
88 3168
46 385
43 3459
18 4966
223 3694
97 3053
156 4836
151 2643
220 1446
109 1823
139 3529
188 3352
61 1749
48 1162
208 4488
177 3051
233 1170
69 3038
117 344
233 946
204 1122
16 3644
186 3408
46 4927
81 2470
143 433
163 657
5 2565
10 3826
199 1621
246 701
82 2563
193 2567
119 4971
73 3002
185 359
226 3416
219 1618
90 3900
108 2074
178 4320
101 3588
218 264
126 3344
120 1746
189 4991
249 3097
210 1508
235 3588
160 4673
74 516
214 652
79 1804
166 3353
129 1039
159 1667
96 4281
167 2702
226 3405
216 1507
35 1434
124 2631
249 1365
180 3623
23 2982
226 4070
64 4016
243 1614
73 1286
175 3441
36 360
189 4933
71 4505
230 374
191 3654
88 838
223 2047
242 3783
219 158
112 2112
75 3816
181 2452
68 3438
67 636
253 1053
107 2086
160 516
246 952
79 4745
43 3576
147 2971
140 3521
240 3397
17 2211
4 4095
222 3113
107 3697
22 1844
54 1530
58 2532
23 3348
174 3086
127 844
12 500
59 2945
20 3486
3 2908
186 1305
161 287
120 3419
210 711
80 4162
195 894
201 2548
39 4630
3 803
215 3447
63 179
188 4497
241 705
78 2576
213 4237
148 776
94 2001
138 2145
193 3814
209 3210
180 604
172 1928
170 4567
156 3801
58 1429
79 531
138 774
65 724
27 3239
32 2834
85 4938
85 865
113 1488
92 3227
16 3769
30 4689
240 1033
206 118
217 3451
100 871
202 3557
203 2629
132 3897
80 4699
177 2762
252 3735
44 682
12 1922
195 2349
85 2349
48 2403
4 914
110 2248
183 2589
30 1986
38 1381
17 2262
120 1546
53 1606
32 1811
31 3354
61 2883
204 3089
72 2333
36 3734
8 4763
36 2981
119 1364
97 677
125 3759
129 243
154 3035
149 4376
27 97
250 1152
30 2051
54 3303
98 1503
235 4038
1 4356
36 1652
153 1002
120 814
91 3518
29 1090
33 4219
250 4270
237 437
165 4745
125 4604
211 4010
17 4345
15 863
47 614
114 626
175 450
205 4675
39 2820
47 465
150 3902
149 1085
19 2750
126 1106
24 3039
61 4697
7 2128
14 3593
170 3216
180 1594
13 4132
119 1990
52 3143
84 2401
98 959
67 4011
223 638
155 4244
144 4541
159 4599
89 2384
229 907
230 2646
71 577
23 2233
76 4815
215 4993
216 3286
210 1065
168 2934
40 4266
135 2482
15 2500
188 2142
128 2
95 1648
211 1686
152 3166
233 1314
18 2578
102 288
225 2217
190 417
240 64
101 3559
42 2363
151 2999
189 807
178 2273
6 1688
65 1828
202 675
66 4141
27 2537
135 633
28 640
82 44
90 3922
221 4021
228 1120
247 2858
146 1947
176 3682
87 4458
37 1823
138 3844
3 1497
