880 880
366 2930
245 1721
292 1641
412 4882
184 454
97 3794
424 140
73 4382
114 4790
222 4641
387 2819
408 4007
430 4580
6 3900
381 4500
21 1847
279 991
250 2749
176 980
426 4332
382 4967
237 1159
301 4788
254 3194
208 3350
394 2921
363 453
185 1993
88 767
118 1566
315 4343
9 844
435 3915
426 3411
45 2728
325 4883
261 1695
51 1341
198 4293
123 1675
151 3435
15 2623
130 3790
197 1445
40 2616
153 1729
19 1557
166 3749
94 2933
184 2130
380 1140
87 4809
340 4787
139 1757
79 2218
365 2969
139 4700
253 1983
104 3784
167 4000
407 3142
398 3584
392 4901
104 335
317 3633
167 509
202 2147
423 726
351 1567
241 1363
373 2116
328 2475
383 3195
274 4429
155 4398
307 248
28 2884
27 3839
435 16
232 1906
190 1742
246 2979
313 193
37 1372
350 135
409 4389
282 4187
219 3474
33 2400
297 3654
213 3953
379 281
8 4146
357 1741
293 1082
393 162
163 2155
185 3334
429 1712
86 3489
88 3491
29 620
48 4555
211 3100
321 1652
331 4372
239 2171
3 829
292 4903
150 603
72 1888
361 2389
84 1768
343 2963
55 1282
416 1441
326 4212
71 2583
69 3977
421 1176
372 4516
287 465
10 1254
262 2072
367 3310
437 2038
364 2240
47 2992
176 3577
4 4837
323 1398
432 4008
390 4822
375 1168
375 2817
363 2568
369 824
278 542
206 364
70 1750
383 2374
244 2978
98 79
110 416
392 3282
109 918
270 2893
256 3014
154 4266
13 2650
293 2370
174 142
402 1139
300 4536
180 3226
36 2347
252 3156
167 316
341 4687
409 3417
194 4375
26 1579
142 2860
147 553
110 2099
316 3643
308 3788
249 3905
306 4000
124 4019
74 3016
387 733
191 1409
2 1243
153 3728
81 3025
5 3557
248 4612
226 4870
430 4375
134 2865
46 2655
32 4775
430 285
247 704
157 2571
121 564
392 444
134 2853
417 3708
189 2016
242 1682
66 281
415 2084
76 4287
368 3730
318 4348
159 4156
23 1503
252 4122
107 220
231 3929
88 2864
407 3744
324 2118
94 3287
386 2769
206 3137
163 2407
97 2693
76 828
243 512
268 269
320 2603
111 2786
181 1343
42 341
293 759
238 1355
356 648
204 3048
380 1881
431 4925
416 1652
177 4040
419 1318
181 4247
316 4859
282 2747
10 1942
399 4815
390 1783
415 3734
252 2232
256 2524
269 3640
260 2697
72 2684
148 4106
295 3955
229 2663
65 4036
87 2191
216 68
316 1505
205 1665
223 4631
21 1994
56 1938
341 1052
195 4623
237 1857
371 4468
174 1453
74 4971
134 298
229 4863
204 4558
263 4163
411 3903
272 2708
174 3683
254 1602
132 1915
3 471
274 4246
36 3927
206 2123
268 283
263 3614
243 711
44 2720
330 2866
352 2385
70 3178
237 2719
37 2452
343 601
79 3711
401 3029
152 991
212 970
368 1637
225 4011
326 4708
349 3552
195 1176
84 852
325 1602
7 2346
264 1632
431 143
67 681
107 1765
23 3007
78 4261
295 2186
407 3998
210 4865
344 604
316 148
377 4888
185 2130
181 1106
27 4692
388 1031
180 3016
178 1574
348 781
387 1120
6 1581
280 388
256 4431
176 1594
68 1672
178 1455
405 1308
347 4805
35 4202
226 3910
363 3181
76 3240
270 4987
317 3417
26 4483
96 1036
330 4655
371 4947
394 1004
422 4935
94 261
346 3021
107 312
316 4701
264 4965
15 3505
303 248
184 1360
163 1375
140 4067
428 1725
276 965
400 730
155 736
267 3702
18 793
228 4928
253 1155
111 443
26 4959
190 2317
251 4013
181 2824
43 2497
230 2161
2 4350
264 3442
118 3429
262 1792
26 2894
36 1481
89 3033
138 2168
347 2633
348 3619
377 1401
248 3686
65 987
37 4023
315 4384
248 1342
204 4994
389 3707
205 4967
286 82
251 806
329 1753
347 4755
391 315
113 3646
104 2032
414 2292
142 3491
429 4249
247 3898
125 2768
127 2905
265 2571
80 2077
75 3309
226 2972
434 2644
283 434
389 40
105 2970
140 4219
343 3049
258 1717
269 2037
284 3460
309 3260
271 2126
346 2200
3 2757
66 2791
297 809
229 4090
367 4144
375 835
198 3268
433 1131
313 4502
117 3344
350 814
373 1337
406 3289
133 2236
288 4515
428 4329
318 2709
293 2541
144 70
199 2703
52 4029
9 3934
254 1612
191 1240
205 1945
308 764
120 804
317 3647
436 1102
23 1588
38 3365
33 2324
405 1954
98 665
38 593
41 493
155 4535
149 3423
315 1736
404 1598
156 1829
231 4993
264 562
312 3857
334 4653
1 1189
140 3543
416 2895
83 1310
350 1553
37 2402
227 4935
18 3384
272 3110
5 3247
347 3318
361 3748
137 591
375 3283
431 3407
287 2788
307 1930
357 1195
373 3087
412 2508
169 3116
232 671
356 1232
44 4080
198 4347
267 2877
179 439
42 4887
79 4596
75 1062
195 1277
229 2916
54 2410
75 4490
169 1074
232 3982
182 1772
181 4794
168 1060
19 4396
129 93
293 3663
434 826
402 4209
256 2610
175 105
211 4604
303 4543
410 4323
394 3848
207 721
329 4924
178 4052
247 734
228 528
323 3060
348 726
198 1645
99 2725
191 1806
161 1786
271 4681
281 2361
126 2211
107 1445
276 4937
150 1823
208 3687
194 2224
197 2638
189 4274
35 710
34 3594
341 3174
335 2657
313 3025
188 138
413 1314
177 4307
59 2759
178 243
389 4438
100 44
406 4288
232 4377
32 3909
150 1033
183 4364
304 1477
177 3600
212 2688
234 3545
377 2522
188 1403
180 329
436 1088
407 1800
146 3518
11 4629
89 2993
400 4406
55 2047
5 1876
12 1108
146 3362
195 4448
285 3759
218 3638
149 956
397 4769
299 2429
309 2622
100 829
13 2266
157 3812
84 4201
82 1711
285 2976
45 2579
408 4206
160 681
23 661
381 3839
58 4574
300 976
353 2881
240 1831
311 1698
52 2284
429 3717
303 3264
258 2743
2 3429
434 2609
307 4322
306 690
106 3263
202 3316
230 2047
407 272
368 4112
193 4956
165 243
201 4587
394 1256
396 3049
131 2024
58 2558
303 2077
265 4398
199 4042
214 4994
180 2203
138 3643
243 3022
42 981
385 1167
431 636
252 4344
173 748
223 1194
2 1099
248 3621
129 2090
308 4829
364 2397
50 4103
156 3952
183 2690
261 48
282 4563
346 1134
86 4897
372 4102
234 4701
150 4010
378 1948
35 743
367 2137
274 2249
120 3996
209 4241
68 3361
79 3133
393 3982
372 3739
409 2819
48 3304
432 3960
156 4786
53 4710
166 3494
42 813
241 2736
30 141
383 507
359 4453
142 655
110 132
181 1342
300 4439
256 4994
94 3545
406 4058
380 2938
29 2992
190 63
366 1468
417 1612
267 3371
190 3639
324 4927
339 939
234 2022
101 2360
333 2126
320 1968
438 261
82 3300
201 4868
371 562
155 3549
81 3516
340 4104
342 209
347 983
103 2601
190 3295
309 1920
64 1366
6 2199
431 35
433 2178
104 2096
421 2617
249 230
68 4583
211 331
23 2423
282 4043
423 1148
166 2494
107 4656
377 3149
5 4759
414 449
124 2382
126 2643
168 1654
196 1314
169 2466
328 4180
282 4220
406 799
136 2390
204 1218
249 4965
438 4089
212 2479
209 1489
392 4866
361 165
27 897
154 3706
405 2131
126 1285
121 4321
260 2729
416 2894
393 2055
228 1702
180 4085
91 134
175 3570
105 2783
403 3554
208 1955
253 354
155 2801
415 4518
317 1899
373 991
338 2022
365 583
346 3508
122 1315
215 1839
6 3751
224 728
151 3243
328 1495
136 4556
222 262
195 2547
421 4409
365 93
89 645
197 2267
280 1348
208 1990
56 1178
16 2635
143 157
270 2050
314 3016
235 4144
156 4440
110 4653
427 3076
411 3633
25 94
72 2767
357 679
309 4401
309 707
54 2650
267 4235
361 782
356 101
73 4269
95 4664
277 1535
421 4913
340 4514
99 4476
427 1924
19 959
342 129
240 3569
285 1886
33 2637
181 2371
326 809
382 237
48 136
230 495
415 1529
226 24
209 2552
36 991
183 573
81 1909
313 1060
61 2866
405 4141
292 1238
258 4584
121 2800
150 1321
185 2286
228 480
51 4332
390 1769
261 1211
223 702
163 3595
379 1624
298 2195
144 3700
203 668
265 3388
326 3395
397 4053
62 2009
291 4071
62 4987
71 1199
218 780
94 1504
378 3705
186 3511
26 3879
29 2671
186 803
73 1845
55 2200
325 160
195 3572
17 1147
283 4566
414 592
106 922
356 2509
106 3468
379 162
357 3730
134 4545
188 2407
383 3093
388 2753
437 272
391 886
46 2241
405 3270
255 4537
308 1094
18 3350
1 1312
293 4773
47 2250
304 1732
321 3769
212 4643
323 3177
238 4625
297 2883
87 4943
109 3974
133 573
155 783
301 499
358 863
7 1676
418 500
297 760
4 3742
371 3852
187 1597
19 3561
366 1968
217 3011
106 3524
322 842
315 4875
6 3661
411 2050
280 2874
58 895
232 1701
241 656
333 3237
147 1287
