500 500
35 1867
202 258
235 1450
117 3721
191 280
221 2160
47 4601
105 4573
151 854
61 687
188 675
38 2465
168 1105
202 2937
229 2501
226 4023
75 2739
211 3617
154 470
121 2844
161 3105
99 2058
122 2845
221 737
103 1988
41 113
103 3399
144 2407
226 2862
127 4504
226 769
81 380
135 3017
86 3627
112 996
183 2521
167 2677
210 270
168 987
35 4283
227 3612
44 4243
102 695
42 4886
149 3647
28 103
31 3359
81 2629
142 2629
161 1612
32 3877
112 1586
13 4305
72 2658
179 2723
98 1680
169 3935
212 750
37 4196
119 1309
3 3333
239 516
160 626
110 213
42 328
21 2282
235 4057
226 3752
164 3482
106 4263
40 3769
128 3948
73 3888
35 3719
80 659
41 2597
231 2116
56 1025
109 4103
200 2498
164 1550
146 444
242 4500
10 3527
82 855
35 2460
185 3176
94 4578
118 2537
145 3700
160 1192
32 3130
92 3126
189 4547
237 2206
1 916
101 1311
137 4591
146 887
179 2380
48 864
151 687
47 3213
10 929
73 323
91 3383
159 1523
190 1591
101 2011
6 2758
156 2564
87 3453
190 1241
66 4263
26 3717
26 2354
13 3079
78 4438
47 1041
52 791
135 4898
61 3728
130 2000
211 128
204 952
143 1863
177 2425
246 2349
173 4606
158 4604
147 1485
157 4397
148 3671
244 1103
168 3524
58 3221
180 3115
158 3541
65 2257
116 3821
147 532
42 2448
216 4073
214 1269
244 2399
202 4502
3 3067
38 4609
70 1255
205 2484
242 2542
249 2142
247 423
225 3305
7 739
42 3692
231 4441
223 1912
10 3435
140 4067
115 4172
113 533
227 3400
201 692
161 4224
226 2856
19 1192
52 4028
53 3005
33 1943
70 1900
159 3958
204 4774
3 3478
66 378
146 4043
74 350
17 4200
153 1104
149 2159
66 2939
122 4952
151 1872
13 2740
155 2680
120 2213
213 4777
122 1301
214 1627
69 4251
46 3749
53 1351
189 4726
159 1917
198 384
191 1539
74 3556
141 3988
122 2095
126 3277
247 226
106 2343
29 598
62 4054
52 3443
179 3991
197 3227
223 3102
141 2241
184 1583
83 4188
192 396
30 3067
225 4605
135 1007
170 2117
3 2592
29 4189
78 429
116 1979
28 1319
192 4851
95 4566
223 2588
102 2108
185 4232
14 150
153 3882
72 2219
56 3429
96 4336
8 2069
196 2759
197 2581
126 1210
235 2176
207 1838
36 2129
143 1032
122 4925
106 67
58 495
32 622
128 579
118 1181
232 3406
43 4904
19 2202
239 1196
59 1540
156 4148
203 2412
223 2747
185 2253
78 1726
44 4920
53 1741
115 3382
2 691
116 2415
54 257
94 98
238 3317
239 4105
33 48
70 3891
201 4155
28 4548
186 1734
3 1307
98 4762
234 4564
154 4365
194 2080
94 3377
232 3564
97 3532
172 3638
17 2679
163 2925
209 2480
149 300
200 860
141 4922
217 2825
90 93
48 987
93 1452
65 2656
22 4087
76 1007
42 2038
21 3753
87 4459
189 1765
126 1004
144 4357
95 3273
130 4403
228 3854
160 1473
163 4675
110 2761
93 4109
11 1253
247 1798
199 2530
249 2966
28 351
89 4652
70 4680
66 95
230 1624
146 35
153 4048
173 3672
129 4767
110 3128
121 1316
21 4157
43 3512
176 3652
102 3388
112 4366
34 710
133 3801
202 288
207 3441
39 2642
37 913
74 20
140 233
90 954
49 4729
196 2193
180 4970
68 522
211 427
144 3858
178 418
97 1756
117 1237
247 1799
165 2706
212 1478
147 756
119 3126
247 4683
153 1679
165 2701
114 3243
202 3095
13 4549
1 4128
58 2489
206 461
170 2139
231 1983
218 4457
105 4660
4 3209
138 3852
8 1849
12 825
64 3772
93 3353
29 793
242 4467
237 1181
245 1044
128 1554
90 190
134 2607
25 1183
120 4862
21 4668
54 3009
73 2978
61 3488
57 990
185 798
243 650
35 4915
179 2161
196 232
94 668
188 216
23 111
131 1461
7 4207
97 2266
69 241
58 1555
3 2399
96 4423
100 2885
216 4930
242 2657
107 327
217 2704
162 388
156 2062
142 1225
74 768
86 2793
151 482
185 3014
237 765
12 3580
236 4872
112 4519
83 3441
95 1350
12 3069
13 4909
40 4201
214 1191
7 956
29 3119
231 3733
149 2838
120 4719
76 4677
117 1547
37 4957
127 4046
165 3564
46 1250
29 230
32 398
52 4742
12 523
22 3744
120 4494
38 2599
69 4012
208 3989
227 2006
5 1807
81 2526
64 559
146 1349
233 825
52 3858
83 2166
170 1764
228 1549
47 4903
214 1236
189 345
41 4545
62 4834
173 2455
83 3815
136 440
201 1940
157 187
25 196
248 2037
143 2445
233 4929
65 3188
19 177
190 4839
225 1396
143 2819
129 2079
151 4586
34 774
179 3177
222 63
41 3160
138 145
42 3137
227 1017
15 1484
143 3819
85 289
199 4656
26 3048
215 3473
165 1056
75 3648
32 4814
74 2422
210 1281
95 2941
77 84
42 3782
26 2488
118 1100
1 3601
231 344
192 1728
78 1158
89 4050
96 2847
240 1488
191 991
223 496
