160 160
21 500
67 1761
65 1239
42 482
34 2612
20 1673
54 4744
10 4188
47 481
38 946
40 3353
65 4632
15 1497
10 2950
31 150
52 4261
53 3037
30 4457
61 4976
44 1277
13 2390
47 1359
28 3989
24 1781
3 1321
5 4486
43 306
21 4536
55 4152
59 380
39 410
46 1592
28 1215
54 757
66 424
73 4211
13 1240
35 2090
78 4018
26 1053
38 2392
16 2257
54 1324
7 1408
46 2478
10 3592
24 276
75 1720
12 2362
42 4854
39 2270
47 4169
60 169
51 462
70 2350
41 4818
71 2072
16 2274
46 815
34 4981
27 4249
13 2144
63 1052
56 4685
73 421
28 4419
28 1581
15 2459
51 1951
1 1460
28 2821
79 963
9 4650
46 2575
65 2858
54 2275
11 2566
10 2550
18 1431
36 1620
41 4421
9 1163
77 620
17 4203
15 1170
59 4976
5 2967
12 2465
56 1244
61 3565
63 2255
7 2974
74 3554
75 2047
33 4877
41 3664
2 3951
44 921
30 2735
14 2708
71 4695
47 1928
13 4764
75 1314
62 1451
3 2015
33 3822
53 563
21 1188
78 1499
67 3984
19 333
4 4412
49 2452
14 1018
5 4642
25 712
18 3870
9 3606
57 2513
68 3670
27 920
53 4430
65 3001
58 4165
79 2331
28 3366
4 2923
66 3436
33 2614
5 3382
26 112
79 174
62 3148
48 200
29 3187
61 1631
36 1273
38 774
74 1120
13 2772
7 2969
43 333
53 4565
7 2768
78 1112
44 3060
70 3841
47 657
59 4753
21 4724
64 3148
44 1280
14 1108
70 3297
50 1693
11 2708
64 4270
20 4234
11 750
