430 430
101 3930
44 3724
179 4221
66 1481
79 3992
80 2453
141 3038
91 642
2 412
46 3801
53 1240
102 456
85 74
3 4614
144 2475
116 4809
96 3367
140 4444
10 357
45 2927
107 4599
24 337
94 345
115 1044
59 984
95 1121
115 1932
126 230
14 525
175 3074
11 1769
56 4878
148 884
138 4917
86 1422
117 3447
126 3121
109 3591
164 3845
181 2475
133 4117
174 4958
177 2711
89 4985
177 3140
115 2554
24 2772
187 2887
21 526
183 3614
195 4273
189 4424
5 4795
177 2237
43 1529
9 2190
157 3027
120 3942
138 4425
211 3590
66 4190
139 4380
39 1271
125 3293
95 4559
130 282
12 2292
176 135
150 2890
63 810
127 4138
89 3437
38 1632
87 2441
138 2630
69 1399
125 3356
189 4513
83 3978
212 1850
31 871
15 4582
94 3545
139 3149
88 2823
58 1449
11 1459
17 4926
169 3903
38 1947
80 3624
155 1045
12 4638
8 53
30 794
94 1103
165 1962
101 478
161 4137
176 1362
8 4024
122 4908
41 2141
188 4252
75 3884
176 951
146 640
84 3778
51 2317
70 2804
159 3208
76 86
92 2224
159 3460
114 1613
39 606
13 1638
207 4956
91 2455
57 3298
193 514
54 1091
203 1291
32 2800
88 247
66 3716
53 1096
94 4169
84 3424
26 2222
186 2774
121 3166
188 2109
39 4732
189 1221
24 2461
84 1582
111 2190
187 1818
205 1423
90 3486
116 2105
139 4274
135 4141
170 1542
198 3490
151 3398
37 1085
163 933
185 2517
130 1627
99 1577
5 1344
72 2979
209 4012
194 878
18 4759
7 453
6 1560
33 744
4 3094
175 2753
17 111
105 3373
118 3593
18 1900
49 4555
69 3251
50 4619
22 1224
175 4313
136 1638
96 2974
49 360
4 2686
182 2699
186 4411
80 4546
140 2160
6 3555
160 1432
117 4554
43 3597
143 869
54 4476
38 348
24 4627
36 1377
72 1780
19 3953
8 4024
168 1940
135 2423
114 3737
97 4453
101 3349
155 3313
121 48
40 4653
155 264
101 469
120 1889
106 2760
99 3038
119 3622
65 1340
92 227
53 874
5 2015
208 528
43 419
92 3352
58 1717
163 2724
114 2505
82 2579
149 2234
126 188
73 4362
122 1472
126 1795
14 367
54 3189
76 1299
112 584
206 18
15 2133
187 702
86 2872
14 2149
27 3028
81 2342
123 2615
28 2062
131 2256
160 1808
61 1418
137 4107
140 344
185 1422
214 3410
45 4493
1 3197
2 575
212 1429
154 705
185 1365
172 60
170 2894
11 4970
50 3320
107 1389
82 4599
182 3047
7 910
84 236
210 1984
11 3548
143 2088
112 422
160 1849
209 1665
18 2523
79 4887
145 3503
152 3753
151 1507
134 806
209 3739
8 1796
72 2445
202 1459
84 644
84 1253
4 2968
4 755
159 4970
158 13
76 2267
95 3566
86 2151
176 3375
124 4659
155 4183
132 2704
153 4116
177 1451
192 3076
140 1525
70 86
119 4295
138 2620
197 112
132 1405
198 4653
195 3270
80 1989
119 2613
12 2481
154 232
23 581
19 1290
75 619
126 3135
136 37
16 423
29 2098
183 1778
30 944
157 4116
183 222
22 4607
126 4612
65 2955
159 2600
8 4142
36 1673
40 3037
43 1421
57 3498
154 2343
37 1467
124 2658
91 2426
2 1875
134 3445
5 3734
172 890
210 539
100 483
202 4007
147 2257
174 4449
16 3132
169 432
202 4715
31 2989
12 3220
134 3915
111 126
88 4966
143 2664
156 2531
23 1820
197 3171
177 837
161 1169
208 1710
132 128
31 4987
98 4003
164 514
159 1049
103 3616
151 4794
109 270
132 3451
22 215
14 1160
206 3071
136 2109
138 3461
95 2133
20 4434
3 4302
46 2022
21 2846
120 3168
180 405
103 4857
19 1779
21 3144
71 4050
176 1281
76 4962
22 2655
143 2269
173 1197
48 756
108 2793
192 3944
124 2552
170 218
185 46
11 1755
175 4033
11 3162
39 3531
150 3305
135 121
93 4169
48 4787
191 693
76 1171
205 258
100 1611
168 3348
183 2980
158 1248
176 3502
99 4160
70 2271
148 3386
138 3329
200 2194
157 226
197 562
62 1157
123 1247
174 1118
2 3282
187 2471
85 1399
154 4770
77 2454
176 1856
147 1951
89 3545
67 63
108 583
14 2658
90 464
13 4725
61 1630
64 1530
198 2825
106 4865
6 2313
30 4596
102 2190
