883 883
324 1041
76 2979
233 4120
149 4607
325 334
119 4179
11 2430
413 2843
435 1598
107 68
240 4004
187 3054
86 3457
394 635
162 211
441 3141
340 1009
21 3726
266 4246
102 502
177 1751
422 2420
72 662
145 828
204 2310
115 221
114 4680
377 3534
209 2243
68 1595
135 1907
264 1493
3 2349
370 1693
48 1186
124 2722
295 3952
406 1357
115 2084
323 4277
203 1127
86 4718
359 1059
362 3927
343 2816
346 3540
236 3051
439 4191
52 3561
272 1613
37 701
244 3651
251 4543
319 2605
400 40
174 2008
59 1360
87 3663
410 2055
215 915
61 4488
134 414
2 85
158 3882
75 4894
347 3484
322 643
291 1862
254 2357
29 1511
357 2541
440 661
127 1814
137 4418
431 2743
385 1730
24 1800
273 1709
348 3006
129 3949
265 3895
185 3103
58 4123
4 3829
423 90
31 2194
101 3900
330 4679
51 4772
135 4001
350 1296
83 1810
378 4973
324 2233
68 2894
367 4215
164 2214
223 3351
190 822
424 1140
229 4530
59 3074
116 828
187 2881
199 1861
123 4137
163 1289
127 2660
71 2472
159 3524
226 1300
182 1251
230 475
185 4862
388 2427
330 1155
154 4086
220 2757
396 824
92 4612
198 1868
375 3488
260 151
388 3938
120 1779
171 1968
429 1648
247 2668
139 1300
425 3343
32 4260
2 3191
351 3535
285 2596
362 827
309 4898
136 422
434 645
60 3633
263 377
420 3340
183 419
307 416
55 4171
230 1418
394 3872
1 180
146 4966
182 4198
385 4777
274 1800
159 308
24 2221
388 2419
146 2168
99 1876
278 2077
315 2520
180 1397
43 2699
379 694
150 169
95 587
64 4128
77 1295
422 1034
162 4797
383 1155
225 4679
165 3470
433 1292
332 2073
128 2061
425 4578
94 1630
401 4622
401 73
406 3241
295 44
215 2880
244 59
172 1333
24 2368
67 2526
128 3070
313 4848
281 2923
169 569
27 1480
434 3942
62 1287
222 2035
233 3453
313 3351
352 1597
271 652
427 2037
234 175
99 1664
261 215
310 753
398 1259
136 4922
391 3172
25 2095
251 2063
346 2869
135 4510
344 1512
211 118
48 4238
65 1437
68 1704
169 2514
436 4029
5 581
270 424
247 2311
145 4619
275 2441
285 2558
112 3070
190 3761
216 3370
271 3553
278 3750
285 4567
171 2672
397 4645
174 1142
327 4106
93 4042
128 4384
97 3533
235 599
92 516
414 1768
391 1673
314 213
102 3077
237 1077
264 1067
49 3247
371 155
201 4084
209 365
414 4685
281 4219
59 1671
397 635
326 758
91 92
249 3054
428 395
137 217
433 3270
133 4573
195 2194
148 3795
364 3699
390 4704
435 4022
286 2533
160 3586
299 2170
46 757
175 1465
439 1443
121 3102
202 4350
310 3116
156 4241
251 799
279 2763
217 3177
53 2453
267 363
114 3643
19 208
375 686
323 799
281 2749
11 3195
4 2769
295 2128
236 4843
27 3142
364 2264
357 4488
425 4931
297 1990
258 2613
67 2911
87 3126
249 175
269 2194
108 4445
28 3934
440 1419
338 9
430 413
332 817
59 2028
425 3856
402 3888
92 4282
264 1622
395 232
8 1780
402 3126
358 2833
371 1659
203 2900
94 2406
65 2757
108 4588
35 1686
192 322
147 1937
413 2660
357 4071
100 3571
379 3851
88 2437
197 3016
248 4915
227 806
26 2812
76 4782
271 971
261 353
418 4728
353 3783
194 1233
405 4455
177 3202
330 429
235 2947
382 3994
423 4618
316 2880
321 238
307 4207
302 2757
355 4605
27 4306
283 4447
90 836
264 1464
65 1275
104 2659
372 261
224 2387
229 1900
397 4048
225 601
404 859
206 4535
338 1687
51 2005
388 1694
332 1159
391 854
38 2814
311 769
11 1379
271 3292
297 3021
190 2881
188 2457
110 894
305 2704
383 3325
202 2480
384 704
253 3324
176 2035
145 4765
284 3871
303 2879
121 3862
398 3566
324 2251
415 539
7 1700
46 1910
437 3607
396 2336
93 1729
359 2155
361 2318
119 838
239 3948
360 2662
409 2272
323 2280
246 2775
176 4411
340 4008
369 1718
10 1575
413 4196
215 107
402 1173
208 4430
306 190
361 717
74 3915
206 3868
436 4422
171 4271
399 3329
280 4386
154 3101
413 1952
397 1654
126 3491
65 2158
265 4689
148 3422
115 1692
198 4361
111 375
1 4737
379 4041
47 1847
23 1831
266 1361
304 918
139 52
46 2869
12 4992
246 642
224 3454
143 924
216 1527
352 4114
424 2610
19 1305
180 2730
325 4736
252 2294
440 3427
333 4139
212 2711
376 3086
388 2987
241 96
44 4053
119 1056
372 4359
403 2259
432 3919
99 3080
323 408
143 3578
310 3756
160 3119
324 2929
96 4234
324 2711
271 4443
254 3501
140 299
249 3321
8 451
193 2236
344 1960
6 2727
399 3242
60 3323
151 1451
70 229
367 1649
52 120
215 4517
270 1721
26 1850
56 4030
309 4119
166 1055
384 2830
264 402
241 627
238 4792
299 3362
88 3402
166 4390
426 2086
20 1217
225 2743
299 2483
196 529
243 3844
118 3664
285 2272
219 2910
239 3153
228 4880
239 2680
86 3931
171 4908
51 1057
290 3652
10 3929
423 1515
109 4239
391 1126
356 1360
32 2444
184 2269
89 1434
199 4753
313 4991
162 4404
6 3096
58 2797
35 4379
401 3911
182 2124
28 3068
281 2716
222 1544
156 2164
120 2368
206 566
410 2662
214 863
96 1953
33 1520
162 932
396 3110
13 2289
318 4473
401 296
427 273
115 4572
229 1020
235 2286
242 3282
233 2111
146 3125
335 1643
28 545
8 3623
440 4083
274 4181
234 521
375 3024
383 4776
75 1774
79 1434
412 929
211 4896
258 2467
143 2186
381 393
258 3621
20 940
180 2958
81 2032
289 2778
19 3253
418 3251
395 1981
195 4985
34 4531
423 1559
390 2948
121 307
68 948
393 1000
29 2763
106 4051
429 2414
30 2205
294 2204
303 3399
45 3587
174 1898
3 4373
121 736
46 4662
287 4708
207 3178
406 1899
308 68
207 4818
355 4036
164 4245
199 2299
190 1874
432 4938
350 2796
96 801
164 4429
178 4945
125 4537
401 2408
12 3609
25 676
38 4670
404 1207
245 698
260 761
117 3887
330 541
266 4256
388 4254
361 2676
110 1689
139 4863
360 2359
366 1486
133 4998
398 278
417 1939
418 2246
43 834
256 2082
401 3837
384 3341
6 78
228 4845
386 4645
79 3507
140 4055
405 670
30 1936
55 3803
133 481
347 3328
155 2735
169 4295
418 3254
39 1455
390 2007
155 4144
137 4792
426 3182
341 2919
130 4853
176 2509
244 1619
190 3566
410 4151
61 3625
49 892
306 3735
68 873
243 419
34 4049
209 661
405 4552
58 1630
337 2605
79 1219
199 868
416 2076
233 4137
434 4052
159 4586
295 1736
374 2770
90 353
250 1741
213 2172
364 3873
386 3545
168 1813
176 4778
62 1317
66 2696
251 3555
126 1238
420 1904
113 3276
188 3462
219 1592
255 3321
355 4691
235 1070
406 2229
113 3213
38 3990
60 4573
206 3136
408 781
209 4465
300 419
208 1191
92 4366
292 3799
395 4237
253 4258
166 3672
281 136
268 1878
320 3887
362 3628
156 1995
103 2234
312 2534
131 2780
152 2407
35 2988
115 3593
420 4940
429 2024
104 2295
344 1871
422 4134
208 3992
214 326
341 432
373 3416
359 3588
265 4274
331 2955
74 4373
279 4431
242 1504
59 3369
407 3499
412 2762
225 2058
123 23
325 2673
259 3519
87 2785
436 566
352 3939
130 1445
396 2088
100 1918
178 589
47 612
38 3330
174 2550
199 2388
119 2325
78 463
298 3167
298 730
176 3612
281 3490
310 2663
117 950
132 4797
261 682
388 1407
383 1191
351 4933
74 1036
218 2257
103 4673
181 2728
324 718
387 4674
247 3527
298 2397
261 1125
421 1508
176 3664
114 1509
316 992
373 2182
306 2416
136 2765
43 2174
360 1783
59 1944
421 30
159 2293
296 4217
293 4545
55 2210
383 4997
80 3360
109 346
328 4327
262 378
58 1086
399 3459
79 4642
306 4126
136 3833
173 146
343 2463
15 661
11 1282
273 3199
108 4802
418 3680
366 3564
51 905
416 574
384 128
252 216
26 954
169 2666
208 545
173 1648
430 3059
310 1851
151 974
441 3370
400 3751
108 2539
123 4856
439 4494
365 809
100 3597
318 3416
306 3106
245 3997
302 1477
20 4066
239 3270
404 314
61 4961
249 975
424 177
376 3638
121 2569
100 208
283 346
158 3689
260 3075
127 3885
341 2258
6 1088
30 425
70 2692
257 2038
312 1969
326 3381
413 3586
426 538
113 4149
206 1708
181 3502
399 2142
245 3685
385 3306
110 2574
238 4365
74 4314
407 2559
13 2830
214 3444
388 73
21 3529
236 4622
48 3462
158 1178
401 3956
119 2643
79 3544
219 1604
99 2846
374 714
283 4162
226 2280
129 2735
36 1136
259 3454
135 403
340 3808
254 3933
21 4507
337 2197
184 2551
199 3658
218 4047
296 95
48 2054
419 1987
238 380
384 3017
161 3145
19 2730
107 679
