835 835
376 1037
154 1888
292 2665
117 3571
294 545
60 348
118 2645
378 4152
248 229
224 891
392 3157
275 4890
354 2009
375 4085
305 2784
16 1958
197 722
270 2361
173 1702
161 259
19 2419
152 4115
215 3092
70 3742
197 2934
387 3730
208 409
313 336
122 3592
255 669
197 3496
162 220
242 1346
84 2061
35 1882
282 1489
361 3489
402 4730
260 1668
97 450
55 666
86 57
260 2689
4 3044
34 3677
157 2793
250 460
416 226
202 1421
353 1503
38 2882
315 3517
206 2037
277 2220
305 3729
34 1033
237 1600
320 4233
217 1709
188 3371
18 997
69 2709
385 259
165 3320
410 4962
139 4914
89 3389
222 1896
124 1233
394 2281
382 4792
35 2883
20 965
181 991
261 1695
352 4742
380 4229
332 148
346 2597
31 492
374 1704
50 4307
95 4709
315 3323
10 2648
41 3551
397 3167
416 4924
3 4618
227 3505
137 2691
183 2089
290 4148
86 2215
56 2774
141 4030
121 3176
184 1198
412 2013
151 1312
236 1359
291 2988
148 500
116 1568
77 2824
40 4060
279 2299
181 1572
8 734
250 2802
334 1610
68 2329
59 3965
348 2645
384 3109
79 2423
260 3172
199 1480
34 3391
333 448
376 630
385 3946
366 2118
332 3019
120 2209
236 612
238 2362
350 4808
71 3722
151 1297
136 1769
242 3681
142 3514
59 2216
239 2437
258 3447
23 1228
35 4683
345 3938
388 2600
242 618
398 4626
71 649
229 2212
329 4852
284 1541
85 4640
171 1826
332 308
401 1744
389 2537
190 874
187 2034
347 2661
180 4902
151 3296
363 2492
117 4778
123 4613
235 2313
365 2231
386 143
1 4355
68 1843
191 3551
47 1709
302 2842
240 3196
401 3339
278 3126
393 4015
186 331
8 1466
43 3046
1 1916
109 1330
167 2600
307 2893
406 49
27 295
160 3595
167 4511
195 3108
393 3207
280 4235
161 2646
333 3829
396 2338
269 2059
348 1528
82 2761
322 395
391 2492
277 984
291 4453
363 1933
87 2795
381 1605
268 4165
213 3180
142 1045
258 1380
246 3827
125 2228
395 3019
307 1773
151 3243
132 239
83 2515
114 3479
140 4279
26 1673
331 3390
170 4249
301 2575
375 4714
184 3076
176 73
82 391
99 1197
32 1771
221 1023
263 3331
360 3524
17 3293
190 4756
336 624
95 1630
10 3962
163 699
167 2396
193 4162
354 1043
193 325
370 575
169 500
116 844
267 3039
85 4830
223 2933
24 4823
42 4134
236 2018
313 3347
15 1764
167 4051
310 222
162 1145
217 1670
40 1006
285 2896
219 2834
203 1652
188 2995
103 3886
148 1617
118 989
1 2449
145 2282
375 4404
393 2213
177 888
378 4077
134 4389
405 176
61 185
23 1584
364 3046
360 4976
269 1723
197 2222
278 1936
221 3733
48 943
111 3503
260 1147
57 2806
37 4316
208 356
170 3980
65 4497
338 1037
52 3697
33 3554
58 4837
79 724
6 3146
302 841
412 4979
224 501
375 4145
10 2316
145 2122
230 4426
392 1782
55 2224
367 681
396 1569
333 520
252 4526
39 2359
235 170
208 4522
224 2704
162 1303
76 1128
217 3861
321 1693
165 1523
28 1415
284 3281
135 2499
245 4594
79 732
233 1237
34 688
108 4752
325 4587
31 2260
110 2891
20 2944
223 1527
222 4703
181 22
404 2843
43 883
409 4868
184 4150
54 180
352 911
263 4857
78 4860
302 3968
60 2420
62 2738
155 1482
310 1143
18 69
349 2873
263 3587
327 1775
285 1858
351 2948
30 4549
381 1398
153 1864
162 3686
112 592
194 4710
335 1760
407 2238
103 2916
172 183
264 1777
297 831
315 380
104 1555
23 1506
121 3627
376 1596
366 1875
58 2070
255 1811
347 3681
237 740
42 3307
153 4018
399 3123
222 1074
220 3411
225 3221
30 158
214 3050
85 1967
152 1536
300 3667
187 3185
36 2512
379 3617
204 384
78 3451
196 4202
26 4734
234 3006
374 4251
76 576
148 3145
210 4503
282 2793
142 2000
118 4936
165 1800
417 3229
308 2668
257 1299
102 1201
378 2977
345 19
278 850
274 3995
190 4485
26 3461
70 1503
72 1017
82 1821
184 778
77 4937
280 2034
220 3480
102 1974
249 3285
26 3969
335 3286
136 4791
36 3804
409 214
60 2318
243 1054
184 2197
155 1256
204 2712
238 1844
330 490
140 2704
376 2420
349 1081
32 1727
339 264
413 332
294 2325
400 79
80 3329
229 910
132 1384
322 4241
151 1812
61 2450
145 1961
402 4983
164 4491
21 657
266 2921
170 2340
361 489
53 3890
78 2489
404 3506
126 3432
272 1087
97 3632
231 2067
180 552
94 4607
128 3881
177 3091
170 2176
80 3004
147 778
292 36
380 2952
131 306
29 603
212 1057
259 807
94 2728
26 3763
245 1177
382 4307
200 4622
342 4318
231 769
146 2292
126 1032
391 3632
107 2441
278 3873
201 49
62 2395
207 3315
416 3466
147 1043
268 107
88 4122
31 3190
276 2674
272 1038
91 3179
119 2330
163 2293
37 3254
11 2926
102 142
64 4956
217 4193
110 3889
212 4927
414 972
294 2247
157 945
299 3910
348 2263
22 3718
7 1870
42 4954
21 4817
17 1881
161 3612
298 575
129 107
76 370
13 923
43 4738
266 844
29 2430
137 2274
283 87
346 4166
52 3355
382 2581
190 2584
28 508
18 3588
359 1021
264 3352
79 2849
370 4980
47 4652
312 788
241 2028
391 3242
383 1669
14 4629
148 193
364 799
311 3271
51 58
411 2506
389 1153
71 449
350 3683
116 1253
411 1797
188 156
403 1071
206 3330
258 4413
84 4609
394 2032
302 94
197 2052
155 586
148 3116
391 4506
35 3738
193 2420
115 1282
76 3022
18 4790
256 1801
73 3509
192 4634
363 1300
342 1997
402 2413
386 3518
4 269
20 839
404 4504
281 2267
388 3919
224 2620
292 2392
97 2596
88 3713
172 964
228 3907
123 1942
354 1441
175 4049
189 1952
266 3046
390 3544
384 2549
279 1552
130 62
308 4116
399 2112
6 1585
94 1298
4 540
230 4815
108 2567
194 2244
14 1102
203 540
369 1303
414 4737
14 1810
162 3662
289 3867
132 4005
107 859
296 4772
310 2198
77 1643
406 776
303 867
355 1820
411 1065
202 1507
322 278
378 266
342 3511
367 3460
406 2132
162 1839
414 629
178 3178
372 2258
133 1001
399 800
139 1038
246 761
157 4593
105 3421
134 4316
99 1085
326 26
65 52
289 1513
285 4908
44 3411
339 4300
182 936
53 4753
270 3712
320 1703
181 2103
13 1511
136 3007
365 2060
378 3169
417 1669
383 1815
121 198
308 4477
319 102
104 914
376 2122
87 250
110 1934
182 4035
153 694
355 4096
227 290
194 3070
149 4131
7 509
310 3824
42 233
360 1109
384 1211
330 2964
386 2776
248 91
289 2035
137 1382
55 344
173 4619
250 1929
401 1584
210 1431
4 3856
387 2622
19 681
337 3215
363 3212
50 2668
8 2680
274 753
268 3653
357 2596
39 3868
127 765
332 454
321 1519
341 644
189 69
331 2099
274 3368
360 1324
12 408
45 4454
229 4305
373 3324
196 1154
362 4318
25 2421
3 39
399 4545
416 390
288 993
93 4982
153 170
189 374
227 2834
328 1848
406 2039
188 2030
123 3922
4 3183
51 2413
32 3369
57 400
210 808
219 558
20 3878
30 971
176 4211
196 4740
364 1932
327 809
108 304
122 773
106 2757
8 964
84 2435
310 3804
245 1032
397 2435
74 467
148 1359
172 2585
31 592
67 562
406 4414
404 1587
390 2020
190 1179
228 2497
173 1284
93 4384
164 2309
208 2127
393 2716
261 1384
200 3805
213 1450
286 3062
252 3335
125 292
199 4404
215 4179
185 3916
409 3293
196 765
403 2330
300 2215
155 1123
367 3324
348 3720
133 3004
220 4728
169 4605
398 2998
343 4766
235 928
33 1644
28 2184
240 4666
81 1356
171 4999
44 4599
350 4104
4 4172
307 4391
416 435
278 4109
297 3901
168 4015
74 2163
150 4798
119 600
262 2784
189 401
275 252
236 2497
322 910
98 1781
188 3917
358 1155
37 975
294 3405
249 1568
292 1853
97 2573
415 1971
357 4889
175 1783
384 45
415 2204
167 1759
178 4655
265 1142
324 3926
2 717
174 607
219 2571
142 3788
335 2968
49 4131
83 4734
177 3521
400 3108
398 2783
154 2702
338 2564
14 2289
250 4116
307 4061
222 3167
206 2696
206 3059
165 4441
338 1009
175 2396
339 867
41 3753
314 1531
78 738
294 3944
60 531
273 4682
73 1833
332 2310
