393 393
143 4141
87 2036
179 3285
109 1460
143 3044
56 2347
13 2149
145 3543
143 3922
93 3860
158 162
8 1262
121 186
79 3439
40 4173
180 385
37 246
24 1475
14 3857
167 2313
118 3281
136 4864
120 3102
123 841
33 3996
154 986
114 2176
112 2844
90 3237
122 879
86 3135
164 4605
127 4940
193 2191
175 2915
194 1125
171 2796
84 669
95 3468
140 2564
183 791
59 139
169 1922
8 4453
118 468
22 2867
85 682
41 3315
105 769
187 319
174 3321
118 2056
33 4176
76 2563
182 3008
70 2427
87 1372
11 4358
181 4958
182 2010
145 4648
67 690
133 1305
95 4247
69 2645
121 1198
141 826
11 1238
6 4114
119 4813
78 4983
136 3555
9 1094
132 202
53 2942
44 4797
164 33
102 2588
31 4563
122 4097
166 2799
5 2898
121 2962
89 3224
86 1777
55 4491
119 42
54 2647
79 878
163 2548
96 3323
132 2426
81 1282
77 1613
57 1377
163 3532
56 3209
108 3275
40 1489
56 2244
67 3763
88 1660
186 1299
193 1204
4 1245
90 226
170 2905
109 2191
53 771
170 1158
60 798
183 679
17 354
166 3999
98 1026
167 3539
168 4603
68 1389
58 4340
13 4603
99 86
134 1217
139 2006
31 4792
60 1178
158 2659
40 4591
79 3713
59 3982
43 1270
3 1017
135 2084
121 4225
70 2986
74 2885
25 1199
28 892
115 1531
86 1877
127 375
19 2859
2 801
153 841
129 2197
36 930
39 2254
196 968
149 3501
185 531
112 4691
142 2087
97 450
15 1793
31 2708
121 4369
12 108
90 760
101 2038
2 4528
74 764
110 4661
129 4553
44 3394
27 2338
3 3913
109 3345
183 593
193 3362
90 1322
169 3071
160 4633
142 76
54 2516
122 326
175 1524
106 1426
2 619
29 4043
72 4330
65 4983
84 841
35 802
62 4544
14 2038
35 4029
90 4307
169 4503
165 1579
73 3029
189 2265
135 2513
54 2740
59 2674
20 1743
169 1943
184 343
73 3578
168 866
70 2090
154 660
17 3363
148 4838
72 3406
114 1728
132 4965
85 4945
41 2023
84 1779
140 3001
70 2733
83 3963
137 3855
153 661
175 3678
59 4189
43 3937
172 3726
153 2045
153 1467
185 4001
136 1013
36 1335
170 2670
176 4006
58 3328
22 2825
116 4162
17 1799
89 2100
89 2977
74 1627
45 30
146 3931
4 218
14 643
147 4185
59 3104
161 2285
63 1187
140 3756
184 2507
35 2391
157 2405
101 4951
98 2132
19 1388
189 101
77 1689
7 2532
190 3932
110 3573
186 3010
106 4499
160 1951
175 1669
92 76
117 4147
122 890
141 3975
101 1411
118 3544
107 1778
132 1276
26 2210
119 3047
168 1310
114 2952
70 1702
175 1474
163 3409
100 1018
31 1997
155 1097
32 1607
141 3242
70 4148
28 1742
9 4489
173 4159
87 2508
4 1334
87 3140
78 1810
95 1549
185 4789
131 4859
65 2550
27 4697
9 2590
51 2015
114 413
156 1710
46 3119
16 4192
24 569
11 2641
49 1774
175 3014
94 1732
150 924
187 4511
117 4381
117 4088
80 118
185 2129
34 4554
168 4473
27 472
163 3427
58 4975
165 4785
131 2570
190 1726
133 396
82 783
3 3424
163 4533
132 1805
18 2329
135 2256
147 1566
37 2536
38 3928
91 221
73 2304
90 2525
36 1793
166 3923
60 4059
95 1836
186 4130
21 2105
152 3837
78 1177
176 2121
36 505
94 4465
54 2111
114 3654
98 251
170 4464
185 1879
84 2036
183 3537
45 1207
133 77
110 1910
180 1097
121 2814
115 952
102 3722
51 1575
46 2496
164 2691
133 4919
176 270
54 4530
60 4575
80 2491
62 1516
65 4863
124 2922
64 361
144 1719
110 740
18 3590
121 1770
8 1833
68 2921
15 485
168 3968
169 2336
148 2969
69 454
31 937
138 3602
83 1360
142 1992
158 3839
195 2405
56 1821
84 1476
144 3328
96 1199
95 2788
141 2858
120 2106
57 2437
98 226
76 2464
111 2930
84 103
10 1048
