443 443
55 4373
63 185
108 2461
132 3983
220 3706
47 3243
8 4266
86 3373
47 1078
73 3907
22 1056
33 26
69 2842
84 2474
161 4474
53 4554
213 829
181 2951
54 2370
71 3243
197 2721
35 2668
8 3898
139 3157
64 2962
187 4144
9 290
103 3551
162 3438
103 4418
38 289
195 3743
220 1457
32 3952
30 2513
34 1617
197 2096
94 2498
37 925
95 1676
47 4
37 1697
10 3150
13 2123
111 2610
141 966
97 3268
68 4959
198 4294
99 4910
201 3599
191 2959
76 3938
71 3102
180 3328
72 4050
122 205
196 411
171 2123
48 932
192 3754
84 3166
203 935
50 485
7 3675
30 3913
62 3491
171 4817
211 264
89 3418
28 232
18 2893
112 1479
37 4121
34 2262
144 2428
99 5
152 4646
36 1075
12 3510
183 1003
140 3880
49 1222
213 3092
145 3202
172 2071
136 486
23 1297
143 2122
205 2108
125 3807
5 3244
121 2337
137 420
171 3273
118 1925
180 3213
31 4325
209 527
29 3600
212 619
149 3259
204 2462
68 740
27 3745
136 4480
200 1269
32 2865
203 4401
21 4916
125 4904
139 1375
200 4852
10 3204
137 2434
208 4233
14 64
76 1771
140 1353
60 3323
38 1611
165 3874
219 1192
57 822
118 782
191 4337
177 150
167 3211
210 1005
214 2266
62 2452
3 4245
26 1096
34 1194
97 825
186 2474
190 4771
87 1519
163 4962
57 1264
97 3780
136 2579
79 2664
164 3504
111 201
69 3585
176 3828
123 2171
172 4658
77 3769
221 109
114 4007
188 2014
122 1421
83 3361
155 1884
42 2816
170 962
122 1228
111 884
191 4747
8 4557
35 1053
13 3427
178 2835
63 3250
60 4102
81 802
26 3007
41 1319
149 4579
156 202
11 4021
5 4335
141 4698
167 605
39 2506
146 459
116 3695
12 4382
147 1007
110 1355
37 1779
189 4466
4 1885
183 633
147 4863
143 3554
65 3810
28 3274
75 3382
80 4293
204 1001
18 740
87 4603
78 2297
42 2737
85 158
155 850
9 2780
116 2923
95 4640
36 445
30 2972
110 1104
110 380
195 3085
211 674
16 3418
18 2377
109 3181
8 933
74 4288
208 1814
128 2984
192 1959
16 899
154 3345
88 3910
68 1424
138 3665
23 3493
11 185
217 3264
140 2534
143 38
9 3823
11 3004
149 1903
171 3741
3 3614
181 2201
134 808
210 2621
147 969
41 907
158 4489
177 3714
205 3087
179 790
1 4736
36 871
208 4100
115 4998
162 1020
76 3331
76 512
139 594
186 2304
66 3139
148 4062
85 3323
155 1649
139 4802
116 2639
193 4145
132 1621
198 3001
63 4078
64 1638
178 2917
8 4811
66 1492
119 4359
83 4246
157 2006
197 4935
182 1176
69 722
1 374
57 2278
21 2461
189 553
24 2158
214 592
50 3201
186 3616
122 1704
39 2047
204 3476
95 1501
145 3397
219 4250
148 3607
220 3727
190 1858
123 698
105 1502
18 2808
147 2155
213 975
165 1828
154 3250
17 1769
211 2222
200 2884
35 3091
207 3043
53 1751
196 4964
145 4403
160 1534
42 3406
151 3013
31 3943
136 1650
199 1593
39 310
116 4109
217 3703
129 1717
126 880
15 2019
102 2439
111 4793
170 3227
130 4191
35 1683
49 749
43 1214
3 4487
155 4181
86 3353
5 1244
23 3530
144 2767
190 3036
89 1667
136 1800
153 2052
158 3358
63 2685
213 364
138 3000
85 4753
127 2822
87 1353
97 566
218 4728
148 4590
200 380
61 3091
201 4000
135 1587
110 139
18 135
83 3703
71 3900
36 94
17 2276
86 293
9 2570
156 1751
42 3054
99 338
93 97
55 3241
83 3982
86 1977
206 2867
125 2277
72 3074
45 2948
149 824
188 1674
216 4240
74 4822
201 3460
67 2932
210 3095
212 4342
203 689
169 4849
45 1753
171 2270
206 298
213 199
207 1734
129 2536
129 1632
18 4211
129 687
17 1904
123 778
20 1819
121 2934
150 4429
140 1039
77 2584
62 156
59 4990
181 1501
196 4653
89 1873
141 2458
44 2180
69 2103
46 4640
206 838
1 2290
191 2798
118 2493
214 814
58 1402
155 1529
94 1581
213 2120
131 4314
216 3946
69 4161
203 4031
72 229
216 4083
78 930
34 3111
5 4968
114 784
121 1092
98 693
61 1271
113 4846
201 4340
5 2366
114 220
175 1386
113 1464
203 404
202 3190
201 3232
141 2678
99 3320
163 2559
154 516
210 950
34 4941
180 3065
97 1999
43 248
18 2709
12 4349
131 2686
33 2436
106 4821
