825 825
4 1018
165 3387
54 1405
27 1999
371 577
386 2852
56 4543
67 2824
379 4486
152 1683
383 1647
87 1284
78 3947
238 616
88 6
56 4637
354 151
68 4145
233 140
93 1782
77 4844
15 3579
166 2257
289 4651
18 2689
302 3341
73 1875
175 635
190 3770
108 4073
52 4363
174 1004
336 1286
343 3403
53 3225
75 1205
354 1612
124 1178
335 185
310 2880
306 1961
52 4200
384 1449
45 4949
90 4427
168 2746
209 1860
199 1879
326 1967
34 1864
171 1294
363 3296
19 4718
399 620
142 948
160 1823
91 1582
274 4920
199 4854
373 3160
172 1165
369 3991
2 279
102 535
204 1088
217 3326
176 3079
398 3878
48 1031
65 2982
110 324
58 726
287 733
99 4678
221 2677
233 2758
381 2604
157 4453
58 2121
176 1921
123 1050
33 3047
212 2705
140 2740
260 4001
347 2954
399 2997
345 238
341 4109
120 1892
29 2684
241 2367
380 2453
94 4138
185 3026
55 685
85 494
215 4050
322 4362
340 2963
114 3379
118 1539
360 4910
2 4922
87 3474
320 400
221 2571
374 3373
310 4442
144 1649
276 3119
249 3527
49 3484
71 4233
15 251
235 171
337 4608
4 4380
124 1244
358 3031
66 1272
200 3357
180 2942
211 83
400 9
236 2557
41 1822
262 2001
330 4515
177 919
100 4092
102 1064
29 2550
258 3142
76 128
115 4371
192 983
89 2065
409 4454
252 1460
29 3298
52 3640
220 1169
45 4364
183 1061
95 1809
338 4931
252 1562
362 1914
329 3268
224 4016
262 1340
145 4901
284 4583
335 11
152 1632
56 2948
97 2861
285 2271
395 4831
303 4949
266 1872
114 321
155 4091
281 1161
165 327
97 4260
178 3141
133 1604
161 831
72 53
411 3653
205 2997
70 1020
226 3584
392 3493
412 1315
353 1485
263 1535
154 3652
210 272
354 1135
340 1259
344 4073
240 2582
71 1332
322 2845
253 671
177 4329
198 3671
394 4140
113 2684
111 540
154 2696
15 3462
250 977
200 3176
249 1781
383 1236
262 2843
41 95
276 1708
383 599
138 4474
177 2985
135 3415
255 922
402 4508
148 3724
225 4537
89 898
309 4177
81 3635
22 1488
243 3563
244 3640
93 4072
218 4848
228 2858
213 1396
19 111
180 334
213 2841
112 2423
202 1886
105 470
210 4634
401 34
251 6
379 1123
64 3215
180 4114
393 3498
137 1249
379 770
235 840
29 3224
46 2301
175 1892
276 2638
108 3073
128 456
152 4873
22 844
250 4179
248 4336
124 2121
337 130
306 573
353 613
406 4961
43 4861
157 217
371 4297
71 1243
272 752
65 2427
168 1391
296 2651
269 1623
212 4252
221 4503
355 2868
15 650
157 3470
313 4749
214 2787
26 4906
189 1034
367 3826
74 4365
13 1264
281 4776
227 1616
363 296
351 55
167 2573
41 4901
300 955
379 86
365 843
342 157
398 221
321 1748
336 4313
110 1499
121 1666
172 4628
338 608
390 2740
403 2868
168 4665
215 1987
108 35
126 2322
328 1062
207 2435
86 593
269 1448
400 4200
191 1759
247 3526
82 1224
183 1182
86 1983
266 3077
63 960
406 3711
71 24
162 143
391 2441
168 2241
270 1821
125 4220
243 3211
320 1123
213 1009
17 516
356 91
357 2324
152 1674
252 1797
13 3645
224 90
280 1099
5 170
165 1997
87 3970
148 136
194 545
139 2273
219 466
21 214
221 2466
400 4355
46 2959
164 3216
185 830
182 3573
44 2036
26 2755
45 302
59 2795
396 4410
385 250
247 1113
388 3823
92 3179
409 3229
38 2142
59 4776
187 1350
244 293
244 620
309 4856
233 272
309 2724
306 3306
127 515
146 102
363 1224
368 3
91 3558
265 3652
184 4169
132 3185
44 2002
292 4686
169 4504
350 3483
255 2526
158 4308
377 3580
137 2285
12 4207
160 4849
325 2547
117 4999
224 2697
389 1861
181 4962
187 4431
64 4974
62 592
180 4344
268 4287
99 3555
194 2531
178 3281
261 3570
200 1265
33 204
138 1922
363 895
77 1764
253 4507
44 56
332 4549
83 4387
286 187
299 2545
228 4370
378 774
164 991
48 3241
399 932
169 4724
184 973
217 3471
90 4725
251 2948
337 1188
77 1191
184 4640
366 321
260 4100
403 4610
411 451
206 1872
149 4615
352 767
76 2628
130 4698
347 1967
106 2190
379 4975
68 3432
78 2780
331 1683
20 3494
17 1067
98 2655
328 1776
357 4604
132 2594
109 1152
155 3186
229 2314
130 2139
216 4800
162 497
189 2398
89 2713
390 4317
118 3714
19 2097
361 3051
231 3055
372 2084
397 2851
348 1736
215 3051
294 2861
51 477
248 3724
349 2297
14 1951
1 558
344 1995
148 1718
319 1821
376 973
396 403
251 741
302 2451
339 4007
306 3397
82 3646
163 3704
11 3280
199 4055
179 786
319 1530
235 3368
233 1986
22 4806
271 4135
405 965
184 4208
331 4546
20 948
245 4479
200 4709
224 2507
112 1163
80 4230
248 3937
139 3629
222 2484
5 4192
154 447
305 2648
78 2532
51 3867
69 4047
120 1131
277 1568
174 4712
206 1951
320 665
193 527
378 3335
119 1449
157 4221
174 762
354 61
293 515
29 2300
389 898
22 929
208 1851
50 2145
260 3463
173 2848
204 1395
402 1731
238 3216
406 4568
358 555
258 1928
290 4584
348 1125
159 838
89 2048
126 3308
265 1085
1 2530
256 2458
177 1131
279 474
303 1403
226 3687
214 631
29 4676
366 4934
56 4205
47 1736
191 4461
218 1943
376 250
191 664
258 3263
6 4482
123 1228
194 4115
54 4705
279 911
17 228
270 272
172 1712
4 927
123 2570
135 719
383 1931
5 1736
238 1533
363 364
66 3996
348 1948
59 4187
271 2131
175 2959
216 2660
195 422
176 4585
10 1864
138 1447
121 3486
167 1993
407 2379
24 3773
364 4622
137 1366
233 3571
299 415
269 527
408 2951
258 1040
132 3306
361 2583
109 4082
125 494
186 4834
281 4775
404 1845
82 2092
407 4488
57 1866
350 4139
331 1375
179 951
12 16
156 4010
139 4555
228 4978
248 2843
397 4524
104 4012
17 3956
247 1253
40 4171
391 1113
330 4209
83 4982
320 2782
183 1317
409 3531
369 1896
370 36
27 2991
231 4441
234 1217
211 4646
90 983
285 1787
141 4391
399 2365
409 2008
401 4001
203 966
367 399
384 1181
36 4569
153 447
9 3951
151 1395
200 2448
6 1124
261 2276
48 432
323 4563
152 2037
313 3815
228 2752
190 2552
246 3175
150 2363
7 100
372 1575
9 3443
289 2069
269 40
297 1463
313 3863
251 3238
335 1998
65 760
408 1331
234 1784
70 2585
283 1831
269 3719
365 1863
160 781
71 4742
153 3662
185 1290
287 2768
343 1562
355 1006
350 2184
13 4297
28 3232
134 1470
223 2405
304 1802
298 4326
78 592
69 3772
402 206
200 2651
104 1564
230 2640
69 778
403 4208
270 3710
365 3736
346 4165
222 3642
374 2882
48 1724
381 1665
342 3016
44 2400
86 1105
74 3955
69 2031
338 3041
165 3032
243 3718
301 2561
391 4771
118 2180
145 4660
243 4448
262 4663
150 2280
271 1781
125 3573
214 4099
329 4542
315 3711
116 4735
26 484
26 3479
102 379
102 4922
306 4029
131 931
154 890
11 2684
138 1424
228 599
292 413
393 4883
41 2082
388 1414
40 109
379 1338
94 27
392 656
222 4090
211 3561
311 1074
181 1486
41 2383
121 3454
19 2484
94 649
83 3385
112 3874
405 3229
81 677
169 3763
246 3568
101 2547
375 4706
284 221
48 3130
304 596
259 2705
368 4315
393 4707
223 3707
224 1009
223 2718
1 695
41 1457
56 1553
94 4392
325 1360
313 2712
43 4708
80 1971
265 2816
73 4317
25 795
23 4773
298 1094
184 1915
363 3511
373 943
391 1631
142 4680
154 1571
374 4697
398 1057
363 1641
41 1069
83 4138
19 3823
289 3851
112 104
344 3407
170 3296
396 1680
129 1780
223 3709
98 3510
409 243
399 4530
108 199
48 362
174 4838
113 2906
239 3290
351 612
249 2399
93 1419
63 4108
194 282
324 1601
51 1891
411 114
186 144
205 1003
14 3137
230 4919
294 569
145 3897
194 3873
242 4705
91 2002
20 4644
204 5
371 867
291 1523
155 4126
247 308
347 813
365 2892
147 2825
322 2078
353 3809
307 778
333 116
390 912
30 4194
250 3114
4 523
141 406
281 776
15 845
27 2290
125 3647
