933 933
284 101
354 3825
55 703
225 4726
120 3745
252 1041
399 50
262 536
168 2
391 3123
362 3414
417 4925
4 841
107 732
361 1190
443 3905
333 4571
246 1084
349 2778
91 3629
390 296
301 1958
410 4714
176 3627
9 2819
112 3366
365 1850
130 124
392 2661
287 1302
60 1063
179 3861
163 1372
70 511
20 1885
98 3835
192 2482
116 153
375 4702
273 3682
126 1840
458 175
98 1439
404 2096
96 3948
403 3107
88 2150
137 3235
415 1497
423 1754
372 3834
148 2963
132 1135
151 5000
58 2167
374 1696
25 3205
225 1986
65 2577
292 3796
213 114
427 4514
345 477
221 3110
451 3952
72 2703
348 1301
96 4767
66 424
61 4031
15 2823
158 4307
330 537
70 889
70 1444
142 3039
130 591
238 1776
279 1776
406 4685
244 3444
313 787
277 2511
8 1125
172 3909
292 4157
168 3252
451 2352
18 1206
127 1345
232 3248
8 1314
155 2020
121 4836
238 1096
135 4219
188 965
290 3849
299 786
422 3169
290 1581
287 3961
7 1330
266 4276
264 3952
48 1398
56 1588
137 4281
237 4787
252 500
233 3590
434 847
200 3191
219 1153
326 1277
317 1635
427 4759
160 1502
240 3236
350 565
401 1602
349 2322
193 2993
311 535
272 2893
264 4894
253 2074
180 2029
12 2030
45 4617
202 4681
396 3622
77 1150
211 4838
221 3027
402 4174
196 4129
51 4610
313 2971
53 2911
53 429
56 327
236 1516
4 1452
278 1162
256 2901
230 801
256 3604
179 4539
25 4139
455 4935
351 4982
235 4117
226 2514
322 3569
314 839
177 1833
448 3642
425 545
115 988
1 4173
224 4164
423 3845
207 266
353 3407
172 4050
137 4726
280 959
454 448
202 4602
367 776
318 3336
350 473
317 4002
147 1372
99 4150
46 2910
330 2339
194 3367
389 4412
157 2529
381 278
257 3893
441 402
282 167
397 493
261 455
131 2605
353 3278
119 3470
427 1164
7 2362
80 1401
437 2774
307 281
371 2350
36 3964
302 2806
452 4506
312 3500
217 4111
209 2585
280 2953
159 3441
239 1445
330 263
415 896
206 3028
307 974
436 3726
85 3197
222 1021
239 2830
403 4624
42 1951
460 3010
391 2115
114 2787
250 1015
418 3903
462 407
392 3961
75 1728
212 3521
368 1572
372 2314
75 4678
69 1475
25 4437
412 151
234 2247
278 4262
271 4070
275 4394
189 16
163 2830
309 628
26 4771
154 1808
394 4348
262 2867
140 1845
326 3207
349 2742
69 3088
56 3845
6 1201
342 3838
464 4759
358 4083
363 3439
455 3022
178 3577
6 180
50 4981
154 8
22 407
288 100
396 4597
306 586
4 1901
44 4409
36 3431
417 3754
147 4033
112 416
294 4920
4 3467
400 4238
227 1467
458 1892
108 686
269 2663
214 693
159 4896
326 2074
221 3538
52 634
270 4414
22 4767
62 466
92 4602
146 60
306 3977
47 911
184 3214
314 4937
178 3909
195 1113
288 4866
277 4794
153 2914
416 4913
133 1207
452 2611
111 2403
225 2298
92 3924
425 4243
397 2585
181 691
251 968
207 3068
307 1861
149 2852
159 855
50 137
217 2372
394 2753
148 4976
53 3507
287 831
438 3223
34 4079
41 3643
5 2958
19 3774
291 542
59 2990
105 454
375 4891
131 4483
295 4362
458 28
356 695
408 4099
215 1611
119 121
76 2909
346 1883
55 1173
317 4358
343 537
88 410
457 1053
257 3157
338 1352
174 1291
160 1729
144 559
362 1792
166 4914
446 3298
423 633
192 835
210 349
146 2531
444 3580
419 3012
296 922
290 4095
392 2673
373 4361
73 1081
259 3117
349 2993
399 2089
170 4622
161 2919
226 2503
100 4645
221 1338
327 877
102 4556
279 4647
315 3763
301 511
214 2954
356 3592
353 3185
461 4064
150 2466
76 1934
51 2567
76 2043
69 1697
195 1517
249 2431
169 4320
23 3003
416 3254
164 2246
12 1708
273 729
148 4228
116 3264
14 4446
125 793
434 4635
308 1416
413 287
42 3110
390 2949
170 2299
80 832
464 192
422 4106
100 3237
455 2161
126 2082
121 454
191 51
201 2836
80 1044
390 1638
168 744
385 4156
165 500
423 2167
234 2512
397 2560
59 3248
312 1866
147 3218
86 73
319 4492
145 1916
90 339
332 3603
264 1199
282 3718
68 1744
91 4155
361 1347
426 4480
273 4516
212 1123
131 590
260 2951
23 902
84 3721
72 1325
253 4657
343 3337
226 167
284 4540
4 4046
316 4216
47 3805
318 484
66 1754
187 1140
280 4202
91 2256
205 4459
118 2359
334 336
163 444
451 3153
383 4270
110 4528
443 4288
282 33
432 3639
153 3271
177 1614
328 2891
423 2597
18 1693
433 4272
91 4176
359 4105
391 2838
28 939
184 2081
316 2248
42 3127
394 2655
126 798
428 326
169 148
287 3848
352 2144
231 374
291 3807
221 198
198 1430
47 948
254 3422
463 741
191 3494
124 1775
10 4443
326 370
93 3562
19 4038
177 2620
280 3149
282 514
426 1899
271 1744
78 2553
424 1694
221 3539
405 3794
121 3410
193 373
227 2118
103 4012
106 518
156 114
186 4533
368 2991
38 525
7 4308
190 3724
284 4736
198 3784
433 565
53 3294
258 3561
58 3950
162 2088
9 2453
154 1560
320 833
281 3990
362 3218
65 2106
269 2770
344 3784
330 2165
455 3183
36 4326
243 3043
232 4188
62 1051
56 1273
300 4441
441 4102
101 137
159 858
204 4379
325 345
333 4768
254 1033
11 2493
36 3240
27 3729
257 1457
425 2270
249 1080
367 2201
164 3926
143 1699
78 611
271 2976
450 2728
88 3076
175 3474
234 2828
353 2353
287 2874
184 807
219 3599
39 922
184 1820
115 924
40 4560
390 4751
184 4535
336 931
28 2102
196 3179
426 3490
342 1851
313 4515
456 1906
59 2191
404 3753
405 3973
404 4134
98 3555
127 2383
458 2078
251 1163
451 4828
231 1308
448 3009
222 751
205 4620
31 2573
293 4436
102 2451
345 2348
201 16
216 4660
464 4312
336 2348
408 1754
439 3495
278 3214
223 3384
24 2682
248 2078
210 59
298 3981
64 321
364 1954
200 3642
280 446
438 2694
256 3633
405 3934
353 1792
20 3311
427 4652
28 4520
55 4306
99 4608
5 4763
424 152
336 1449
238 4504
58 3672
358 3746
447 4973
157 4972
210 4983
383 342
67 2886
216 2771
290 4777
32 1678
74 3692
127 369
369 1818
218 3188
53 1467
440 4098
131 4524
350 3109
3 1359
233 4841
458 1249
28 325
153 1800
447 2011
417 4347
163 2616
318 2874
107 414
300 2774
248 15
394 3817
200 2948
381 362
72 2339
320 366
57 3274
166 3835
337 1319
389 596
44 1350
422 1778
99 373
298 1371
376 1613
324 3546
245 3849
320 1718
341 3607
68 3648
107 1653
218 1310
173 1386
303 942
106 4096
445 2358
428 419
460 746
282 1990
48 402
363 2897
177 2674
105 2192
403 3611
192 2251
409 3138
286 4173
64 3088
150 3343
22 3366
320 1629
72 2645
431 4876
46 4987
137 2700
311 1396
250 3410
143 4642
53 4095
311 2263
454 3467
225 2694
146 4758
109 2050
92 549
142 2431
114 543
311 1712
105 3095
125 4784
9 623
78 3998
336 1510
61 2973
452 2342
437 3317
154 1294
466 2731
251 4876
150 2164
252 2171
393 135
197 4765
216 3110
210 338
31 2051
375 4311
191 2293
147 4585
198 1670
307 2344
368 2488
325 2185
169 4919
7 4232
351 4370
315 4189
286 1725
38 3058
74 1050
243 2959
75 4997
331 4292
283 1632
56 91
230 4927
316 1672
166 72
111 2027
300 1462
438 2170
256 305
390 2747
3 4034
270 2793
357 318
154 3863
450 1801
285 2941
190 3303
405 2908
440 2188
219 1351
187 3680
342 3455
298 301
83 2734
225 4106
26 858
264 2845
236 4290
215 2177
308 426
398 150
58 673
178 4152
184 4866
453 781
56 1253
64 2746
346 644
187 929
107 1522
27 1909
183 323
85 704
456 2470
195 4815
66 2789
311 3974
163 1675
288 1152
111 838
285 2831
148 1465
76 4907
133 301
418 822
162 3628
390 1698
234 2755
185 673
421 2462
241 1632
208 4855
44 787
17 817
226 833
29 1953
447 352
368 3636
42 471
240 3585
388 1535
36 1014
369 4720
145 4275
439 1911
420 294
109 814
307 1092
34 1378
6 1880
154 4619
122 1216
254 3879
320 4110
105 2517
166 1673
316 3868
19 4873
46 3655
425 4291
414 1211
96 1848
195 2374
89 2191
410 1424
10 4520
40 2032
282 3983
91 1445
283 4521
277 3027
210 3927
276 1127
360 3373
36 4301
422 4982
225 177
81 2179
159 193
428 4233
240 3467
236 4651
67 3036
434 815
215 34
409 1685
273 3774
161 739
345 2873
76 1948
301 4018
125 2270
347 3705
146 2962
1 3583
162 1541
127 3842
310 473
217 3417
160 1784
58 2744
271 2883
466 2658
196 4526
373 2269
277 415
71 1672
128 4661
208 2443
408 4503
408 1312
118 4895
466 1791
101 695
291 4621
82 3940
276 3520
357 4525
260 1496
373 1065
213 342
298 1951
405 4866
65 1630
62 694
389 3796
289 2454
163 2384
256 4876
318 2266
232 277
127 2714
438 4705
412 3995
117 1349
247 546
329 2556
263 1066
364 3695
129 2054
459 4687
2 2138
269 789
394 4329
212 1295
164 3007
171 2298
143 96
25 4030
452 3831
215 4041
352 1963
288 3292
46 3114
170 2509
397 4103
352 4248
73 691
9 2747
185 447
369 134
24 61
155 4642
110 4443
390 685
190 4550
358 4479
