175 175
67 1943
11 1042
56 596
35 1132
79 874
24 1508
83 848
40 3829
25 4507
65 3576
40 1454
38 4921
80 249
34 418
71 1563
8 1744
69 280
8 669
64 3305
18 1393
83 4488
15 4997
72 567
63 2431
33 3415
67 3010
35 583
37 4635
81 3562
35 1744
84 681
33 3224
42 3816
54 1826
72 4162
75 405
24 3675
59 1546
6 412
21 1664
11 4849
86 429
1 863
33 3604
8 1190
3 1597
26 4916
10 2844
24 1894
42 489
48 1621
47 2935
38 4842
41 2133
69 3267
44 4192
24 1337
25 1073
74 2401
53 1178
72 2155
63 4969
76 3133
50 3270
14 3804
77 2543
74 760
86 154
17 4567
80 4979
3 2666
5 592
62 4843
73 2920
12 3992
79 2795
32 1833
83 3924
68 4268
16 1359
59 1023
29 3614
62 4382
70 2007
38 2535
80 981
80 219
73 846
54 4334
76 3022
69 3647
48 1832
32 2253
57 2203
46 1393
15 215
40 1484
58 4515
12 3759
79 3894
55 395
65 1168
63 2237
68 3439
29 1196
34 2855
18 2123
42 889
86 3678
55 1624
26 4952
1 4714
11 1065
36 356
45 1626
69 696
51 83
79 893
55 863
35 2539
51 1881
80 1712
77 3713
54 3335
70 301
68 3819
54 4329
82 2912
59 1815
86 1974
11 2929
45 2825
25 2506
47 2828
84 2689
83 1846
11 4177
79 4055
69 2404
71 1728
40 2909
36 4708
18 1879
61 2936
6 2691
65 3311
82 4448
24 3263
77 4973
4 2831
64 594
33 2617
57 3217
66 3223
29 3395
55 4049
50 3874
10 4027
30 4640
40 4470
80 1167
42 492
10 4568
63 4068
28 3314
28 3731
62 3855
69 3779
66 1805
4 3515
50 4137
74 1421
59 4264
16 210
17 4068
