170 170
34 2769
67 1485
72 1737
44 4220
23 2957
6 1572
54 8
72 3824
77 1459
53 4529
3 350
4 1474
65 3974
72 1626
5 816
5 2798
46 4667
16 954
44 4540
23 500
47 1528
42 3862
2 2370
38 1324
72 1572
54 529
45 1342
17 4054
80 4972
7 3441
10 4703
63 2836
72 4681
33 2649
18 871
48 4985
53 2820
84 532
75 4462
27 3692
62 2709
35 3149
20 4782
62 1375
84 2744
67 1501
66 3909
3 729
15 3299
15 225
48 3708
45 1043
17 725
47 3486
5 4461
31 3699
71 1409
55 4477
44 780
21 3462
60 4688
18 934
43 4852
54 2724
36 1343
69 3773
52 852
61 636
78 3327
10 3819
21 3870
30 3964
72 1871
77 374
39 2381
6 3122
48 3607
40 1299
8 3242
76 1836
17 4725
65 4416
30 1632
20 466
42 221
23 3117
23 1137
21 693
21 1861
43 4923
83 3187
15 4483
31 881
34 834
35 4436
81 1668
67 4705
40 590
11 1552
35 3247
74 304
73 3275
50 2529
28 1415
45 2975
45 4426
16 3982
41 1991
79 1783
54 904
12 3476
48 2558
66 4170
77 1638
12 3477
5 4382
51 2821
8 3754
81 875
10 4972
61 1145
41 971
46 3118
27 1332
44 4094
36 1295
81 3059
42 952
50 2354
44 465
64 4554
14 1485
7 882
66 3656
59 941
83 3582
2 68
8 3062
11 4516
68 3830
13 3331
23 3182
34 4352
33 1770
84 1182
58 4670
46 3852
55 4548
6 1053
74 2711
69 1514
47 574
40 3129
76 3557
66 1052
49 931
5 867
1 4444
29 3428
77 651
79 2763
44 2397
25 1496
81 1442
51 4546
55 2360
62 4447
45 1621
20 2352
31 1999
