104 104
5 3259
32 380
26 4055
13 3775
32 3517
14 4679
39 1769
44 853
4 4373
30 2430
5 4091
24 846
43 483
7 4722
28 1392
44 4521
12 2134
42 3982
27 1394
20 2018
17 46
37 2239
41 1535
15 160
40 1346
46 1274
5 4190
9 4188
26 2620
20 1002
35 217
46 2338
51 920
44 2001
51 2537
5 2743
32 1278
4 859
7 1178
44 4176
30 3700
48 651
43 748
41 1657
50 4867
17 2008
22 392
5 2071
5 4988
6 3395
26 237
3 965
23 237
39 72
42 1337
29 2090
29 709
34 2646
51 2201
13 955
47 2719
34 2798
27 3431
38 115
22 121
29 3436
35 1373
20 1465
14 4855
17 3912
24 2401
11 3022
6 1804
44 2126
2 4393
4 4093
9 1334
13 3708
37 1648
27 2814
13 1753
45 2150
24 357
7 2485
14 1968
16 865
49 4518
42 1426
26 3031
26 2424
8 76
26 3749
3 2926
17 3544
34 529
1 1195
27 688
51 2833
38 2953
25 3250
48 54
36 984
42 2607
33 1486
