508 508
226 3039
91 1081
211 1087
17 1888
54 134
153 4472
24 3501
41 1454
15 3451
194 4165
178 2430
248 3877
114 4955
127 440
39 3872
237 1950
183 3055
155 2290
96 2583
236 4202
158 3183
45 2639
176 764
31 123
199 1194
75 2656
227 1922
188 3125
44 180
216 2976
59 3315
110 2611
122 1309
92 1563
144 4493
97 3690
96 4868
50 808
224 190
211 2990
121 3372
41 2950
211 2089
65 3005
136 2032
235 3024
242 2334
141 2246
74 3774
144 1676
87 3951
184 1383
154 2351
41 259
25 3076
213 2119
117 338
76 4211
246 643
62 3364
43 3566
185 4468
23 1774
112 946
153 2656
46 4534
23 4706
211 4395
177 1879
183 3521
62 4900
248 2475
160 1064
24 1368
147 4114
155 3227
104 4466
60 4509
3 2583
7 3769
12 2984
235 2504
242 944
132 252
34 470
15 4236
100 1871
38 4230
101 335
15 2405
5 256
162 1030
218 2069
192 1315
118 1546
123 169
33 4474
52 503
117 4532
197 4681
207 4979
56 2009
12 3414
73 3383
194 618
118 2542
180 4693
71 1100
178 1475
114 2193
87 1254
196 3030
15 2340
223 1597
100 2096
53 2638
83 1711
42 997
203 823
129 2998
38 93
241 1843
74 4809
211 3667
36 36
228 2276
100 1447
192 4720
3 4315
59 653
20 2678
114 4053
82 3776
69 632
28 4216
25 87
172 2892
225 960
238 940
63 2409
161 4176
155 3683
36 2958
186 4758
131 4589
231 1741
112 3629
243 2848
245 783
43 4562
158 2538
9 4447
216 40
226 2878
32 4037
204 356
107 4063
151 1968
95 424
245 1104
129 4205
81 1513
166 4141
131 2909
192 161
143 1476
47 3261
101 3077
232 3305
84 4951
153 3780
193 4732
96 3676
232 778
184 660
158 2578
78 218
120 1222
241 4676
117 1920
232 2783
52 1093
19 2362
241 1286
23 93
46 3130
71 3841
75 3269
170 4396
216 2494
251 2824
3 4572
84 2068
233 4292
221 2765
229 3897
216 2151
228 2349
159 497
192 342
56 3288
50 3857
97 4711
57 2479
3 827
105 2082
31 4776
223 1053
107 2333
25 2033
216 1230
54 1352
167 4367
81 166
125 1683
3 644
218 4209
103 4973
26 863
138 62
110 3667
44 4020
220 232
29 3976
228 2637
241 2355
241 4049
239 2273
141 2376
165 3838
178 4593
134 1377
58 3436
151 3140
120 3602
177 2269
16 4992
226 4006
229 3469
11 1719
143 3283
216 3935
145 1628
120 3701
76 713
159 3813
88 111
27 342
92 3543
160 3426
72 2799
158 2205
196 4250
110 3413
135 4675
48 4848
81 1562
105 3829
104 1491
141 4960
159 3342
209 200
223 651
229 2511
246 2866
57 2753
200 51
124 3202
129 4889
210 4843
191 377
166 1722
156 4932
227 2953
117 950
214 342
30 4125
250 114
166 3830
55 1429
10 3747
211 3501
74 509
61 3888
202 931
107 1148
227 4398
248 3390
15 4373
9 1213
123 4269
247 3077
171 4225
204 2148
6 3366
19 3017
251 1100
160 4458
24 1775
64 4884
10 124
70 1139
105 4375
239 3567
105 1569
42 2911
55 232
143 3711
14 147
173 975
165 1902
4 3505
45 3284
212 3738
168 4491
51 3506
147 443
153 3411
19 1368
248 693
142 4550
44 20
18 2049
106 1706
108 2273
19 1414
48 3444
74 2058
82 4046
82 3204
146 3476
9 1417
80 3832
3 1787
125 585
175 2428
170 1720
226 3387
61 1292
196 198
34 692
84 3882
81 2941
140 4078
243 2250
53 881
62 1778
79 3568
179 1044
132 4389
4 3285
127 4840
84 4893
146 2469
22 2354
239 2579
154 2920
248 334
187 1647
49 3933
47 4497
229 2285
64 3607
227 643
110 3029
231 2796
189 3865
39 3691
49 3176
243 3063
121 4040
148 390
46 428
181 4350
69 147
146 1186
53 3415
221 224
3 4742
156 4486
22 1410
211 3444
168 870
201 2157
206 537
6 2765
31 4810
190 3864
84 3278
65 2323
89 61
30 2895
200 4101
64 4625
138 2707
126 980
38 1475
23 4765
54 3081
205 691
186 4137
180 1348
244 1726
8 2907
75 2315
250 3529
88 206
150 185
181 3983
63 2100
175 3608
205 4199
22 3191
237 4973
198 4556
199 2970
45 2122
80 1153
149 4617
202 1150
214 1930
107 108
191 2386
181 3488
144 2789
48 2978
235 4205
67 2785
52 4418
24 107
19 4001
39 2890
220 1518
30 3076
93 3201
68 1170
133 2494
88 3257
108 1124
83 2080
202 726
90 2893
189 1186
238 4705
205 3680
44 3447
198 1014
234 3961
93 1900
224 2079
94 4261
136 3826
17 2787
183 686
39 1562
235 185
253 4590
124 4894
157 1641
215 4684
79 1796
227 1350
27 2725
15 3707
166 1640
230 3768
183 215
24 4091
189 2024
54 3242
210 4305
12 2999
177 3247
103 2034
83 4795
133 4652
9 4661
199 526
118 452
6 3827
132 80
177 2129
106 3544
3 2822
51 1630
30 4905
72 4215
50 2267
118 3067
146 4688
116 143
52 2562
148 3305
82 546
46 4524
54 2366
1 4691
24 1524
166 3963
33 2078
37 3749
236 2406
6 4199
201 3101
238 3930
166 3364
56 3508
209 826
