457 457
91 136
56 3384
197 410
161 2131
158 1763
137 3488
70 1229
50 3763
224 4935
188 2896
228 3933
58 4541
207 3753
183 4092
25 2362
204 1548
204 4656
58 4780
219 1831
144 2922
183 4281
223 3979
107 2921
142 4801
54 53
126 4992
34 3455
42 2889
30 928
188 852
106 2689
118 2340
5 2207
114 692
160 2653
68 1284
194 3679
163 4223
23 2892
28 4890
165 1564
225 2939
224 4806
94 4587
206 3200
216 574
73 2011
19 4196
113 910
16 4480
29 2355
63 3717
71 2541
189 379
128 3474
190 3238
117 4724
220 279
86 618
18 744
86 915
82 3446
19 1593
207 477
199 763
44 4421
192 72
183 3306
67 291
203 2607
94 606
113 4034
194 499
197 1552
122 3307
28 457
38 756
172 2951
58 4996
171 2258
220 1466
109 1837
60 3668
96 1345
38 2289
80 2208
114 1745
125 2796
29 4964
52 2674
40 1259
16 1662
135 4033
28 2531
59 1828
18 155
69 1581
2 951
11 944
145 1784
180 2193
97 3673
156 3174
47 4926
123 4188
137 2396
134 1312
126 807
84 1038
100 1355
197 322
172 1236
72 525
107 2473
60 3453
213 4147
9 2809
93 631
165 27
152 1568
179 1920
6 1583
129 2118
50 202
120 323
44 1886
24 2721
65 1711
153 3615
56 1107
64 1082
39 4974
81 2772
8 3132
75 1483
143 18
15 95
58 1563
88 845
84 3123
173 4550
43 2810
226 608
191 2370
108 1645
34 3237
108 1603
80 2876
73 3074
54 2285
30 1662
144 56
204 2177
122 2319
119 235
170 4558
57 4275
75 836
90 2430
171 1565
216 2196
186 1163
142 3001
115 3849
211 4116
28 1057
224 125
91 4981
161 3058
195 2496
50 181
33 1173
28 4837
39 3834
171 175
85 1150
12 1539
9 3858
212 1976
153 4626
147 1247
114 3196
64 3344
79 1837
121 532
107 2558
76 1301
195 1878
75 1047
51 1527
54 2386
124 4926
163 4006
102 4303
49 362
30 2790
74 2858
160 4688
105 3167
32 4882
84 2939
177 74
111 4684
154 3480
82 66
189 2755
161 4781
150 826
105 3382
45 3194
177 3932
149 3224
199 4952
56 380
193 4695
114 1016
206 1756
34 4907
158 2591
189 3862
213 265
32 3879
113 441
139 3787
209 1307
212 2631
178 3769
82 4129
210 4975
36 2282
64 2398
177 2
104 4798
219 2764
66 417
169 2609
189 822
182 3360
195 1110
89 1760
183 3674
219 1671
198 3704
201 2817
101 2255
202 2238
12 870
185 4682
97 4030
13 2220
121 4384
116 4195
168 4090
195 4745
180 3562
187 2989
33 1050
26 3521
147 2915
13 85
99 3404
32 4018
151 4216
169 4807
67 2801
157 3065
228 315
26 2336
151 387
220 109
70 254
61 4712
73 2454
194 378
216 2035
5 601
163 4733
79 625
84 4521
224 1941
158 870
88 3285
13 891
21 2083
209 129
192 4590
6 2107
68 1187
128 725
87 4339
209 1337
146 2266
172 4002
33 664
97 4940
121 3218
56 87
8 3067
189 2178
112 2216
195 1451
219 1531
140 2992
225 3247
154 4512
51 3277
157 1955
67 37
64 3675
81 11
9 4663
171 3417
113 1826
213 3765
178 3330
1 4224
3 1866
51 4372
70 1108
104 480
149 4552
30 3831
181 2583
26 657
162 2396
163 4253
227 4279
224 3032
19 3944
73 3604
105 2353
97 4663
137 3535
182 4860
32 1784
191 3177
118 3490
220 4877
148 3555
109 3833
176 2079
52 879
223 2943
163 3361
91 642
61 3454
197 1240
147 1176
96 1700
222 2651
73 2712
20 3245
139 4014
207 2699
15 1369
183 2039
8 4342
225 879
170 1564
15 198
122 610
193 4860
124 2525
62 1785
81 717
57 2593
224 1173
28 2408
51 3463
139 4034
169 1644
5 1276
45 4118
80 2985
110 1585
189 1544
9 2257
153 3796
56 1130
69 2296
200 27
55 1813
88 1409
199 3189
118 1035
80 118
184 4989
159 4049
172 362
163 554
165 544
112 4584
112 2265
192 3413
118 4581
140 4307
43 2349
23 3282
158 1998
202 2642
21 4212
61 34
150 4788
77 4215
75 329
182 2065
81 1637
87 671
126 1968
101 4497
94 483
96 3451
58 1058
153 1519
134 4594
220 3836
200 271
144 4043
82 1301
166 2444
212 1909
202 3539
164 1094
29 2414
78 1945
182 4123
205 1882
57 3521
134 2443
79 1156
47 3457
6 4625
137 3892
13 549
65 3794
174 4006
48 3685
172 761
192 245
160 4369
17 4098
87 2825
208 3832
70 2910
29 1051
31 1853
103 3404
67 3368
62 1995
225 2049
80 799
140 1953
27 3013
126 441
166 3560
123 888
226 1482
