466 466
157 4779
79 3043
31 4239
102 2491
204 771
54 2757
125 1684
60 666
93 881
230 1157
149 322
76 1080
81 1935
173 201
38 4917
99 95
95 2719
154 1274
46 2855
54 2904
28 2021
147 725
26 4874
101 1000
143 2994
39 1474
75 66
23 3629
47 323
187 1178
169 4590
84 4952
100 2956
94 1989
217 4224
146 2863
70 2432
183 1714
141 422
126 256
191 261
114 641
2 4414
114 2553
165 3498
35 4762
55 2883
9 759
8 1436
46 1726
136 1169
120 4110
105 1869
8 302
41 1165
161 3061
18 2091
118 4765
74 1618
116 4507
208 1053
85 1211
153 3695
27 1604
117 1701
27 774
80 565
133 2790
15 3344
69 3299
94 2316
61 3978
159 4966
32 3703
115 4068
27 2479
112 4442
91 306
22 412
166 342
114 2712
118 2513
199 3253
90 580
17 4303
138 3809
62 2094
128 3694
132 1056
103 3439
88 1892
25 1482
167 1242
84 4202
46 1599
182 3651
206 441
131 3685
161 1311
75 335
102 3213
195 1742
131 815
17 2367
209 3241
67 3469
77 1163
33 994
198 4063
44 4736
138 4124
202 590
119 3415
38 3295
126 1596
7 4010
99 4214
219 1094
140 2501
107 4553
89 1668
161 1608
219 1337
68 297
26 824
186 3936
202 3134
66 2547
25 3273
231 1067
39 2451
108 1294
125 3611
213 1101
184 1138
203 2120
86 913
180 1479
182 4289
113 2892
71 1944
61 1089
146 3470
202 3913
138 474
64 4213
104 1080
90 267
8 2202
200 2926
46 4837
224 2893
199 4601
98 2507
17 3172
77 2059
165 4585
147 4495
109 2048
66 2078
73 3906
93 3460
73 2536
94 4765
203 2181
34 1673
95 475
156 1950
45 63
112 1093
229 979
27 4112
190 2597
229 822
194 2215
202 1620
49 697
43 4100
171 4347
154 2292
13 3724
15 3059
211 4656
31 4582
114 2038
14 1940
128 676
206 2405
164 398
109 2969
22 2475
188 912
104 3955
119 4574
162 2615
152 2487
28 3154
138 4258
4 4161
195 2312
23 1963
21 3616
129 608
157 286
212 3303
60 4562
163 4381
19 3595
103 3
10 406
111 2747
15 3282
212 246
6 2650
10 2088
208 1651
123 4197
144 1767
210 523
97 75
81 4490
36 1205
34 600
119 150
48 3445
83 2114
223 2436
18 627
188 4273
231 1
208 4634
43 191
198 4276
95 2174
46 4175
59 2505
171 4295
96 2467
14 3951
124 980
225 1771
214 4572
23 1207
190 4491
14 425
75 1269
139 451
106 369
55 3785
27 3344
50 1990
22 4660
59 1405
222 3637
85 3142
220 4234
201 2058
160 2243
198 4192
67 1421
39 4784
129 1207
62 4835
225 2107
165 19
14 2130
227 735
26 4843
148 2568
111 890
31 4891
69 2805
41 4850
19 936
179 4613
211 3913
36 1066
208 4384
95 1480
78 4940
128 2196
32 4456
226 472
101 2218
104 2093
147 4750
187 4468
101 1311
2 1703
24 368
58 2174
91 1687
111 2274
72 3336
176 4510
97 4695
119 531
190 1585
51 445
24 3504
96 1764
212 398
14 4285
63 3965
105 2319
125 4688
189 2368
105 4634
208 74
199 3417
161 3787
158 1699
33 1736
53 1698
203 3532
113 4743
46 2944
144 1621
167 428
17 4014
146 3423
142 3798
147 4684
10 230
86 710
201 3481
76 1306
190 183
163 1801
113 4624
209 2360
78 4668
30 1966
10 4872
96 3838
55 3723
100 4687
123 2956
179 1780
176 3316
142 4949
86 3148
101 4533
147 3892
33 2214
114 1321
126 153
72 3869
55 1507
186 2921
109 2209
199 1296
1 4299
71 3180
125 4066
219 3020
80 2135
164 2336
21 1957
160 948
174 3965
120 1478
50 2320
78 4056
50 3896
68 110
195 3126
192 4167
187 1507
53 3245
208 1256
193 1340
143 3295
19 2240
27 1854
78 2201
210 3250
135 3622
101 1273
53 2782
17 801
78 750
45 1123
135 1148
14 931
197 2957
124 720
190 2576
78 4887
115 4534
60 2655
34 1437
45 5
53 126
170 3579
142 76
146 445
21 1244
232 2099
61 1083
72 4084
18 236
206 3134
150 2816
207 4924
143 4511
66 3112
5 2941
9 4669
37 3940
17 3479
167 4680
6 4547
69 140
167 1836
165 2845
158 1698
130 802
124 3900
171 408
134 4362
206 1236
117 3352
16 1273
232 535
183 4125
30 1845
180 3911
59 4126
41 3027
23 2502
113 3380
188 3729
40 534
174 28
192 4169
119 1730
4 2820
14 4408
150 105
157 604
20 3700
176 2371
91 4431
226 4205
49 833
191 4900
215 4041
133 2887
92 4953
42 3676
209 614
196 1781
200 3896
26 2564
202 3148
89 679
27 29
50 4391
55 2008
67 3596
170 4484
14 3440
144 4272
140 422
229 3251
