336 336
32 4709
62 2256
134 2399
32 2710
44 2381
165 53
121 2680
55 2810
93 3001
97 2095
47 4956
84 16
86 536
80 3517
2 2567
29 2659
24 2388
89 2618
135 9
100 2506
78 3596
156 2498
138 1846
84 2733
53 2026
102 504
96 3195
152 3160
151 4231
99 4100
126 3223
45 2661
93 2043
61 4350
81 1163
130 2721
143 2072
113 3682
36 2668
130 4302
119 162
123 4592
121 3415
9 784
34 568
37 1579
141 3398
88 2483
26 4119
119 2265
2 3564
17 946
51 4488
122 717
11 4275
67 3722
3 2335
105 332
101 4275
51 2746
151 3770
160 2272
47 4365
74 2472
14 1767
82 1255
104 1517
78 1255
101 1686
167 3493
61 1135
90 1586
75 1222
22 2901
46 1782
131 575
87 2027
43 4634
81 785
145 3601
53 1100
145 3833
93 3771
71 2258
115 3403
84 1849
76 2852
100 696
133 2075
15 666
17 1763
103 3488
55 3933
81 3827
80 1435
52 2518
147 3470
43 209
43 4788
76 3534
136 2561
9 3562
60 929
151 334
63 3922
63 834
86 1672
87 4962
62 1271
113 1532
26 2249
112 2403
48 1956
165 2814
75 3491
148 4184
150 3282
92 2651
128 2394
160 4240
110 4030
102 1069
121 3669
79 4373
16 4758
110 4675
119 3601
50 2166
17 4204
132 1939
141 2468
84 1006
87 1940
30 1562
24 881
61 4060
101 1932
90 227
19 4920
24 1919
108 4097
12 4457
76 3067
104 3280
114 2819
71 3388
26 4858
126 727
25 1073
145 4068
77 2123
92 3605
74 4542
71 2110
8 2412
50 3783
54 1075
63 1206
58 2469
155 2608
120 3811
1 3972
115 4485
13 584
23 2396
68 3386
110 3665
107 4888
105 2668
160 4850
39 2789
155 3125
135 1710
70 4565
154 4637
112 382
78 2363
16 403
100 3906
103 99
76 4134
73 624
101 1502
44 4350
56 241
27 2603
35 894
68 4831
57 4563
158 4014
123 1208
43 4170
142 3918
37 3311
80 4557
55 2749
116 1356
89 4923
51 1645
100 3957
21 4805
3 2235
149 4116
54 3044
102 2382
160 1200
166 3095
93 119
132 1950
16 592
67 1001
45 2569
64 3976
75 4644
98 1576
44 2980
15 2108
103 3037
165 746
86 418
150 2038
78 2207
86 2685
141 625
58 1647
99 3828
121 3182
108 2328
61 4437
16 3949
157 3961
28 483
51 2283
128 704
64 1053
164 212
119 4056
8 2564
165 2106
91 4875
146 3252
146 1091
145 4975
158 2730
131 3801
116 4600
92 1869
121 1098
90 1103
64 3632
106 4154
3 548
89 3671
155 4590
27 293
159 2315
103 827
80 414
104 3606
97 3189
43 3181
15 3200
50 916
15 2133
101 3311
37 2761
83 2211
109 4603
31 1854
93 3101
93 4666
120 379
140 4343
24 4643
31 974
23 333
114 4428
111 1138
103 2299
13 3439
101 765
135 3925
13 4680
8 506
45 947
119 3737
11 3235
33 1500
153 2753
133 1540
45 1649
138 1289
87 1128
122 4831
90 2576
46 4632
63 1015
130 4524
120 656
116 1721
135 616
144 3188
43 415
152 2000
50 4204
42 1616
99 2422
94 3891
38 1350
3 1338
159 1941
167 2000
16 2941
164 1183
122 3759
90 3315
33 4476
144 857
108 150
26 4449
22 537
153 1584
17 3986
14 4951
87 2787
70 983
83 864
107 2299
90 3665
70 3247
15 3590
112 1317
113 1310
56 3189
55 3933
59 1649
