978 978
309 4657
61 1082
323 945
85 4431
250 4271
27 3532
246 569
42 4246
370 2433
12 1758
323 1318
485 169
384 305
420 2152
407 2877
342 4736
318 219
422 3180
118 1441
300 558
404 289
148 4020
429 1789
398 1528
462 195
162 2816
38 3010
324 875
142 4557
211 4540
133 4130
276 1995
272 1519
76 3579
175 1887
130 1469
256 2059
350 1739
187 4374
101 2735
248 1184
82 1901
4 183
18 2700
50 3369
429 372
349 3436
27 1721
378 2168
441 4386
392 1624
188 701
318 1966
50 4560
235 21
227 864
334 2103
297 405
86 303
442 1220
174 3116
48 1442
28 3090
98 2652
226 3047
473 3358
130 4169
441 2556
160 1592
45 2869
172 3441
367 1738
86 1260
104 2826
217 3714
193 1042
163 3631
451 923
458 4397
192 1756
368 412
158 3155
425 183
297 4866
452 3531
175 1333
443 4756
95 1795
83 1082
482 3498
299 3357
21 553
15 883
480 373
148 1966
424 3173
437 2936
263 379
115 141
100 430
462 4836
62 1378
439 3010
276 1713
416 4858
141 3564
270 3916
22 1013
230 4098
308 2415
65 1527
19 1067
369 1961
344 379
33 1558
268 4102
311 251
51 911
156 4950
69 4215
257 26
193 964
441 2027
354 1348
468 1978
164 3150
7 2371
484 700
427 913
320 1858
79 3781
172 817
127 4227
482 3579
170 1510
416 4166
184 3500
280 3000
465 740
235 4432
267 4781
128 3521
410 4719
125 4816
396 4382
292 3429
179 2129
300 4243
144 4067
277 3071
288 1824
435 1432
282 2730
131 654
133 4926
404 4997
418 573
217 2866
488 926
250 1456
25 3270
328 1560
310 3435
95 1998
268 946
361 3762
426 3542
45 176
27 1993
382 4426
390 2297
53 3692
269 3234
461 137
279 173
370 893
296 2580
283 4243
176 2001
339 1597
378 3356
359 3999
49 2237
317 361
248 4613
291 4573
303 1786
248 859
266 1763
479 2393
101 2843
330 2136
324 1291
259 2223
373 2026
173 4121
12 3393
216 2038
109 2692
143 4789
95 2600
230 2948
368 2628
434 1918
22 4153
237 2190
300 1479
450 2908
377 245
60 4678
367 1947
240 3143
347 2800
46 88
217 2639
484 3469
74 2218
373 3879
303 2317
335 1684
49 1690
439 3093
18 3482
81 1311
41 4342
390 614
123 2951
240 1979
190 3345
178 3149
131 1473
148 4321
301 482
417 3108
206 3658
224 4264
48 484
430 4099
426 998
432 3696
139 1440
436 4487
407 149
13 4220
17 1280
242 4275
238 1505
191 4815
233 2033
143 4063
384 43
118 416
297 2305
319 208
274 3944
424 962
94 2060
234 1411
71 3893
57 1137
320 481
47 3832
61 551
301 2385
149 1800
272 3092
376 3210
213 26
472 333
180 738
299 3614
31 2251
484 3128
437 4797
89 4557
469 4090
81 1433
466 2410
33 3346
92 3858
444 3137
58 279
404 1071
420 2287
93 1034
349 4945
334 1065
336 1278
422 1327
142 1857
487 2391
29 181
377 80
2 2002
276 3534
20 2672
137 2790
56 1407
365 31
67 3675
475 4516
59 3856
58 108
429 1703
448 78
232 3199
264 4298
27 499
176 714
392 3428
78 3546
107 2704
4 4596
257 4451
175 4077
294 2606
425 2078
365 2747
8 1456
462 3165
222 1214
402 3071
40 13
383 2612
169 2984
121 722
434 1067
253 2054
218 1076
258 459
179 3489
373 1533
380 4215
329 619
246 1399
369 3499
287 2877
67 4554
470 2512
196 4037
55 3493
235 2304
9 1581
116 2962
205 4900
460 3339
482 4812
326 2794
290 1407
165 2833
352 2983
117 4036
409 2373
240 3056
249 2538
3 1998
41 4031
359 3169
184 2755
230 3800
269 4739
90 2762
450 2598
292 3762
471 2546
118 1263
292 1185
460 457
43 2880
337 3370
189 2479
260 4380
344 4217
184 2813
190 2584
165 2650
78 3934
171 1244
373 2798
326 873
253 1585
72 4673
80 3023
8 1207
169 1005
302 3876
128 927
237 1399
6 201
403 1623
261 4649
475 2969
212 3484
193 2429
204 206
264 4433
271 658
345 3055
152 715
38 2535
450 3967
131 2445
72 1896
315 2953
97 1663
443 1805
468 1556
253 874
64 4069
189 2928
204 975
356 217
212 3915
200 776
341 115
112 3103
320 1839
200 567
471 1894
262 1273
117 4378
264 2838
99 790
324 1988
281 2563
344 1187
420 4334
158 1267
327 4756
80 3576
362 2436
204 1840
298 756
297 4520
452 4442
320 3031
394 2474
253 4284
310 926
406 146
15 3466
102 3503
255 4409
275 1626
445 4937
116 2356
394 4119
92 4592
17 1981
427 1339
220 3558
78 3378
319 1966
10 1027
24 3739
75 1991
70 1050
69 2778
474 642
356 2499
384 1998
253 4744
289 3253
280 2396
155 43
408 4388
454 944
353 813
270 3894
222 3632
99 2741
487 2456
170 547
405 2414
187 1331
244 4419
446 3309
433 1412
303 1216
283 4702
136 4782
218 4048
369 4826
328 1691
340 684
313 448
111 2527
469 3402
318 1109
482 2482
428 3674
290 3131
351 2624
158 2180
68 3253
246 46
480 4758
50 4787
240 500
316 3428
211 2217
369 3566
403 1889
173 211
363 3801
202 259
395 2480
340 526
227 2948
472 1802
54 990
148 2712
293 4667
347 1033
189 582
35 2243
93 4984
468 2697
290 253
262 2847
53 1829
175 1996
311 2924
238 4353
353 254
480 614
472 3537
310 3536
48 867
11 4559
269 2462
460 4701
33 4565
60 676
222 573
402 1046
474 3406
237 3096
142 4782
429 3856
295 4657
365 2327
463 2670
419 4727
178 2026
194 2794
27 4088
305 945
201 4557
134 3289
458 1167
217 4315
168 4283
46 2278
347 2013
242 2823
376 3923
319 49
470 3937
104 1029
55 1807
278 2738
141 54
64 4953
344 829
479 4931
206 3389
71 4064
435 1282
294 4432
427 726
77 3290
327 1358
434 1774
30 3281
95 4313
66 4136
475 2914
95 4756
85 865
129 4084
369 2247
189 4359
189 2053
6 2361
54 40
288 575
486 4153
89 460
202 3659
449 112
351 1613
377 3082
414 4394
326 2789
105 4410
330 1741
246 492
115 3935
485 4257
310 4731
219 79
393 569
361 4978
120 3956
110 4849
162 1700
22 1401
235 4887
487 4252
256 1154
485 3500
455 4876
397 3685
95 1743
166 1265
129 3749
81 4161
227 2628
250 2467
86 1378
143 3472
61 2103
383 1496
147 4719
334 2138
428 1335
108 4846
88 2272
317 3398
82 3032
279 810
127 2179
427 1857
406 4920
426 4678
241 2841
216 4469
318 391
275 282
295 1570
11 713
128 2597
452 1823
484 2027
211 2802
169 1709
411 30
27 1332
103 4167
95 550
72 3921
6 4924
310 2486
411 650
120 4651
434 3436
422 1038
76 2608
475 87
72 1215
251 2770
40 2939
120 2456
1 3160
296 2868
428 1397
376 4361
141 3864
128 546
439 2593
379 3755
435 3824
119 4086
236 4069
475 4953
266 1318
400 4104
384 2580
272 3019
270 4735
448 1547
387 2767
271 7
170 2092
288 2861
347 4921
454 794
299 2174
259 4425
115 4238
94 897
236 1692
354 1560
342 4648
60 1258
334 4742
315 4252
263 4720
317 662
360 3993
247 3988
203 3162
22 322
237 3329
438 1460
292 857
459 372
307 542
395 2101
403 2422
295 4947
53 1079
221 2433
284 2486
399 3661
131 478
110 2680
172 474
70 255
124 3939
239 4460
349 394
293 709
61 2033
314 1237
114 4363
274 347
317 496
361 2758
226 420
74 1222
362 4838
488 2547
460 4325
348 3724
329 2657
278 1764
397 4330
476 4424
58 2201
478 3588
5 3305
180 4991
347 2644
172 3532
303 635
332 2696
106 934
131 2063
400 2649
74 2754
211 4053
183 1593
335 430
316 2544
200 1667
236 4978
351 3330
352 1441
322 261
361 3883
136 1491
430 2893
124 1506
328 2331
245 2741
76 837
255 3058
207 4011
167 4356
268 3016
302 3345
418 4923
80 2236
202 570
262 3172
341 1817
133 3673
389 2817
433 2734
100 1989
397 2703
351 2668
226 3100
424 3012
34 2803
350 118
236 559
276 982
171 2394
29 4300
87 1736
379 394
290 4525
150 2534
375 3779
209 990
224 518
438 4794
8 3178
337 796
85 1105
418 2424
93 4925
488 4107
278 842
285 4736
25 4006
120 2762
429 3997
188 14
267 2931
185 1598
96 4286
138 4249
275 3034
316 4557
195 3689
334 3173
388 316
247 1444
13 1784
390 4666
348 101
84 4618
50 2682
341 3208
397 1235
398 821
265 943
48 3084
416 824
187 105
451 3698
311 4855
388 1632
174 271
438 3874
190 1100
289 607
132 1601
156 4552
377 1651
427 2068
191 1036
74 2553
425 632
277 1975
245 4277
103 2129
125 2433
378 754
342 3737
326 293
212 1372
473 320
453 389
393 2768
440 3404
475 954
168 2214
188 1979
330 4912
157 3342
460 2416
214 3980
69 1856
347 1674
214 4017
263 4024
140 3238
10 518
78 3143
352 4498
1 4307
308 2439
235 1217
130 4471
342 1749
193 3788
2 4285
337 3884
295 286
63 399
209 3133
90 3259
369 3063
428 4572
33 23
372 4075
390 3636
178 2067
439 70
192 2937
214 4849
394 4215
34 3676
22 1629
230 3192
80 2092
295 454
405 3089
84 2952
338 2387
266 1465
213 2909
236 2410
444 3486
174 4337
42 4757
223 3149
27 4152
405 963
454 1145
158 1477
298 4308
460 2697
139 2165
469 2337
65 1148
24 4711
65 1870
420 4099
471 2769
466 1240
30 4245
455 66
115 2721
387 1401
439 4557
203 3673
34 679
397 2034
6 437
479 4462
95 491
122 185
331 629
428 194
300 2146
263 3391
185 467
241 3994
379 3160
165 3670
424 4974
38 1283
474 4495
144 3343
3 1357
211 4700
46 1623
205 3210
196 3846
51 4548
37 4744
374 412
75 1932
48 4680
252 937
22 406
98 583
119 183
292 1209
318 1551
248 3609
199 2423
387 3970
420 151
294 805
405 317
194 4305
96 403
158 2529
406 3523
144 4874
35 4804
