986 986
393 2137
179 1945
437 4063
446 3446
406 4065
331 4353
15 907
373 3621
174 4022
49 2734
229 1566
31 3084
96 982
228 2113
64 2362
343 4790
181 3190
219 4023
445 3687
210 2839
207 1572
285 389
211 66
7 993
372 360
109 462
265 3557
285 226
432 2638
18 3237
39 3358
50 4329
357 315
203 762
93 3894
162 2254
364 1528
331 1140
319 321
305 293
481 1854
175 4057
208 758
314 588
210 3830
172 2713
394 4317
450 1600
348 2063
458 573
334 3682
196 1379
195 3439
149 2885
125 347
429 1280
54 2102
410 1679
443 1909
375 2575
457 4240
45 3875
250 2554
58 1202
429 2631
30 2072
392 2238
173 812
382 1525
108 1250
169 3606
466 2401
261 4848
209 3801
357 385
279 2638
394 2124
384 770
466 3571
158 4702
73 3668
244 4263
337 1475
91 416
317 2175
112 3111
118 4528
479 688
19 890
269 2871
153 4303
137 4179
161 2974
11 206
78 2033
325 923
14 274
9 236
380 2820
400 2121
413 423
310 2455
197 2302
426 2186
63 533
387 3175
44 3334
211 3674
48 3127
27 3921
152 1597
324 2552
394 1069
130 3658
111 2425
383 1510
51 3958
328 4738
309 3833
203 2905
136 880
449 972
185 2273
426 2093
195 2377
118 3870
154 163
336 4779
93 4948
473 168
362 1151
318 2909
369 451
159 3088
488 1628
253 488
161 125
206 560
252 1596
303 327
87 3880
405 2172
160 7
447 1939
411 250
237 3541
421 4030
353 305
449 4569
145 894
251 3895
272 1662
291 2926
49 942
311 3130
214 2134
259 407
67 2274
343 767
361 3412
75 4912
370 173
176 4858
276 260
484 1986
116 3434
298 3748
31 3459
390 2933
487 4011
239 3089
371 459
206 396
333 4775
174 2517
111 2604
340 4347
46 4322
158 991
239 463
456 247
94 2852
280 3506
207 2331
329 4520
189 3782
227 3747
7 1745
150 3972
39 2120
373 4151
238 2557
117 2520
36 4741
416 200
349 3749
61 1780
365 2537
183 156
268 2630
396 4251
149 3679
27 4729
393 1926
83 266
7 2525
337 1585
253 872
347 738
173 839
168 3674
468 1952
124 184
298 2957
287 1019
485 2592
193 4178
326 4686
399 2178
331 4485
396 3227
305 4972
1 2661
161 907
17 3520
128 1588
430 2493
391 3110
364 4304
485 2594
225 3134
317 4083
107 3354
299 315
103 3519
47 1799
25 4816
314 424
399 3185
184 3241
376 1683
95 3887
394 3230
59 1397
438 4427
235 631
437 4871
29 4282
139 1072
330 137
45 1315
376 2678
285 1501
370 1271
145 1427
134 371
441 3883
212 1009
336 3777
331 3122
492 1763
192 4914
179 1263
156 2404
457 3552
195 389
278 1359
262 3392
160 765
231 4742
101 4430
111 1862
297 2535
45 249
307 2170
58 73
97 1690
63 4085
321 915
138 3510
77 2924
256 4568
116 4086
183 4236
243 416
290 2284
262 3041
137 4298
440 655
100 3986
104 3039
93 2166
227 344
209 867
269 4745
171 829
151 3790
369 1234
12 4019
336 1193
459 2330
61 3385
267 816
121 4168
316 3041
113 204
5 1319
430 2566
3 1885
284 2960
325 2519
358 300
181 1731
273 4488
104 3879
336 4557
334 2658
140 390
38 3290
441 3508
290 4366
61 4217
345 1901
53 3216
453 2787
40 4240
313 4599
314 3618
422 603
360 408
273 2746
239 4335
306 1549
238 3261
174 1759
481 1726
116 427
332 3842
174 921
8 4403
45 2251
197 2964
5 4928
7 1722
275 2961
78 4712
73 1479
198 2788
470 72
30 4492
56 3745
481 540
365 867
12 4458
247 4531
182 3780
234 924
154 1831
389 4762
374 607
352 1534
132 851
223 3793
402 2616
232 3955
481 4955
156 4969
175 2467
340 1172
460 2637
482 534
411 1615
253 1211
76 3134
401 1402
427 1893
228 4534
423 4238
213 1189
282 310
180 3827
46 4416
353 3379
234 1914
266 2457
307 4777
394 3062
103 313
255 4664
160 1920
293 4784
187 3499
456 3257
426 2393
243 4446
110 1629
359 2970
375 1727
395 1651
191 3114
452 2563
133 3151
263 3624
269 2034
163 2616
200 398
47 1227
424 283
406 3214
77 4222
344 1604
127 2478
459 996
238 4240
106 3036
299 1082
363 3784
419 4856
299 1125
263 2932
281 4106
476 2895
38 3342
365 4451
153 1705
36 2483
226 3163
123 4052
239 4109
182 608
83 1990
338 1448
356 624
254 4084
10 3884
70 1803
7 255
384 548
221 4374
335 235
143 2618
406 3829
133 258
202 240
349 2005
362 2661
41 1984
334 2885
224 25
171 35
85 530
130 3405
446 2927
120 3028
327 400
179 2499
412 839
448 3036
192 4154
205 1667
171 722
381 4302
268 2472
101 4016
412 3252
353 1260
235 2989
462 3855
442 3298
24 3486
433 1565
208 840
251 828
425 4536
352 2228
228 2732
298 2710
435 3859
67 723
262 4922
453 3890
10 3144
62 3978
321 1293
475 3831
164 4077
315 3476
476 2861
114 270
358 3574
293 3678
395 737
77 1921
169 3940
471 2008
181 1947
424 2590
29 1673
323 713
227 487
87 3911
324 3549
473 4146
27 784
390 2040
264 3184
381 3359
258 2326
466 1363
211 3414
209 4883
14 1581
9 4907
232 2966
24 1941
460 3591
229 3423
155 4685
381 389
43 3978
338 4939
301 454
81 3443
117 1963
18 4694
64 1250
84 4292
442 1538
287 710
12 3530
343 725
275 948
462 2772
102 4397
210 666
455 3679
209 3142
483 3594
286 374
388 632
480 4934
326 273
170 1607
239 2205
146 3186
286 3622
356 3734
409 635
112 1457
457 3672
59 296
364 2154
233 602
236 842
413 2037
72 3768
136 1106
395 3292
492 1461
441 2392
190 214
54 1064
2 3754
130 3460
163 3060
33 4749
259 3314
119 1232
8 243
162 4571
261 1822
4 3000
420 1324
220 175
348 4322
409 604
261 3724
73 282
330 607
100 2483
87 2194
408 305
48 2570
90 1038
8 4617
328 1737
358 36
126 1083
411 740
94 1621
319 1988
475 1652
400 2677
355 355
235 848
467 3376
38 198
433 2014
335 2787
195 2539
357 1349
211 1738
101 2161
481 4170
221 3134
396 1841
461 1853
138 45
289 4168
455 4148
280 2624
15 1740
302 2419
427 2019
360 3082
169 3813
130 3255
393 1427
284 727
347 4253
45 2927
46 2483
386 4295
360 1918
32 2285
139 818
292 1910
96 4198
173 2220
217 399
409 2078
197 493
292 2563
117 193
211 1749
3 4195
23 2932
307 4603
20 603
133 2130
190 4311
437 828
215 2849
81 1989
456 712
193 1560
233 3920
461 2110
171 2394
295 243
400 122
65 3604
279 2392
54 1272
155 1839
258 3245
62 1236
320 3278
87 1651
418 4496
228 3207
137 572
206 2140
34 1334
225 4463
452 684
35 2159
491 2919
349 4317
247 4044
184 4718
185 3872
397 2376
108 3960
14 3253
145 2083
191 293
209 4044
72 2874
47 4666
15 2716
322 374
407 4905
363 836
300 4452
237 3973
152 4127
209 1605
243 1350
481 2363
353 2915
160 58
312 4254
285 2253
278 1295
480 3915
399 4490
391 4523
38 862
124 1795
306 1976
25 2037
10 3919
351 976
68 2684
397 4115
261 239
424 4480
435 131
184 900
333 2674
52 1675
141 3538
269 3088
243 4390
75 3115
238 1147
69 1726
178 1108
147 2789
433 975
393 4414
331 442
463 851
389 4257
478 3250
354 2786
58 3792
124 3937
446 3256
190 1240
269 3847
223 190
23 1464
309 2041
473 4850
113 1004
163 2180
450 603
139 95
363 3411
297 1907
22 4422
270 4589
491 2835
235 1334
195 1748
49 1313
416 2887
234 4496
89 1790
274 4951
358 4925
60 906
337 2040
176 3913
483 4439
287 995
491 3678
89 1523
278 4349
8 4214
413 2376
332 2822
395 466
430 2801
399 4878
202 2878
54 1953
102 924
376 4899
215 1529
139 2479
224 1412
413 1357
280 4195
92 3042
402 4589
54 337
61 2503
245 2960
428 3946
487 2623
444 4505
376 4016
230 4303
120 3957
309 774
312 1155
16 1850
310 628
19 1111
15 2912
74 462
488 926
196 3261
210 1223
252 1658
350 3591
166 4587
459 4793
95 4006
58 3423
357 4074
88 1159
253 1066
430 541
90 4569
236 200
107 2524
450 876
264 1095
174 2240
78 4033
388 3780
407 2102
314 3502
203 444
161 3799
121 3915
229 4751
400 2920
457 4323
298 2252
303 2125
167 3203
289 3409
347 4435
184 1581
122 1041
185 4692
343 3818
369 2077
201 4483
38 2352
9 475
413 2870
112 3268
77 39
154 4465
409 4102
275 2303
307 1701
287 26
41 1288
338 980
278 4529
55 3691
244 2853
68 646
364 1640
274 1598
243 3786
314 1811
24 2134
466 1252
472 2146
106 1724
444 4099
87 1576
387 3391
385 3225
307 3425
87 3593
91 970
89 3349
47 3322
174 2724
87 930
12 3347
119 3555
134 4014
143 4425
53 2647
358 4158
316 3544
34 1700
309 2135
75 3885
414 3046
199 4909
201 1143
249 3391
342 1364
356 4454
323 131
192 292
486 1378
490 1218
448 4070
246 1581
485 2185
204 1628
367 1309
283 918
382 275
487 1724
376 1157
344 4485
374 4354
97 2492
166 1340
20 3410
93 94
100 3637
109 2368
270 1172
479 4970
135 2610
400 4743
279 77
125 2197
246 3784
119 3825
229 4237
409 1531
335 3012
302 571
56 3361
84 4015
262 799
271 1174
223 1100
81 2521
73 1114
337 1872
55 4705
419 2917
430 1888
50 464
199 4921
491 1438
148 2490
269 226
58 4944
109 3899
363 3080
58 3651
415 508
219 3009
201 2661
461 3576
279 1730
141 2001
127 2348
216 3016
362 3821
34 3119
484 4209
1 3865
351 1850
359 580
234 1359
246 1302
256 3395
83 2308
51 1233
244 1885
347 4418
87 336
125 142
220 3767
44 919
377 3506
472 308
243 3270
239 4843
429 1166
245 2100
182 4097
487 4682
12 3602
200 407
71 3913
255 1206
43 2879
87 2392
142 4233
287 2277
428 1197
126 2786
300 2905
398 4451
16 1351
351 608
107 1952
