692 692
263 4048
245 3841
55 4442
43 251
124 1476
46 2929
288 326
254 4425
252 929
240 2665
91 1115
199 3239
204 1516
220 1570
343 881
215 3572
294 2487
9 1632
137 2740
81 2886
25 2639
27 3137
20 158
254 2255
68 55
209 3305
77 3606
134 2400
72 3508
344 2500
278 2650
140 2023
137 2208
238 818
304 4368
84 3638
166 134
137 3828
116 4743
147 484
244 2015
277 4482
272 980
117 4372
209 2544
98 3635
305 3929
146 1785
100 1472
279 2877
6 1301
123 3921
270 3451
172 3458
122 1509
27 4422
212 4778
328 1738
65 3839
150 707
324 392
198 512
298 3444
208 3594
307 78
116 4674
220 370
272 814
150 4768
68 28
182 3745
291 758
9 1569
254 4525
106 2296
334 4843
111 4516
199 681
244 1553
145 1587
224 4040
86 3876
236 3618
316 3924
40 2690
234 1777
167 4322
287 1479
95 3556
56 3617
52 3745
20 3012
222 2296
217 2377
313 2671
254 1034
169 4480
81 302
267 15
15 500
59 3897
94 1950
255 3533
317 2456
256 993
86 606
220 4424
158 4642
60 257
236 1313
8 60
204 740
133 920
33 1550
316 4690
277 1809
293 4961
76 2664
249 86
308 1853
14 2941
15 2186
328 4070
299 3185
158 2654
285 86
13 2267
330 2563
242 1202
7 1034
151 3254
29 17
8 2754
75 3214
176 1608
163 4217
341 1542
345 1980
261 2618
1 2
167 2262
252 4935
130 4368
21 2082
322 3261
212 1589
201 203
317 3463
309 4848
308 1141
77 4072
175 4682
221 2696
202 3858
311 3656
333 2332
119 1868
260 3691
209 2601
303 2645
191 3956
206 2703
125 3801
210 3407
3 4099
309 4968
107 2566
255 4154
250 1301
219 4143
152 3770
180 3453
12 2782
312 254
268 1143
196 2726
337 781
82 4047
96 4556
113 4515
190 920
323 4264
30 3218
293 1843
56 215
18 1323
231 3064
24 470
199 2528
345 1924
278 3034
206 2396
73 1587
343 506
76 31
316 1516
217 2190
262 4192
107 3195
292 2964
72 4018
163 209
341 4018
275 319
223 1632
245 4004
337 786
331 426
147 1178
24 3821
79 2649
265 3771
284 3919
111 3979
320 4043
323 686
23 2470
99 1409
168 1120
64 1862
99 1042
163 2047
68 414
127 2114
343 1943
276 870
166 903
287 2714
75 67
291 588
120 1297
223 4676
20 1402
184 921
124 1479
148 4528
3 2214
251 1294
295 1153
74 3427
248 4996
164 2670
223 555
345 2899
72 1969
269 1635
237 2956
262 1784
139 3901
259 1887
263 3647
59 2506
198 3791
235 1422
165 2022
3 3239
345 3795
107 243
225 4050
281 3319
76 3939
342 4467
106 2527
260 1335
73 2691
136 4950
120 1508
342 3298
177 3109
259 2231
42 464
168 4305
130 110
188 1639
128 1695
103 1316
261 4924
216 885
39 2035
218 1913
289 2023
308 842
325 350
129 248
247 2944
319 2778
104 1505
296 1274
73 4767
303 4786
135 3232
52 395
73 45
321 3900
241 1024
168 3483
140 144
185 4211
56 3436
149 2179
96 2123
238 3041
101 158
223 3071
110 2490
129 3419
147 3079
211 1976
53 1668
326 949
326 4984
104 2263
295 3094
3 1206
265 2895
313 2323
31 4127
160 2685
75 3843
264 2683
311 4952
193 3310
341 2052
94 1981
25 2245
316 4315
96 1648
139 506
83 4790
294 1956
291 624
47 1116
218 1773
324 929
220 3575
201 4046
185 2666
235 4533
92 2043
174 2746
177 2101
273 1425
118 2528
73 325
327 3042
159 3786
226 1417
114 4024
146 891
125 3806
256 1188
336 3128
125 1772
143 2094
146 2317
337 1537
287 492
279 3535
229 2190
89 3701
161 1802
272 2235
228 183
66 838
4 10
158 4095
61 3151
238 3243
13 1877
154 1466
310 3536
82 74
63 3284
207 197
91 4884
64 2446
222 1442
135 1270
111 3652
215 2990
331 4923
226 3432
122 2812
165 3140
154 949
215 4532
126 4601
112 3131
176 1796
184 987
40 3656
66 2387
112 934
277 4741
128 3310
141 457
246 3978
282 14
170 967
274 346
197 551
288 2157
194 2568
10 4129
174 4492
166 786
335 3691
1 3867
78 2443
169 3969
335 3418
217 2335
340 2408
40 1212
320 4239
165 2199
120 4980
292 1398
266 2088
45 1189
23 775
188 1604
180 3464
62 4538
263 1310
192 2408
156 564
53 3853
119 3893
15 2933
142 2519
252 2004
100 2921
70 656
208 2300
322 3605
274 2567
182 3016
286 4532
161 2935
161 1036
245 680
29 4861
268 3989
326 2105
326 1878
87 3488
342 488
253 2301
14 4862
107 1142
318 657
186 3235
213 3923
136 1447
340 2762
41 3337
249 630
94 798
281 3839
102 2851
321 1769
187 3115
133 222
321 4850
190 4078
139 2531
262 4691
295 1808
216 4491
183 1546
80 2167
118 2004
77 4664
62 2558
99 2887
170 4299
314 838
180 931
170 4568
278 2297
11 4715
296 2800
232 921
135 2359
241 151
160 4174
237 3080
131 4909
56 4540
113 1949
173 4637
109 496
197 2405
126 3322
90 2721
97 317
40 207
71 3649
83 4639
205 3055
225 513
94 4205
180 773
179 2526
41 3087
343 1946
216 4020
77 252
8 4544
24 4728
74 4081
273 547
21 3258
197 4523
200 4810
245 2413
135 1049
164 1995
59 3734
284 776
209 4691
124 3292
74 3485
210 467
92 1801
47 3727
189 4588
9 1260
62 4807
288 4486
6 2743
253 4450
31 4907
6 4122
101 104
183 2983
295 847
233 4306
105 4585
98 3024
256 4334
60 2816
120 813
308 4084
242 4119
140 4629
198 2252
74 4643
270 3595
9 812
224 4413
302 3139
127 1110
238 4310
279 3677
309 501
125 2945
255 3759
177 2588
172 4306
41 903
293 530
155 3053
148 4786
209 896
233 511
331 1518
249 3286
313 2826
145 2563
16 1036
105 133
85 595
127 1845
7 2659
65 2782
340 2654
58 2598
184 1089
76 19
94 1254
128 4803
304 2401
282 2788
199 2177
31 4867
139 70
89 3860
241 536
334 3785
83 3133
3 4501
133 1657
235 4593
250 3590
267 721
32 2486
51 3441
239 238
221 2598
13 2310
41 1888
67 1382
26 4205
175 3395
229 2391
53 3653
258 827
259 3295
280 4647
102 3098
83 2387
1 613
87 2352
196 2197
326 1523
155 4754
214 1827
181 2395
70 1213
187 4444
124 4973
109 2900
68 2229
236 2119
342 4287
186 1467
272 2469
46 1706
323 3358
277 3111
334 4222
121 1944
167 882
44 1191
201 4939
81 3997
40 2518
35 618
20 1688
14 3485
210 52
160 435
38 3653
284 3028
254 2238
183 952
90 521
182 389
80 2756
167 3139
63 4662
166 2436
130 1899
122 382
75 1576
78 4566
64 536
341 4567
66 2388
217 1606
51 590
96 3296
337 750
304 2563
100 4325
273 4673
95 127
248 2537
154 3853
284 3391
136 4311
120 2971
127 1616
312 2776
87 1319
298 1847
34 1796
17 1133
60 3048
315 139
274 2413
232 3067
178 3933
189 201
318 3940
1 3358
38 2805
303 604
59 3693
296 4827
