351 351
44 4488
111 1826
138 1939
28 2044
165 2046
55 3426
21 4177
9 3895
7 2919
39 2674
38 3553
150 3547
97 1963
151 1777
28 3906
152 1991
154 1674
131 2832
4 1649
167 4587
128 1843
127 2535
148 4304
107 3132
9 607
69 1484
96 797
87 4645
115 2949
31 3430
98 4497
117 2531
19 2108
109 4429
159 2311
71 859
156 4360
61 369
20 4293
69 2561
73 35
17 4824
80 2447
95 750
72 4899
150 2294
56 4700
171 2790
109 1698
47 1781
136 3794
123 2425
119 2193
75 2482
70 1441
104 2108
35 4999
88 335
53 784
101 2126
58 2558
164 1799
156 4792
44 872
106 2924
70 2173
141 837
94 85
14 371
79 1241
149 327
2 4957
94 4702
111 4565
174 828
8 2161
143 4174
160 3907
96 842
95 4216
55 2822
45 2367
166 4249
7 771
129 216
28 1092
5 3091
35 1684
55 4745
27 3339
15 639
40 3530
105 3599
144 2865
82 4567
40 3289
169 2458
166 475
109 2588
163 4671
2 1105
48 1133
111 3856
164 442
27 4033
6 3791
163 1710
42 2496
62 641
52 1836
7 2613
169 3545
10 840
134 3640
61 963
8 4446
125 20
120 852
7 2044
32 4347
28 278
123 1022
22 4202
117 4802
106 1507
169 2055
111 3469
105 2965
30 2087
67 2391
163 2479
106 1166
17 3749
75 4355
65 1967
105 485
171 1386
36 2551
11 1555
32 4157
3 2410
69 4320
109 4602
32 3415
41 1334
10 3790
12 4317
19 4328
88 3218
90 2505
128 40
63 1911
165 1935
35 223
28 2051
166 1918
68 4510
147 4156
138 3108
25 3505
106 4393
103 693
137 1787
19 508
90 2199
119 2975
138 212
39 4518
141 2994
23 3140
134 3904
32 4234
118 4727
158 2650
23 4368
16 3690
73 592
70 997
69 1102
36 3845
22 1107
87 1906
67 2975
32 3395
78 1337
137 4944
6 639
117 3915
32 3606
58 3792
120 4086
118 4870
19 3414
165 3077
11 3356
117 823
28 2069
51 2858
128 4527
91 1646
143 4636
106 3675
85 3511
68 2624
123 4973
50 1956
53 4281
163 2886
173 3703
117 483
163 3823
174 2401
89 3473
103 896
141 2033
110 3871
110 2069
140 3428
31 644
129 2382
8 1530
25 864
81 3821
81 2904
16 3705
5 4709
122 4408
57 4839
151 1667
5 4182
100 226
107 3542
46 3653
107 2411
136 1038
98 3938
2 1583
1 1467
29 4839
124 4354
32 3114
8 585
40 4120
117 3463
113 4795
170 932
77 4535
37 3193
116 852
32 3328
82 4977
87 4151
50 1034
99 2700
12 1099
138 2820
77 1209
19 814
109 1202
40 4964
141 2718
141 4863
44 4545
127 3147
81 902
104 3913
70 1423
47 1445
120 452
17 2156
109 2035
150 2819
23 959
111 3860
21 1632
51 2491
62 3279
89 478
69 4508
78 4040
24 2491
65 585
64 3933
14 2173
39 4435
110 3932
95 364
112 63
29 3392
4 3296
37 2088
147 1051
71 19
43 3921
58 3128
114 3603
169 4995
163 783
79 1534
15 4974
69 1849
13 533
70 513
147 4317
88 2092
166 3343
127 1646
16 620
82 3547
160 3695
96 2463
106 3973
144 4503
47 2468
153 4294
3 3340
84 2516
61 1531
4 3249
26 4679
18 2258
89 715
41 3865
164 4780
87 1997
124 1868
115 2079
170 2145
30 1928
171 2655
137 3183
20 155
119 3796
149 2113
73 2842
138 4967
47 193
6 1348
89 3092
81 4732
120 2507
110 4583
90 4502
59 342
82 3190
164 53
91 2853
66 4499
130 3057
124 2861
59 1529
