685 685
139 1982
160 1477
30 3473
140 566
50 143
296 4057
215 4758
119 1169
308 3320
328 1081
220 3894
337 4337
52 3166
325 3392
61 2384
184 2823
329 3860
9 4272
64 4895
22 4821
293 4857
155 4166
227 1831
296 3705
122 4994
333 1949
74 3561
25 444
228 1609
279 3775
134 3632
83 1878
10 1815
337 707
335 3171
33 187
252 4951
127 1613
5 3322
304 2795
140 4440
271 1225
25 4233
107 2425
297 2581
2 2852
157 1678
126 465
221 3455
47 4545
275 3443
103 2453
42 407
79 4800
63 1492
307 1799
23 3584
34 857
129 2550
184 1874
323 3017
88 3886
236 2306
134 1612
51 4246
305 1785
259 2850
285 4395
309 3351
295 3617
299 4916
193 35
167 764
138 2159
270 3716
282 4100
140 445
199 964
122 3641
188 2268
17 1256
36 3112
107 270
328 3231
196 1692
257 4274
190 2331
309 3226
324 3398
293 1397
311 4773
85 4881
58 3627
179 1204
215 1899
103 4206
155 2553
292 1485
51 3149
207 225
246 639
76 2139
126 234
5 1294
64 3023
322 346
296 1515
16 1259
228 174
204 2740
300 506
51 4486
215 1161
297 4929
296 3198
109 3938
200 682
209 2125
231 4057
81 873
177 1336
7 3472
271 1337
237 706
160 3287
88 3440
245 526
239 1154
329 807
96 3559
34 1617
88 3834
236 3221
71 3333
234 3716
205 246
291 3415
277 763
282 2956
129 1111
9 633
127 3838
100 2119
182 4965
273 1464
337 956
176 4600
303 433
315 2530
204 1810
266 1177
84 4465
266 3427
119 3371
151 1383
197 1677
26 978
294 51
327 1105
332 1315
263 913
231 1873
317 1932
162 471
35 2654
294 438
300 977
55 928
315 2899
151 4276
82 4738
152 3018
34 4139
133 2637
46 4905
222 4694
203 1378
263 4154
183 1761
301 1950
321 1333
268 1898
68 4864
153 3788
137 4909
214 4082
15 485
146 4126
161 254
266 1882
232 3313
48 3003
31 2788
13 934
58 297
47 3720
221 1703
131 3416
32 3479
61 2145
49 3643
101 1014
166 4659
296 554
332 34
2 3225
314 2625
27 639
157 3660
15 4730
243 4041
201 1893
336 1502
262 3321
180 917
135 2147
125 2920
132 1585
148 4644
6 1491
46 158
8 4313
230 2462
14 741
36 3271
288 593
21 4995
129 4488
219 1818
238 1420
225 1243
166 4110
40 1886
197 2934
102 1156
114 3936
17 726
311 1717
68 3850
199 3342
80 4871
258 2980
66 1964
126 2789
217 3138
48 3642
178 3609
300 4271
61 3914
219 2651
102 4640
259 4333
154 4123
172 684
4 4584
208 4244
326 1783
315 2256
67 2403
91 1442
267 4782
106 1123
160 1564
221 1099
50 620
167 3551
235 3572
38 3001
9 1942
259 3364
226 4525
276 1331
1 3175
1 3314
249 101
109 508
157 1765
230 3628
37 4005
159 541
67 4425
304 4878
311 1045
8 465
20 3440
306 2225
238 2861
242 223
56 225
289 2346
46 4095
218 890
160 2843
197 443
7 4618
205 667
213 2761
26 3137
262 330
285 4237
94 2154
133 3182
311 3814
299 4187
334 2057
146 3449
229 229
15 2746
84 180
67 1162
34 3508
89 3899
300 2802
224 3573
238 3503
93 327
286 3078
183 1207
175 3291
27 1562
16 3568
306 2509
143 200
292 3912
318 2450
216 1431
162 2024
37 228
321 1016
267 102
250 1035
83 4020
25 2625
217 4251
89 2558
310 2999
27 1256
319 2657
171 2875
214 2521
148 3245
273 319
30 4291
85 3043
333 3672
104 4687
33 4471
181 2074
340 2275
24 4492
98 3136
185 3598
242 3795
230 4259
276 80
322 4366
229 2191
225 3244
61 4990
72 950
153 4459
310 1765
53 1157
159 3385
291 2572
331 1934
84 800
278 2153
307 2196
286 1090
11 4790
60 4193
169 2331
90 2644
311 2389
14 3277
16 2705
28 3335
261 911
103 1869
5 2834
177 2498
148 228
134 1711
191 3968
89 2657
209 913
263 1195
115 386
39 3746
189 1193
202 3536
276 2583
115 873
128 4635
8 2898
259 1718
10 3579
336 2462
312 1936
148 2209
282 4632
105 656
49 726
47 2930
203 1715
7 4310
301 1998
121 1755
208 2700
9 730
29 1751
74 4572
340 3203
281 1184
134 1985
28 3626
331 4673
77 4933
335 1187
39 4858
261 3130
90 855
223 100
128 456
34 4039
161 4225
1 2391
220 2804
154 1101
192 4399
24 4486
147 4930
52 1504
27 3883
282 318
112 2197
101 4563
151 3667
31 4233
112 1301
256 3015
122 970
256 4870
177 353
132 1809
49 3370
246 3987
152 4425
57 2485
75 806
182 2401
205 407
6 205
35 3550
198 4089
279 1769
209 405
62 4519
328 3975
198 4949
81 4609
167 623
236 4202
259 2977
264 3484
281 3621
98 2547
308 647
297 1739
89 344
285 2579
332 3817
314 1500
175 3400
141 4511
161 2281
83 4689
251 2602
104 25
304 3776
127 1075
127 3781
143 2064
178 778
321 4930
193 2324
5 2463
142 2523
72 4709
209 1528
132 1995
255 4340
108 391
80 517
266 853
218 3376
339 4985
281 4635
291 12
148 3903
80 3089
339 314
328 42
317 876
147 2762
311 1622
261 1421
314 822
312 199
234 3749
142 2759
39 663
225 3409
108 4460
111 1812
179 771
238 4100
82 3323
97 316
229 2694
129 3945
207 363
152 4113
158 2634
22 3197
209 4119
317 855
269 2516
181 3934
27 4731
8 750
43 2684
180 496
247 211
219 472
259 1133
6 1965
158 2039
284 2457
225 4201
77 2931
67 1361
187 4847
139 3931
87 1663
3 2259
189 3779
222 2053
64 4396
272 3454
340 1969
340 635
184 1578
40 435
186 605
123 500
167 357
195 3764
268 4729
55 194
296 4203
199 115
211 123
291 843
80 1875
227 3090
128 2086
19 2616
104 3801
155 191
284 15
235 1897
94 1728
17 168
338 1852
12 92
65 3802
333 4386
105 4859
328 2992
298 905
83 2267
314 430
305 1911
54 2865
174 1386
1 2647
282 151
233 398
242 980
298 1967
48 4069
147 1921
217 621
300 3339
76 2192
37 4917
57 3455
39 4412
114 3705
192 4931
241 4874
310 1461
61 152
176 4644
75 162
1 4762
171 1789
238 215
266 4880
225 3575
245 126
80 4196
135 1075
111 539
263 1190
279 1877
184 1625
200 2642
34 955
195 2912
340 4936
115 4215
50 1108
113 3431
53 459
33 4065
213 3146
187 2250
156 2608
93 1770
318 3971
339 3531
122 77
244 1189
321 2495
296 2608
208 4122
169 410
83 2745
207 1299
29 1259
231 4552
197 2156
23 3199
32 4808
219 2119
6 3438
157 1525
191 4761
166 4015
251 4831
246 2391
176 561
157 2119
162 254
269 2183
73 71
234 955
287 2085
185 722
194 3541
146 890
131 4815
17 3848
208 3499
295 4215
200 2845
16 4074
322 1366
231 2853
283 1117
85 471
276 1766
280 4807
330 4369
316 4140
92 4819
43 3356
271 4800
211 2289
17 4315
240 2447
268 4151
