694 694
346 2058
333 1477
86 765
169 1483
111 103
189 3770
77 1824
40 2929
98 2784
139 3764
231 4316
152 4017
89 4537
150 1949
171 2200
150 4501
342 3612
16 4339
317 1698
25 816
43 4969
209 2511
252 3422
60 4843
94 3800
141 2145
269 1786
96 1145
203 668
114 840
278 4440
131 955
150 2034
216 1710
220 2372
311 2085
305 4443
270 818
311 4001
140 269
340 3321
12 4389
156 1123
47 20
217 3744
246 3176
184 2779
276 4755
96 3845
316 294
96 1258
245 10
189 959
140 2181
204 113
57 2797
138 1104
135 2637
190 681
89 4217
102 2111
78 4539
186 4720
197 2552
10 4446
116 3942
94 638
274 3016
34 3719
133 3793
247 3908
145 2728
17 1752
138 2020
302 4111
303 2987
42 3053
79 4759
246 1983
180 1264
49 976
207 3805
252 3019
109 677
58 3408
105 3987
37 4332
29 3202
325 2386
222 637
155 4146
220 1992
245 2946
93 3569
216 1675
125 1282
127 4848
236 1677
167 2452
38 2923
342 3789
118 3875
95 4436
52 535
257 3683
108 1577
343 1189
151 2106
223 1605
303 2827
3 2934
163 1696
185 739
91 492
6 2140
73 1282
14 241
204 2298
228 1394
77 2808
260 2777
214 2976
125 130
25 3384
8 586
73 4645
267 3253
282 412
335 1020
249 4976
232 3200
289 4467
261 637
237 3548
228 507
198 2768
292 1389
9 4451
106 3554
157 3022
106 2850
343 1086
49 4089
23 980
246 3271
139 2686
90 1828
87 918
87 2507
158 964
26 1743
154 3347
267 2643
342 1962
173 1023
307 764
128 2773
225 2796
158 1818
302 894
23 2455
122 3229
45 4904
49 598
40 3555
167 606
181 2837
88 3393
253 2429
210 979
106 2202
336 1112
1 460
127 543
124 3760
341 2544
85 1226
141 2117
65 4976
146 589
129 1259
302 718
342 3026
322 745
228 9
224 2173
4 251
241 2756
215 3135
224 252
15 2748
216 888
33 3997
2 178
302 1039
42 4675
265 4438
199 769
189 2361
43 2453
263 4061
158 2941
112 3149
132 824
177 3888
249 1188
66 504
294 752
204 364
109 4500
115 1808
41 1997
161 4996
231 545
94 1181
239 3059
119 3436
13 1986
29 216
277 1246
250 459
4 1896
130 391
40 2676
178 930
131 4992
132 3734
284 1684
55 1346
184 4863
146 1173
155 2115
269 2635
108 78
262 2879
66 3693
82 2145
125 4470
115 748
129 3477
175 1444
201 1172
89 2632
82 2539
195 4764
338 4003
242 2473
136 1784
254 4360
99 2767
143 2901
214 2774
171 2514
317 409
216 3145
210 3159
152 3456
55 3961
98 4187
272 4822
83 268
115 4835
266 86
296 3143
8 812
89 4941
78 922
5 3230
2 2802
196 42
159 1498
37 565
128 3056
206 731
81 1004
85 3946
24 1079
41 666
29 1741
270 763
340 3981
29 270
75 4064
237 4135
303 2006
121 1406
10 3421
338 4347
179 4247
81 4051
217 808
39 986
183 1831
14 1409
67 2463
4 3021
218 4664
249 2753
98 2135
31 309
291 62
310 3577
300 1335
286 1408
132 1017
42 3245
275 2264
173 1322
111 3544
184 4164
171 3566
307 1306
72 2756
322 1574
256 1614
264 1172
218 2148
280 32
118 2172
244 4655
83 908
326 2716
123 3080
70 2916
238 1246
105 4336
262 4259
8 3732
262 4503
234 897
214 1261
10 3870
102 854
214 2639
173 3194
164 4591
81 3486
246 4437
227 2309
218 4541
141 3406
111 557
280 2144
99 1915
15 2189
237 2178
209 2176
199 1786
230 753
165 4176
167 2815
153 4121
346 1122
231 3536
277 4477
31 4392
250 3251
13 324
108 2646
210 3296
93 3310
306 2884
114 204
280 3536
120 3705
90 1146
266 1395
330 803
26 217
310 3967
34 54
262 3220
35 685
241 1146
162 2349
63 3657
40 1982
85 3832
154 366
59 1410
158 4944
230 513
138 1178
181 3217
207 3684
10 1121
7 2336
231 2186
306 3156
54 4583
337 1024
302 1886
19 1632
82 3594
120 948
248 4500
118 1694
279 4001
242 2748
193 2479
16 12
139 2253
326 3455
34 1982
1 2657
160 3368
230 2938
109 1119
328 3884
11 1915
178 361
133 2423
178 3511
131 2746
179 406
184 3666
233 4757
22 2329
279 813
242 3196
330 1769
342 169
164 435
276 2433
286 4406
335 137
285 3082
278 1124
327 2064
244 4169
311 4443
24 2705
345 3133
346 4371
161 4765
202 3844
205 3401
44 1510
238 1811
231 1410
224 1822
303 1899
303 2569
311 2059
30 3659
5 2792
139 4478
103 1316
329 9
102 3745
72 4869
206 352
83 2892
11 4677
212 3851
322 2396
78 3441
311 1492
53 830
280 1816
52 4795
38 3678
320 276
242 4003
97 1743
46 1458
7 928
77 766
314 78
184 304
223 840
234 1303
164 4541
240 1779
102 580
275 3784
265 1497
69 4287
126 1675
219 692
303 787
14 754
127 779
10 4744
15 3665
306 2567
247 1309
108 4932
214 2925
134 2046
243 3987
23 3912
275 2193
94 3041
211 3973
222 2550
328 554
315 2077
178 4094
51 3762
95 163
162 493
93 4549
144 3580
122 3228
92 3912
86 4040
277 4050
71 4567
249 1835
223 4393
321 2355
31 2392
282 1390
300 787
233 2205
14 4810
237 4467
6 4551
328 3496
196 1527
66 3296
50 2891
247 811
180 1092
271 2322
83 1550
270 2587
219 1942
7 595
220 4998
16 4879
300 3721
105 164
272 4295
302 2891
172 2005
116 1021
101 4141
346 2574
102 836
209 3468
206 1965
69 3927
41 2134
304 4031
294 4601
253 1039
210 1369
166 743
318 72
142 1588
155 1972
228 734
205 2213
37 1605
266 4770
107 1067
86 4125
85 4820
48 989
330 2377
40 2081
45 2428
94 1235
268 2769
330 2268
280 4010
45 4277
209 208
293 614
308 231
69 4455
253 4158
64 1980
316 3620
315 4949
234 4460
141 1505
281 2103
41 1434
148 3241
211 2082
38 379
12 3083
75 3475
62 4114
59 3734
306 1309
87 3027
244 2772
194 2404
199 1082
295 2887
317 3276
61 558
272 2314
277 3009
297 2973
222 742
310 1615
22 2570
322 2064
91 4913
321 4261
184 2426
285 1153
178 343
272 428
18 1752
228 4853
274 3219
79 1012
311 1563
52 641
321 1860
25 751
84 2415
122 4678
290 2497
149 3578
152 612
257 1826
315 4104
156 122
116 104
84 504
91 3897
129 3313
152 596
229 2344
75 942
100 1495
89 4872
313 462
127 547
102 3169
164 1088
309 1685
183 3675
83 4824
284 2300
278 4099
91 3806
266 1627
309 2689
106 3957
286 2245
303 1662
337 715
303 2331
143 3698
237 1988
209 3488
336 1450
332 878
183 2381
315 740
179 4526
330 4086
131 4509
31 3585
306 2171
53 1471
137 1670
98 3662
56 4766
141 1749
191 1438
311 3141
293 1947
292 3731
273 3708
247 4343
235 1187
291 4173
12 1050
90 4043
305 2691
321 2348
276 2606
208 732
26 627
158 1895
6 2260
285 1773
43 1684
52 1640
214 3753
330 4170
154 543
110 3330
93 3671
317 2133
