329 329
61 2046
22 3879
38 1724
132 2546
70 2706
123 519
151 1036
100 3531
92 3664
138 4969
105 444
136 979
127 3425
42 3286
84 4660
16 3916
73 4452
108 4661
4 129
141 308
137 918
112 60
98 3695
88 522
73 508
15 2363
155 1111
55 761
111 4611
102 2893
51 3203
110 3727
64 2589
27 1128
112 2563
38 3980
91 4474
36 3279
88 2422
153 169
144 3965
38 4402
5 4474
94 2982
104 1688
142 4202
161 4103
58 4499
161 2371
127 2800
79 2648
64 2674
130 279
137 4018
73 2010
87 148
26 1736
150 343
66 177
135 3919
148 1734
153 2068
88 509
79 1509
110 3808
51 2886
97 3209
22 3558
161 4567
53 2367
140 3876
38 2378
113 993
37 4500
40 4643
145 4279
53 1355
61 3695
61 499
68 4220
70 4480
40 3109
46 2140
44 4765
43 3658
5 1892
44 2421
53 4924
14 3153
78 1745
53 2089
59 4452
35 170
10 608
6 724
42 505
111 1723
118 4441
55 1929
104 3640
144 1892
28 3230
11 2186
102 3123
64 1910
10 4752
23 935
26 2197
24 3920
66 3102
119 999
126 1206
50 2730
117 2631
125 4878
51 954
112 4007
6 2248
7 4942
157 4296
78 2816
31 2907
46 4885
10 2889
80 589
53 2168
38 1029
40 3308
17 4616
32 3133
49 1602
52 1147
140 414
95 4730
145 3920
21 2270
62 4534
113 1953
123 1866
109 222
101 4309
64 729
69 1262
63 1696
33 3749
89 2991
66 2774
45 2007
37 4505
114 1120
6 3667
113 4686
48 2565
108 3454
49 1639
53 391
119 602
86 2582
132 4810
135 1305
28 1472
2 3994
8 3840
135 4614
9 665
136 3836
116 33
90 3445
22 3967
93 4079
110 4317
51 556
26 4593
148 4987
6 4270
97 4796
69 4898
58 3458
42 1653
99 1229
65 2296
136 2781
127 149
23 2462
6 2377
3 811
79 1289
75 768
109 4779
126 3887
37 2222
102 1117
146 4823
22 1690
120 3029
122 3604
15 1435
52 1815
60 1141
17 1832
76 4129
114 3704
114 3434
65 2234
133 4190
110 2716
90 2390
93 3984
74 2506
101 3325
62 3086
164 286
131 3604
115 2501
135 1412
157 4275
134 4747
45 4037
146 3852
129 137
53 259
70 2102
45 3473
83 842
43 4350
124 1183
130 4020
112 82
145 2494
54 3504
39 2271
71 4396
49 1693
13 4114
129 410
86 424
132 3999
66 2060
73 802
91 4818
138 4848
123 3150
87 1338
97 3619
26 1444
49 1377
29 357
109 721
128 4450
147 4618
19 2800
153 3172
21 945
59 4362
83 4030
95 49
36 4261
140 211
120 1661
154 2751
58 4391
70 4323
90 4426
126 229
67 3311
162 467
75 1539
37 1908
135 4614
64 4071
93 3929
162 2123
20 352
138 1689
90 1861
32 1795
149 4483
105 3602
135 3876
53 1368
54 969
89 4071
10 499
101 1852
70 1207
161 3433
97 2300
57 4491
77 3905
88 577
64 3410
126 1655
110 4776
80 1863
3 127
39 1651
52 3033
87 3318
152 1065
97 3343
40 4068
135 4841
128 1300
163 3696
155 128
37 129
2 740
69 1836
151 1482
19 2535
148 816
90 960
132 2112
15 3215
128 131
83 1089
80 3281
64 24
121 837
80 3602
23 3258
87 2751
69 3055
85 1751
132 3893
82 3058
7 3402
78 866
104 408
