568 568
94 4082
83 3667
122 433
30 2919
252 2675
16 3889
242 2753
202 1014
75 2953
154 2584
252 986
24 2124
109 2010
240 4352
83 3493
14 4091
178 4296
163 1212
202 3357
48 4425
221 811
201 450
266 1147
144 1554
68 2689
73 4745
235 3463
56 1694
95 1605
134 222
53 1709
62 1868
59 3383
247 3911
283 1395
46 4216
73 4787
114 1754
23 2532
272 1281
213 3613
143 2474
156 2624
228 2753
92 151
38 1493
93 2464
90 2987
1 1877
5 3144
122 1142
218 4539
80 2706
281 1539
172 3088
2 83
53 769
9 2850
5 153
278 1209
264 2778
98 878
205 2886
181 1933
152 663
40 588
202 3480
117 3429
180 2563
227 3034
86 993
134 4474
278 4038
17 4565
60 3090
281 2478
215 4181
150 1860
49 465
59 2386
58 2224
5 981
141 147
159 4366
9 1495
238 2698
239 3989
270 4354
272 1817
106 484
33 604
3 1223
21 2049
60 789
6 2149
265 2349
272 3851
197 2493
100 2680
78 4158
130 1384
66 861
91 3604
129 1000
173 3407
152 355
26 3181
280 160
131 4239
20 3250
182 1726
213 247
247 98
39 3296
94 2987
88 4609
47 1541
269 4052
52 3601
63 180
104 3841
240 3470
251 1793
278 4124
80 743
258 2909
253 7
121 3123
263 3951
81 4634
206 304
65 1425
44 757
200 571
96 3548
65 2600
3 3303
131 3990
4 2039
251 2864
158 3952
49 2610
247 1709
95 3317
178 1981
252 4105
154 4365
4 2862
30 382
246 4908
94 7
221 878
66 764
64 593
163 298
170 63
115 3483
208 3058
53 3088
237 1287
259 3258
233 3005
279 199
50 1151
26 266
152 189
228 3820
59 80
245 897
174 4616
117 4588
42 1431
227 2189
199 4318
164 3200
39 3359
191 4334
204 4105
34 1456
164 2421
15 755
147 1121
232 790
100 1383
128 3394
125 1621
64 851
148 4939
239 978
235 3129
152 1253
132 2203
75 1250
184 3047
224 2585
212 2684
19 4557
179 3600
159 3861
110 378
32 2891
247 2482
258 3415
253 619
238 4284
232 1460
8 1961
9 4878
251 3890
87 2447
217 734
4 1031
276 3647
203 532
21 4502
114 1720
12 1185
183 452
250 587
244 1014
37 4068
22 406
217 134
165 388
264 4572
148 3087
218 684
48 3957
130 683
65 3265
56 1500
180 3333
192 2146
94 2483
27 2764
81 506
20 2539
137 4409
62 4300
114 679
190 2275
55 1904
159 2015
220 4446
52 2197
53 253
210 2623
30 1886
121 2730
187 7
140 1468
279 4808
30 4134
145 3395
2 3148
165 4507
262 4343
7 4388
21 3345
264 2760
242 2660
36 4970
266 4456
45 2971
268 4128
111 1507
183 1727
11 398
171 383
96 1138
133 4690
6 3729
161 4774
169 642
4 1390
147 4113
152 2058
84 3495
280 3398
282 3202
228 1736
112 2167
87 124
57 2513
65 1412
157 2514
132 1983
225 4262
139 4900
88 4356
173 4148
239 1995
122 492
158 1166
23 1988
122 1963
112 3911
237 2590
187 4884
255 4531
181 458
171 1869
38 1812
269 3832
15 1954
259 4274
233 1199
178 3445
273 1781
257 3889
233 2655
127 1623
102 2034
30 2705
76 1991
88 2903
215 4681
139 706
144 1220
112 3234
273 3705
146 2808
134 4351
276 918
48 4020
37 1621
28 2174
72 2943
101 1745
208 4292
192 4389
168 3175
23 1847
191 4300
200 3343
191 1827
256 4905
141 3999
280 2127
44 293
250 1872
159 4902
21 3884
222 4545
142 2014
145 3979
14 3507
278 3928
277 2046
135 3707
194 987
53 4425
21 4380
49 854
181 352
100 2326
268 4573
256 3700
166 1940
96 1837
254 1183
245 4339
205 2812
204 3111
213 2572
262 1650
258 1412
53 307
222 1712
91 1371
224 3171
254 4577
128 2655
179 2907
26 3580
124 1217
162 4490
217 739
46 1807
174 1711
126 3694
122 3052
240 4663
263 4302
60 1129
69 192
196 2060
69 2465
10 1303
73 3326
142 2571
91 2751
43 3801
149 4074
87 3616
148 1773
100 3694
92 3147
181 3992
98 709
106 2366
145 550
145 4054
12 1610
136 3297
142 856
220 3140
141 4381
116 1527
256 3819
104 27
43 4741
26 4244
146 1620
143 2425
217 1748
143 3498
257 3366
193 1644
31 2450
249 1860
281 2704
30 4858
47 2861
236 1524
87 1943
261 1008
64 902
278 1435
17 262
194 3145
240 1455
11 736
207 1819
256 4893
82 1667
243 3354
125 422
139 3589
232 3000
103 789
136 3290
61 2587
91 4803
157 870
33 843
137 2488
193 4632
181 172
50 3549
75 3885
213 2414
142 3082
216 1654
130 2166
263 4169
164 4987
277 156
238 652
182 542
124 765
88 3533
146 2636
137 2493
45 209
262 3739
255 2531
263 4342
275 1028
44 3663
98 2828
129 3424
282 2339
116 1520
209 4564
13 551
200 9
200 2743
44 4644
49 2816
101 3498
117 1606
281 3984
120 4586
150 2511
141 469
10 1884
107 2963
248 86
184 3273
33 2191
185 4541
57 4921
101 2733
261 4479
78 2724
71 2967
150 1122
210 1747
192 2534
101 4842
98 2377
171 2348
242 4121
261 1283
221 855
124 3958
254 2450
181 3931
25 861
226 1661
220 4396
133 3099
99 4661
31 2342
31 2691
52 1436
116 3636
191 1478
215 3334
52 940
89 4717
140 2843
83 3911
120 4146
127 4771
62 1591
184 2364
160 2854
250 1890
100 3013
175 2493
212 4950
24 1703
193 2594
61 609
282 1446
191 2263
103 2159
113 4794
19 1517
258 1061
268 2722
252 4118
196 4999
279 3843
275 1097
74 373
80 798
39 1600
251 3392
113 3781
273 1008
107 566
41 4012
50 2709
263 340
128 1105
205 1176
260 1557
261 4399
255 3807
119 2664
74 3823
122 2385
65 2406
42 3939
70 2756
