718 718
329 857
352 1542
39 80
148 1002
346 1002
299 2090
183 862
76 2816
25 1079
234 4346
350 4172
233 4007
185 4322
113 4475
220 980
17 4930
337 2593
231 488
50 2570
232 3808
324 780
304 4623
230 4650
200 2946
76 2084
63 680
28 58
262 3220
82 479
181 3877
109 4844
108 2846
266 4278
184 661
69 1489
38 831
4 938
317 2846
6 2386
290 2771
180 701
220 4216
278 861
319 1933
80 4771
2 1220
107 2747
169 4454
247 4449
238 3029
210 4072
85 918
138 516
270 4736
271 3984
174 4747
296 4528
99 4218
115 3492
189 2998
129 1084
209 3177
21 1105
92 4736
156 2891
121 4219
66 4040
14 4793
60 1673
22 2399
117 3055
245 3351
205 1354
124 4623
325 2694
22 1689
157 1435
339 1210
333 4040
327 4991
45 4039
177 433
281 1364
303 626
48 3206
82 4309
221 2770
10 1200
5 414
144 1384
199 1496
272 3703
223 4515
165 2428
88 1713
23 1253
104 2596
208 1065
255 3792
246 551
316 1619
172 1188
16 1151
33 618
18 505
350 784
224 870
165 2926
193 4987
169 3187
269 3764
265 1154
253 4574
318 2133
108 2177
122 1701
300 209
90 4578
54 1010
230 3313
272 3242
252 3167
338 1624
168 4680
175 2110
335 2832
355 2775
249 627
51 1345
126 3507
347 3730
222 2342
310 2519
293 174
306 3089
146 3730
304 2810
165 1681
328 4356
270 3247
107 556
122 3264
210 4645
121 1222
19 1056
236 605
142 4747
119 2657
169 3542
57 1189
107 4372
3 1941
18 325
102 1222
308 4619
263 703
128 4486
286 1541
29 3841
35 1172
33 4902
280 3050
87 1122
70 3484
214 1779
205 3775
310 1152
305 167
52 3935
4 2378
242 2968
257 532
320 1305
278 63
270 4280
169 1981
289 1430
127 1709
48 1223
167 2811
61 2367
210 4969
29 3041
161 3687
194 3623
193 4315
73 152
259 1980
199 1745
94 1191
47 3845
181 4288
144 19
252 256
165 197
227 2614
339 3358
337 2558
285 4066
9 419
97 3046
82 2160
62 188
99 1860
354 3149
177 4308
237 1057
348 1569
351 2989
237 1702
153 2917
297 2130
218 1112
210 1493
115 1428
333 2532
99 2172
70 2416
254 849
21 2973
22 4254
291 1269
233 3833
257 3123
109 3403
265 986
16 45
245 1362
249 3715
188 922
233 827
117 1830
33 2329
231 306
351 813
159 2158
315 574
3 4580
316 1045
177 42
136 1477
1 2703
228 3618
30 4624
111 995
136 303
259 975
283 2710
220 1728
7 3985
107 3956
218 4408
116 295
37 1966
274 3338
211 1188
308 2067
130 4451
314 265
3 2402
217 770
209 3912
252 554
41 4449
70 2236
282 3636
29 4257
55 3355
163 2366
289 4607
332 2443
191 2580
185 2892
308 4108
352 4370
85 760
43 986
319 731
69 4039
145 218
197 462
221 3677
283 1735
125 917
11 3513
257 1705
119 4370
24 2749
181 237
294 4458
333 384
315 4751
63 2845
131 95
33 2135
101 835
261 4553
299 1914
294 4730
90 1028
239 985
86 2620
54 1065
162 752
337 4139
163 2077
318 1420
84 4080
252 2980
50 395
324 4347
256 610
298 3461
191 1094
70 3815
155 512
41 1384
131 1689
321 43
235 4283
352 4888
27 1796
32 3056
316 4239
30 2571
97 4308
12 4351
137 3572
55 3102
197 4142
8 4930
164 3263
351 3796
265 2862
257 2988
193 1105
328 2215
18 1969
154 3802
22 2665
236 209
356 2848
351 1132
238 4763
350 2637
171 413
239 4968
353 1534
135 3805
309 860
244 3538
36 3629
113 903
242 3735
264 3677
201 1285
110 2258
343 3667
35 2144
136 2039
186 1421
355 490
27 3907
289 2931
246 868
179 2551
103 3076
356 203
68 1564
232 875
128 273
283 4511
332 494
261 4264
240 3340
258 2149
76 2089
22 3842
157 1062
245 905
226 2688
234 640
257 3746
293 2700
323 3417
159 2163
270 643
195 4398
175 3028
90 3470
64 884
218 4231
114 2974
111 2039
103 3343
148 511
270 4363
236 2886
309 3483
51 105
354 162
128 4750
79 1195
224 3252
206 1798
107 2179
179 2977
178 4482
162 2119
184 1699
290 387
258 1878
141 4807
115 4170
273 3308
76 5
66 4604
71 379
311 2287
299 3000
80 3946
145 3869
282 4752
137 2314
32 2392
166 3049
296 3762
133 2537
202 4381
256 775
31 3473
203 4025
128 170
64 630
339 3403
52 2467
154 3786
182 1481
182 3022
200 2299
263 1878
251 3005
330 1560
38 1823
115 319
69 1669
22 785
308 2559
143 4257
327 2751
193 2359
76 1926
38 922
316 4188
167 4175
155 1413
81 3982
156 2235
73 2716
324 631
10 1890
175 370
344 2628
49 3151
124 630
91 3190
285 769
56 2985
243 1810
141 4502
304 2799
286 468
239 874
331 1693
43 2993
90 2071
104 3246
188 4014
313 3372
82 4747
314 981
180 3921
207 2277
57 1134
142 4970
329 4328
142 1346
206 4780
101 3915
247 1226
195 3972
294 3544
267 4433
198 224
34 2641
279 964
157 1503
72 3479
87 4101
355 4871
91 3505
307 4522
165 2744
344 3170
75 182
272 2789
11 1135
113 893
270 2190
44 2853
158 4315
7 2677
22 1982
223 1464
13 683
76 4176
321 3700
40 4497
142 3575
281 4932
46 1218
117 3632
320 2340
288 4369
79 2119
17 4441
350 946
282 1276
315 409
325 1165
111 3099
59 3808
76 1622
62 3065
110 989
12 4117
208 1291
278 1422
218 2830
50 2170
58 2120
337 2838
49 2020
4 133
340 3820
142 2034
53 1171
121 2434
81 3462
304 1302
68 4245
26 4741
233 1333
179 370
49 4504
322 4796
249 4707
293 395
160 308
297 4446
154 2147
16 3668
152 3710
18 2685
47 4158
41 3543
337 3026
37 1587
38 612
1 4902
261 1232
311 2998
115 2000
324 270
40 3977
244 2590
291 3216
324 4033
266 2946
269 1125
203 4182
229 4216
339 2322
6 1673
308 4195
216 4712
59 2005
145 2503
352 3281
181 4399
138 4613
100 2667
61 3797
110 918
176 4129
74 2353
210 139
279 3520
191 4515
258 2728
314 3555
247 1467
114 3204
194 3801
271 2346
255 3119
27 3208
269 2729
189 2910
355 252
133 4251
73 2551
34 2113
315 2185
90 4859
145 4808
333 3321
293 3024
358 589
326 4633
243 2586
280 2541
172 4332
18 891
36 2396
285 4494
230 1600
176 1195
346 4391
182 3047
186 4845
320 915
293 2394
37 3384
115 1941
81 272
7 536
78 3253
238 590
298 2102
124 4907
176 3300
96 196
152 813
94 2545
344 4818
205 4549
97 4762
294 1130
30 3267
252 595
297 3847
238 4260
249 929
309 4752
221 869
254 2587
200 4773
247 2
334 264
268 3393
321 981
293 1259
134 3696
338 2955
12 1983
270 2253
5 1098
336 3484
312 3666
190 1208
178 4255
130 518
14 4101
19 1837
70 2819
34 1080
270 856
85 3804
300 1637
297 305
298 1674
75 3333
201 4912
306 4201
268 1566
257 392
273 1849
332 37
44 1847
199 3932
41 4064
168 1346
73 1850
164 1307
76 626
312 1763
160 122
339 1904
129 2757
78 1199
89 3827
268 4310
12 1197
139 3290
295 3797
235 4399
282 830
267 2877
145 1279
65 1445
357 288
74 3325
157 3284
23 1647
185 2494
294 281
307 2969
