219 219
96 3952
41 1979
74 26
1 4877
54 730
7 2973
69 1690
88 3876
41 747
14 1770
83 991
43 2427
82 180
32 3696
77 1178
35 4427
92 1894
67 2763
52 4338
95 4259
82 2432
67 4800
98 1026
88 2178
77 2327
83 2377
54 2213
55 2296
43 3773
13 468
62 3538
101 389
35 2028
8 600
69 683
101 2050
6 1839
97 1131
79 1692
9 459
31 3474
69 3741
103 605
24 4122
4 1276
42 3847
3 1788
69 715
26 525
75 2661
88 812
12 2875
54 3327
81 451
36 1080
24 3365
93 2118
16 1127
42 2518
18 2340
18 1839
5 2217
85 4629
105 2361
69 4641
95 3335
32 919
43 2775
92 3861
30 2158
19 995
100 4631
22 1096
68 4755
24 1596
18 1647
54 1343
65 160
82 1230
53 3139
32 3800
45 1138
92 4979
77 3661
27 4370
1 3541
99 1522
19 37
50 2329
75 423
39 3074
14 3109
37 3519
25 3762
106 1990
49 4207
80 998
50 4813
44 787
21 4107
22 1680
79 3304
74 679
3 4564
78 4546
28 1790
4 3460
32 1708
103 3772
83 3703
52 3516
28 1895
22 4223
26 1838
67 713
81 2508
81 794
32 856
71 3843
50 3731
79 239
7 960
39 4294
30 253
56 3725
35 4707
6 3144
109 2614
12 2241
18 4172
41 4084
26 1737
11 1819
8 2615
70 3871
59 2365
63 2777
37 799
83 4317
26 2868
61 1901
19 1476
90 1234
31 2730
25 1577
20 369
2 562
100 4981
81 873
16 64
29 934
29 1996
44 3660
59 4896
87 4042
17 2261
27 2420
41 144
32 2147
18 3189
55 4598
99 2670
23 4700
17 3587
94 2473
84 640
29 386
69 863
4 4819
23 2904
94 2146
16 2814
34 3291
50 3348
15 1480
33 1800
99 4420
63 338
32 3752
66 3801
54 4745
75 3859
9 3024
83 4717
45 2626
100 168
100 4526
43 2405
60 4490
21 1539
38 4046
64 3696
100 3781
84 4287
87 4509
95 1828
70 633
99 4564
92 1870
52 3106
12 2637
16 1236
78 3023
42 4368
20 3007
79 675
87 2463
51 3187
48 962
63 4833
89 3094
52 74
23 4514
93 3360
104 1424
33 2359
36 225
12 509
76 3586
