467 467
49 1729
198 1609
35 699
81 2887
83 2245
26 791
85 1073
69 1478
36 3168
135 2978
128 3604
104 2110
139 1895
87 4644
162 4415
229 3105
138 4035
196 4936
173 2378
115 2009
12 3653
198 4119
34 4161
101 3267
47 2935
3 1382
116 4403
8 3890
149 602
115 2523
228 4285
196 1410
167 931
86 2911
177 4381
207 73
81 2881
88 2227
86 1282
182 564
130 799
127 1256
88 1857
29 2165
148 3294
151 1600
11 4551
75 4047
15 1670
99 1135
192 3156
159 2139
80 4593
221 517
97 3571
232 3308
8 4917
70 2263
175 248
224 905
192 1658
223 694
164 3710
60 3692
93 1367
2 400
64 2647
93 4549
144 3240
71 3805
81 2665
83 909
44 252
121 4098
122 626
73 4356
122 1418
39 4276
152 332
66 3714
23 399
95 253
168 228
88 345
187 572
204 2406
140 124
181 2711
73 3597
200 4939
43 4591
192 4388
154 1744
185 2570
59 4506
30 4277
227 2494
29 4216
124 1286
218 4444
50 4400
152 3554
27 3461
67 4941
77 3192
68 1820
145 3527
59 1149
165 1939
21 802
175 1858
138 2706
97 4343
193 3421
126 511
224 968
60 551
219 13
4 1542
216 2302
109 2801
135 4295
91 2878
163 2639
109 1770
146 3665
26 791
91 4478
76 1135
19 4581
37 3082
53 164
128 2471
147 2173
149 977
187 202
6 116
7 524
27 3938
9 746
33 3358
142 2116
82 681
206 1220
165 3124
35 1117
167 2246
81 3542
9 1497
100 4436
192 4508
138 654
201 4369
7 3063
176 548
207 2721
135 4322
107 2858
101 2063
14 226
45 1934
228 4465
71 409
144 1265
25 3280
211 620
206 669
104 3572
208 2098
92 2913
21 3270
149 3004
9 183
102 3265
54 3121
189 3
134 1431
2 4928
50 2135
45 1746
232 3339
36 4455
80 4238
106 810
183 781
222 4519
87 2170
7 2703
97 2046
230 4749
39 3484
133 815
117 2208
61 1689
71 178
112 2358
192 111
121 4148
77 4619
224 892
11 2207
23 3759
43 765
189 820
230 3531
79 3968
229 2660
103 1582
102 3727
27 4443
25 4103
6 4500
29 2095
20 1182
58 589
232 2470
48 1278
16 3318
119 1704
176 1723
146 329
136 3733
68 605
228 3086
13 1894
115 1596
52 719
157 1829
123 3258
163 603
114 1360
187 600
195 431
197 1148
70 4290
135 4799
12 1369
104 2346
172 1090
186 326
45 1940
127 4549
11 2973
35 3050
13 2476
89 4552
166 91
158 1010
133 3783
21 522
67 3438
190 1003
76 3704
213 4699
153 4384
75 248
85 593
37 1613
197 2430
180 847
141 2990
22 988
138 4191
23 1042
97 4238
208 1925
98 997
195 4699
181 2525
76 1851
105 4866
42 4955
41 171
61 1771
213 3547
64 3786
35 931
125 2862
166 3118
75 1208
159 1430
9 1574
3 4142
208 3701
107 2313
165 4080
145 4080
200 1165
88 4171
150 1048
87 3069
25 4579
44 286
158 2513
148 3612
25 4417
16 2841
140 1378
101 2694
219 372
51 1205
161 3250
146 1507
26 497
204 1788
26 4041
227 2634
205 3012
166 1850
82 2249
71 452
124 2668
92 1038
40 2756
162 4123
179 3163
76 2227
90 781
3 4177
192 4624
34 732
74 1996
42 1334
75 3493
230 2672
182 2334
225 439
212 4529
131 458
19 4832
22 3597
73 3080
64 1391
191 974
110 3059
218 3469
109 4616
133 4518
50 3097
36 2539
72 2962
46 4828
141 2721
99 169
219 1577
29 3942
24 3234
188 437
162 1705
61 3240
135 1336
119 705
39 3256
173 4977
149 775
216 4299
95 3742
15 1783
213 1365
136 4905
124 3148
10 4853
15 4664
17 270
126 4987
223 3983
216 280
154 1988
1 2218
149 734
226 1615
134 4326
44 1758
7 2037
158 4898
195 3991
47 3044
223 2997
169 1947
137 116
5 3927
141 3924
210 1182
71 2186
48 1979
6 2382
32 4
97 3508
77 2167
105 636
26 3193
51 4289
214 4719
197 4192
226 1799
198 4794
45 1968
2 1023
153 1190
151 3250
59 1423
225 2625
69 4758
32 2978
138 4544
145 3642
28 2442
96 4215
63 1782
54 2460
131 1382
195 3727
115 302
30 3364
43 1907
119 2052
62 2156
131 1299
137 3868
199 432
21 4792
45 4050
101 2058
216 2597
122 445
6 3238
154 1650
227 2614
119 2252
37 4450
24 3951
52 20
138 2028
77 117
143 3318
3 4839
186 110
230 2217
188 3312
188 1728
84 4100
168 1684
70 4947
78 2358
75 3902
82 1455
183 3115
112 2219
205 2765
20 1755
147 1875
19 3889
222 1853
72 1146
56 4684
227 533
75 3358
179 3109
94 2715
52 2971
4 4179
4 1852
18 3673
109 3864
151 4248
104 1100
17 673
