769 769
76 1412
68 2538
149 360
342 2421
228 3522
213 2074
162 1412
103 197
297 4107
143 1364
341 2590
96 145
273 9
359 4187
276 4428
320 672
92 4567
243 2805
322 2423
285 1201
269 2634
71 3302
329 1789
227 851
86 2403
323 3831
63 165
127 2333
152 911
156 3651
362 3298
48 118
39 3633
54 2007
176 1917
150 4719
336 2823
297 7
153 1783
1 390
330 2278
103 3174
268 4647
44 1883
175 364
135 4068
167 1113
160 1535
158 1599
210 521
2 3978
7 3815
57 2617
224 2863
254 1858
286 1737
100 2907
357 3626
47 569
347 509
347 4671
292 2139
316 4829
246 2923
22 1860
36 4748
296 3416
58 3350
197 2289
219 2691
107 972
73 4047
313 2083
165 187
368 2188
51 4124
106 4092
258 3408
221 3371
302 4149
339 3672
203 2713
41 3930
200 4284
188 237
189 2526
2 2390
261 3097
241 2392
360 3972
275 223
361 4253
296 2004
377 4918
5 4221
164 2327
369 4693
163 1228
80 616
39 2789
202 2429
366 3577
87 4734
297 4335
191 3326
77 1642
39 1616
180 504
157 4291
345 4380
199 4163
72 1025
20 3093
191 4826
55 135
62 79
227 952
233 3144
347 4958
243 4838
339 2488
111 347
77 647
170 2810
102 683
342 4226
349 4160
351 2122
17 334
329 556
145 312
361 876
276 1068
227 4385
29 1009
79 1434
25 4939
146 3067
291 916
62 2620
251 2614
383 1647
265 2661
95 3822
161 1780
86 345
59 967
247 2557
372 2587
278 1722
280 1153
287 2323
310 2549
247 3404
210 575
45 3155
161 439
236 2561
339 1827
147 79
80 1981
106 2206
217 4364
128 3860
41 2818
21 2836
23 3987
59 3191
196 4163
332 3874
364 514
202 2618
263 283
253 2653
238 4457
134 2254
160 3573
318 4188
28 1590
322 665
56 1834
199 2747
47 4075
229 4396
60 4003
320 737
132 901
295 549
176 4163
257 3738
171 3675
182 3160
42 2441
336 2960
96 1294
348 144
136 1051
121 1692
154 2371
79 3344
55 2553
297 4442
87 121
104 1718
304 2347
17 4628
138 4369
165 2859
367 1366
223 2721
338 3470
275 3298
355 2261
115 4162
14 1033
322 4881
334 4220
137 4145
362 2064
80 2122
225 509
353 2377
82 4948
96 1079
12 2850
38 4708
124 3095
72 4654
334 628
65 2888
357 1268
281 1685
340 444
327 2654
198 3702
81 911
287 545
271 1505
202 599
170 4627
129 4778
17 1998
116 3653
219 3708
111 2136
256 2165
51 3876
63 111
323 2769
351 1730
323 1910
246 175
186 2594
132 151
230 1627
319 4029
299 4748
104 3123
379 3828
335 1874
368 3837
271 869
244 1428
147 3478
174 1920
181 541
312 3594
4 1754
326 827
205 726
8 3410
34 3393
175 2305
125 3861
153 1933
321 3220
148 1911
268 4499
305 4016
366 4604
291 3293
338 1031
117 4910
108 2997
298 4282
256 725
363 3878
129 3833
121 1423
35 2955
329 4753
261 795
348 1726
368 1068
102 4043
33 2911
200 1432
189 3241
351 550
163 3712
106 3994
109 3758
315 3077
42 762
195 872
295 4094
238 2668
94 1486
277 1009
355 2
161 4614
279 187
9 216
284 3890
185 1627
351 1454
57 1358
348 3055
37 4188
35 4625
18 213
78 3264
146 4546
244 4192
239 312
3 1598
361 3419
338 4915
227 155
91 1688
197 4987
377 90
101 4688
264 3708
369 4831
125 3118
79 4266
254 401
164 2784
379 2005
296 2481
3 4313
373 730
67 3826
349 3778
31 3228
117 2063
128 1996
311 185
82 757
160 3894
320 4747
370 4059
65 18
54 1098
318 506
138 3266
3 4173
87 3348
309 1932
362 464
61 2272
197 4189
36 1183
219 4917
333 1306
361 389
122 3339
190 2974
102 257
377 3382
187 2263
339 1461
139 4951
319 2979
9 2344
309 678
183 2360
106 806
265 4864
241 4941
28 4506
301 3445
159 226
373 3536
34 2191
19 3041
194 2859
182 1870
138 333
233 4324
200 1286
300 154
100 1568
251 2489
109 610
371 997
218 2337
65 385
41 1300
167 69
269 692
130 3997
355 2290
294 730
213 131
195 1750
117 4738
166 2734
28 1946
111 699
369 3357
310 3648
226 2438
200 3956
57 1897
258 2022
2 1932
86 2401
131 2717
108 1594
298 2267
52 4164
269 4667
133 1089
376 1485
305 3047
18 1747
193 2106
337 1922
43 3488
35 2140
362 2623
312 4715
79 3085
174 1438
140 4810
222 3352
256 4383
264 4439
220 4500
99 2388
137 4110
15 3775
322 3014
251 1441
37 2547
327 564
51 4180
335 3674
159 1300
87 1303
317 2298
101 2057
10 886
116 1290
169 4923
132 4131
198 750
25 4255
248 2704
119 3587
359 1678
270 566
316 2869
87 100
125 478
57 406
74 568
178 2830
181 3706
346 4280
173 2448
307 180
54 809
311 4005
100 3416
310 3560
204 1137
50 1230
237 106
245 2773
104 3895
15 4310
343 79
303 300
177 526
167 869
235 3317
113 1299
266 622
296 4768
119 1793
291 4318
335 826
368 4975
39 3685
34 2709
347 176
308 2381
245 2857
320 3660
266 3520
259 2120
50 2593
324 2124
194 4650
328 842
182 1478
201 1578
158 1285
14 1017
151 2639
87 3308
353 3636
265 4555
53 4232
34 2010
184 576
216 3582
194 2792
157 896
9 4610
1 3126
235 3102
222 4757
165 380
137 4635
152 1331
2 3318
185 1045
367 2041
205 750
265 2653
17 1747
263 4695
239 3305
180 3491
117 4376
38 1691
236 469
258 657
95 1208
241 4558
230 1418
184 676
230 1460
111 211
106 1622
368 503
344 3179
262 2533
32 4722
87 2563
139 2263
291 1556
190 515
366 1674
123 3599
314 3540
146 2239
222 4300
130 3840
346 4238
375 2305
325 2156
149 287
277 3925
247 3118
355 3142
288 1862
269 3399
329 3034
282 3746
47 4290
376 142
367 4961
73 2803
345 4732
190 2526
126 3324
185 4302
143 2515
210 193
34 121
165 3614
195 749
84 3062
207 849
265 2930
96 4735
141 1997
269 3515
107 3802
281 1482
339 1402
267 4168
355 2559
351 1064
238 3991
252 2120
347 63
216 234
13 1524
101 2856
145 486
275 63
140 1481
257 4610
9 1269
131 3887
240 3717
174 1364
130 4027
36 2971
343 2088
332 3468
216 2657
251 3395
34 453
77 2719
298 717
152 3063
86 579
163 611
146 4631
144 1474
242 2813
86 551
8 2380
319 4118
169 4832
333 1406
274 4058
171 841
293 1084
305 4709
20 2526
371 4552
193 4132
277 3707
164 3012
342 3061
361 1900
254 4978
318 4960
54 3124
330 2329
77 2744
306 4592
139 2582
284 3396
102 3058
367 1097
334 4877
288 83
63 2031
246 2540
296 4466
30 2595
224 409
201 3016
258 78
43 2612
168 2453
56 845
118 855
279 1112
328 2077
341 2633
310 3645
237 3910
35 4927
133 2440
365 3568
271 2906
139 3706
288 2749
298 735
109 2005
334 2696
376 2634
18 2861
153 4809
85 247
338 468
373 505
117 242
203 2099
143 4904
323 4675
64 3379
150 2869
283 3655
149 934
270 3538
157 4219
11 3727
351 3259
120 1976
356 1235
128 2647
198 275
173 3135
224 1655
382 3977
302 4497
314 277
293 1213
38 23
147 3930
233 550
200 131
348 1641
320 1293
261 1867
255 3473
59 1628
319 1238
341 3436
47 1523
219 4804
160 976
206 1260
358 452
256 4706
236 3445
146 3159
236 3888
148 4206
351 3007
239 2300
199 1511
108 4984
124 3058
145 3884
282 87
175 4843
212 1138
138 3351
145 2121
59 1791
229 1872
251 4689
111 1425
344 2810
366 609
92 204
40 1474
163 2565
63 4560
95 3327
326 2807
196 857
184 22
109 4623
286 2046
277 4025
380 4107
168 2331
111 4800
59 12
9 315
354 2633
3 4096
190 4733
79 878
379 4856
40 2894
