863 863
403 695
76 3702
412 3136
55 4449
231 3044
303 1648
224 2991
184 4616
336 4474
72 4736
345 2353
336 4181
11 4377
370 63
93 1552
94 1446
80 3315
31 2091
169 1445
368 3128
117 3693
290 4013
225 4160
81 1801
332 2404
429 2460
45 1816
1 1487
137 611
72 4303
134 4954
47 2101
291 451
132 4944
362 3112
2 3945
166 3195
116 1836
320 3191
246 2547
140 4541
88 2074
232 297
149 3257
351 3809
392 1285
86 49
237 4039
337 1514
174 3032
307 3661
156 262
30 4583
249 2512
351 582
383 3239
332 2963
262 4800
148 2673
189 1430
136 1256
114 1566
299 1397
392 3913
129 2688
299 1516
43 4644
217 121
246 2303
364 289
27 1707
124 4238
374 1333
139 4253
23 1852
89 4307
232 492
318 2777
82 1768
85 3744
20 1527
79 1315
249 3140
279 4462
139 255
223 2232
340 2762
385 3199
31 4134
35 1109
129 4388
415 1586
352 1116
5 290
101 1493
31 2424
337 1435
17 1151
48 3997
215 366
177 71
293 3545
137 1997
25 4487
236 548
256 1056
142 2692
388 3242
349 1264
399 1400
146 3384
269 4703
180 3874
282 519
380 3399
370 3773
377 3259
194 4139
97 450
404 607
306 625
269 2851
104 4067
362 2110
382 1768
259 2453
196 3754
3 2548
311 1329
174 1828
167 3750
68 3301
287 1821
355 971
107 2354
180 1924
260 4894
66 3610
44 2888
190 4227
343 1175
99 4281
106 2400
216 4122
130 1782
155 4013
396 3764
47 3239
47 1315
229 234
186 4387
62 2783
39 4148
332 4537
58 144
282 2343
382 3762
384 3966
24 3688
80 3053
203 363
267 4914
128 3148
211 3176
285 1450
219 4843
41 2524
32 947
215 2185
277 4838
262 2087
187 2605
240 3747
190 4803
39 1676
54 4620
157 1014
118 3289
181 3429
163 2750
177 3241
281 1445
388 3264
162 4752
288 1043
40 4099
216 2889
90 3818
331 1083
102 4381
38 2829
260 449
250 3043
180 4534
62 4214
398 1545
230 2337
147 851
77 82
118 1291
235 2916
318 1793
74 4744
363 256
97 3907
108 4867
99 2338
386 63
189 3013
337 1037
229 2393
243 1676
42 951
161 3800
405 1747
137 276
216 3955
233 2202
395 1928
16 1465
57 891
183 3026
83 4937
206 1586
342 1274
48 978
354 3183
4 900
32 1486
5 12
108 1885
397 130
214 4794
129 3080
375 2297
147 3937
361 190
102 577
82 4390
94 504
287 2883
411 11
62 2737
235 2797
86 3464
352 2801
182 2917
257 3917
266 4375
425 410
351 4351
87 1939
166 366
423 2687
86 3558
319 4005
398 2845
322 2932
242 4963
265 1183
186 4387
61 2538
287 3618
300 2215
29 1882
167 3443
380 447
425 654
366 873
234 379
131 2194
327 1034
430 964
295 2359
14 1327
20 1205
200 2802
364 1338
430 1457
20 3546
25 1218
85 904
120 348
235 4683
367 4171
91 3639
330 3676
203 1431
356 2262
135 516
402 4211
83 3639
44 4778
418 163
129 4540
331 3708
9 4342
61 4385
328 1440
30 818
65 969
236 4111
106 2165
364 3152
373 21
363 1591
416 4261
278 2023
378 2587
384 4705
264 390
125 4320
243 560
421 2477
167 3195
252 4161
290 2241
303 994
184 2556
419 1125
259 1347
189 1298
130 2341
228 1753
65 1822
20 3498
208 1819
185 783
418 1675
112 4214
292 4951
377 4579
422 1572
382 4333
69 3579
391 162
228 1799
361 1512
406 152
160 1364
87 3223
312 575
426 344
109 4833
113 3864
83 2899
136 4538
50 4190
389 1947
185 3163
382 4822
239 2186
102 2623
283 2318
15 364
206 845
249 635
106 557
276 3714
56 2695
134 2958
83 3236
148 1710
207 358
398 3280
258 968
426 1846
363 3726
12 3337
109 4705
57 2810
260 778
210 130
188 2275
307 2541
48 3564
65 2155
25 3603
83 3859
71 960
310 4814
206 1512
233 1919
235 4765
282 521
384 2691
5 1795
86 308
14 3978
55 2573
343 4263
352 810
324 4270
247 1793
142 3478
77 4215
95 1990
276 2221
139 2557
99 288
400 4963
337 1151
25 2129
201 2991
11 2340
3 1945
293 1249
334 4986
373 1060
154 4637
306 1324
133 3391
415 4734
74 1719
264 2902
153 4178
122 836
93 4411
65 4950
55 4973
303 162
285 454
402 1986
374 892
379 4668
347 1789
146 247
352 3283
348 1748
172 3158
160 549
296 4820
276 2624
202 4546
29 3373
52 2180
238 841
3 2399
344 1450
350 2285
25 3013
407 1562
123 1961
13 2522
320 3188
182 1597
156 2114
154 2052
280 3783
48 2756
59 3952
282 1412
334 1494
136 3956
339 2580
291 4868
214 3945
294 502
206 3571
80 1600
393 818
332 1449
57 1841
114 1881
345 2981
10 3239
365 3225
240 3268
136 320
110 780
359 1367
24 4155
102 2941
183 4843
424 3946
151 1516
164 184
407 667
161 4599
139 2836
430 2185
83 3164
248 4308
413 2070
338 3233
225 525
272 4754
14 3921
307 143
243 869
158 909
305 2035
180 3184
300 3896
108 2197
321 1999
93 3261
186 575
189 737
402 443
159 3503
386 3758
239 2376
42 596
390 929
154 3879
168 4930
431 834
252 869
402 1452
191 3816
421 1443
214 2651
124 1954
299 4722
270 4077
316 1227
132 110
346 2175
150 2363
226 2833
388 4983
113 1467
247 728
182 3163
188 1752
220 3977
150 2456
58 3676
303 4462
362 3210
378 3281
1 1959
272 1791
191 2636
405 4537
185 3550
117 1007
329 1985
280 117
6 633
70 695
328 3124
60 860
145 2742
253 2643
330 1565
15 3203
355 3177
375 2089
101 2644
255 3603
51 1177
338 3528
20 3820
7 431
218 3343
1 411
28 3869
330 3795
47 4214
39 1129
6 4088
388 1088
180 1498
365 3019
27 1613
156 496
88 63
389 4985
22 2379
390 843
325 2984
224 4310
190 1752
6 3593
340 2394
24 3357
420 1723
50 3100
395 942
429 2549
22 3025
248 508
208 3539
35 1277
315 278
237 2607
248 3748
151 285
204 4826
119 2608
396 346
54 1242
302 3120
167 233
176 2630
396 116
5 1554
59 810
246 494
61 2229
311 3442
180 2200
360 3503
158 3790
311 587
41 2157
256 929
258 4110
185 2819
111 3104
42 273
289 1765
276 167
160 4403
176 790
108 2968
48 4097
302 1606
80 4265
350 797
4 3940
352 2499
78 693
339 1376
301 1107
336 4681
374 2668
212 428
8 2957
220 1059
307 4754
220 3574
86 917
8 1617
322 3929
65 1100
174 3974
149 2115
421 3900
197 2842
199 551
405 2806
400 1149
250 4406
237 2934
307 3833
235 3172
387 2718
308 2468
330 262
303 638
146 1756
283 1554
286 1014
79 257
42 2396
355 4446
89 780
344 4845
176 2155
29 1158
75 1349
243 49
378 3990
418 3592
395 4948
48 1832
267 3588
325 1137
101 241
190 3451
132 1832
304 2597
205 2609
158 4584
376 1245
428 3504
75 3599
2 4926
22 2045
248 3149
275 389
312 686
349 3373
293 1414
139 3866
251 789
246 1156
389 1476
427 1614
71 2232
197 1528
189 3970
345 3602
95 1120
251 3767
70 3244
156 333
273 1879
175 4065
184 1218
343 931
154 3187
20 1406
242 4851
356 428
228 3211
279 2806
406 2818
177 1454
407 2603
89 3936
187 1670
172 23
255 2545
372 4185
25 1138
157 4691
149 1041
129 3013
153 3531
427 3836
58 1600
197 4631
189 4503
337 1179
236 840
124 3447
10 3039
379 1920
86 1182
136 2465
5 4862
422 1283
263 4936
257 4804
402 2523
137 1607
345 3330
133 3876
78 2550
62 92
162 2846
264 4761
71 356
39 1785
258 4187
370 857
262 4320
377 1418
370 92
155 2621
405 2973
119 3296
29 109
274 2893
137 2345
156 4570
283 1977
147 2451
104 1208
193 1509
127 2023
192 3962
116 4137
209 1457
294 2902
390 3336
315 4732
213 204
339 2518
77 2749
352 2676
121 2322
157 4156
155 4272
54 2124
61 4205
175 4798
134 1366
367 3685
302 855
164 1466
45 3635
291 4664
94 1698
249 322
89 4755
248 2279
212 4604
20 282
17 665
115 1776
188 3198
111 3719
417 4228
162 3941
195 3122
373 2731
243 3774
8 2663
298 3856
295 2585
350 253
23 60
312 3745
318 3113
83 4682
158 4038
209 4230
95 274
428 538
381 4798
281 732
386 1962
139 3091
14 1337
95 1777
97 2833
164 4240
425 1579
344 2800
236 4216
8 3895
264 169
46 3589
79 1142
5 2580
20 1226
260 3
169 3637
177 937
212 4364
211 1733
349 2880
291 1768
225 56
307 4877
319 799
91 1718
218 1397
58 1457
139 405
333 1441
341 3010
249 153
402 2020
335 784
297 773
137 1614
267 2954
156 964
393 2161
243 4258
383 356
294 4904
361 3391
337 666
76 2057
398 1916
168 3594
