892 892
90 4051
118 4732
184 3713
130 4161
410 3358
356 476
199 3950
272 3138
422 798
259 975
385 416
399 3570
374 1741
338 1426
50 1763
391 110
364 370
258 2875
131 206
274 1086
19 3667
211 1522
350 4510
307 1360
231 3102
180 4335
442 2713
347 4558
78 41
429 256
100 1650
61 1809
425 4026
19 952
257 1395
48 3914
107 3536
22 4131
5 3043
118 1805
58 1843
347 2494
369 3799
384 1366
171 4511
156 215
431 4097
56 2521
398 193
91 776
119 1605
420 4050
370 2883
242 1609
371 4636
207 2520
259 3065
102 483
425 2504
183 4539
260 2607
229 1806
185 4715
167 1318
217 3021
136 2688
128 23
430 2152
233 1455
423 2459
312 2758
409 506
156 4237
384 3551
15 3027
346 4540
93 2071
206 4835
340 1449
124 4766
215 4470
199 737
8 1820
351 4981
114 814
250 740
418 1521
227 4645
414 4526
103 1594
413 2404
442 3208
136 582
93 3837
197 1157
188 904
279 3335
178 3310
304 3822
133 4441
114 4714
382 1104
105 1909
48 1907
54 1212
350 2263
312 4501
20 1797
413 4925
155 1516
432 250
82 1006
313 1526
211 3269
212 1140
50 3062
330 3189
424 1653
64 54
267 611
393 3585
219 1731
45 3494
410 3807
16 810
260 1504
351 921
310 2553
226 3115
3 3707
283 3037
32 4187
211 3678
1 3508
437 3774
303 575
412 374
37 1265
117 518
255 3540
143 169
180 1974
337 3107
365 1067
54 1824
330 1317
218 996
42 4709
302 2888
437 1486
305 1401
32 4831
30 566
229 3883
234 2658
337 2129
147 4574
103 25
153 3680
347 1588
301 1927
372 2439
25 2123
383 2259
66 1279
169 4729
291 355
269 926
16 3932
444 4118
234 4212
19 3267
78 2725
23 416
233 3490
415 4215
271 3064
393 3726
440 2242
363 1948
379 1370
289 3867
273 2639
292 302
31 654
12 697
54 866
170 2356
169 2130
349 3635
235 744
9 4252
442 2453
395 4466
152 2971
38 3571
82 4875
426 3911
211 4223
267 1068
211 3946
221 259
341 975
37 310
106 861
218 4499
378 440
413 2218
124 4313
292 2437
327 2293
315 1046
291 1437
396 2458
378 4549
94 2241
41 838
236 125
122 4905
402 1576
142 670
351 3978
244 256
392 1416
21 3516
24 461
177 2769
74 1454
35 801
43 2777
235 2770
248 2599
355 1602
274 1437
109 625
360 2044
311 4644
64 2254
405 506
232 2326
415 1546
361 1810
66 692
155 1041
230 2107
437 104
380 3286
138 442
318 325
122 2641
37 165
109 3491
150 3685
441 4513
209 153
291 715
89 1018
357 2466
145 4744
256 3331
177 149
29 748
277 691
132 4107
282 2767
189 2730
403 2294
110 1784
69 4496
363 2444
353 2531
23 4198
190 610
203 4159
138 3231
236 245
133 1993
302 930
218 3218
409 3721
183 2703
251 954
190 2574
33 3433
262 3630
144 2845
175 3611
30 2138
257 385
194 3017
163 4787
10 735
441 2644
140 4646
122 2052
89 698
301 752
302 4796
174 1345
47 179
30 3857
119 1871
156 790
83 4033
3 3083
312 3157
286 4651
117 91
11 4871
139 1818
367 4623
224 4382
376 2992
178 4345
221 1564
271 3516
139 4849
179 1956
195 545
240 2820
202 2621
129 4575
185 999
353 186
112 2498
383 1783
179 1131
402 2299
407 1426
354 2737
34 371
254 4303
327 3066
311 2888
16 1303
309 4317
150 4389
269 102
177 4949
135 1511
26 3665
295 768
46 1025
233 1153
15 334
399 1834
281 2178
127 3443
265 545
368 776
173 3634
61 2885
224 4058
136 1825
389 3687
66 2606
435 3526
44 4469
47 4217
46 41
60 4874
376 4503
423 313
362 4646
377 843
38 4056
241 1922
140 3467
90 1996
107 3793
8 1817
334 2715
82 11
153 3289
368 2945
335 227
317 3874
135 2739
195 1679
409 2069
250 4754
90 1214
54 16
442 3867
329 808
105 3864
228 853
266 4740
2 2685
181 1634
114 3100
288 2538
43 1032
98 2449
87 2301
161 4905
182 38
236 1931
192 1418
244 2807
66 2251
302 474
185 360
115 2785
138 2680
298 1641
159 964
69 365
83 1504
55 1114
233 776
53 2712
43 3220
156 48
28 788
259 862
8 2226
31 3877
86 1044
225 3605
248 2458
202 3879
227 1248
394 4660
258 4315
37 2208
187 4896
319 2216
22 4599
300 1972
2 4278
245 1708
290 2368
108 3435
147 3510
356 2747
21 3601
316 2658
77 1878
226 1782
162 1821
395 2851
137 1079
178 3374
284 2016
96 3158
338 671
339 1093
220 3570
59 4166
345 1003
188 2576
165 4491
349 3432
6 2898
308 901
27 3182
92 2391
212 52
399 420
177 694
413 4216
325 2792
266 4274
386 83
367 2383
131 1235
38 1391
368 1913
102 3956
66 3066
76 3905
162 222
302 1981
334 3861
430 1914
302 1985
129 4820
46 433
411 4794
420 759
166 690
393 3776
17 4940
400 2063
401 1430
322 31
154 2879
290 157
87 332
357 1934
132 764
34 3486
47 1717
163 711
322 2389
436 596
399 1288
441 247
95 1593
425 2087
293 4216
348 2898
125 3005
76 4422
161 2078
75 1551
406 4237
413 2473
225 4268
101 3068
418 4739
151 3505
104 670
348 887
352 2168
109 4
56 2294
115 1780
120 2908
338 2305
412 78
88 3986
201 1620
444 3851
199 2192
414 2466
231 1892
86 828
44 2518
123 1172
125 2966
308 3452
441 4768
408 684
362 2132
434 290
138 3241
4 4059
208 1054
138 2434
365 4864
263 2236
21 607
104 2225
152 3811
58 200
348 2628
28 1323
141 143
289 2945
120 4877
413 1020
321 2961
381 3053
428 3870
261 3972
53 2765
27 2738
104 2637
445 3959
78 4058
180 1866
261 1801
183 752
55 3928
229 3655
304 2302
241 389
31 4173
51 2579
297 3485
33 2536
69 4918
139 4038
8 2017
239 3055
445 2583
10 4295
375 1678
113 418
66 2079
202 3635
63 106
113 1092
259 4646
217 656
183 2770
63 910
371 1465
312 3424
382 2740
136 253
29 1649
191 1216
423 4635
367 1465
271 3597
324 3473
256 2797
122 544
82 4306
114 3613
98 3684
112 4216
435 3983
300 4248
39 4913
238 4831
390 4559
318 2310
99 1434
256 269
79 450
382 3748
120 118
179 1637
399 4619
288 4159
224 3538
41 4684
150 2732
273 4628
177 2463
248 391
185 3670
224 475
120 4121
121 257
440 4581
68 3906
347 2043
192 4293
313 3490
85 4121
282 4142
56 1612
302 2007
376 4375
67 2025
163 2055
390 3211
117 4874
236 1574
186 453
129 4520
131 3355
48 3913
243 4330
329 370
55 4148
11 1370
56 3867
165 4790
235 3222
238 51
60 2769
60 149
101 2641
332 997
408 3884
296 3629
418 500
388 2280
114 463
290 1975
280 4513
172 3914
97 1030
65 3872
406 3373
234 3436
316 1181
226 3651
292 770
115 3793
81 583
168 2808
237 694
246 4288
247 3838
275 2122
345 958
334 2791
418 860
60 3453
139 4618
101 4432
378 2434
278 2055
413 4449
338 1739
113 4992
277 3221
26 1890
145 1039
419 1688
181 1629
63 3898
386 4352
245 3845
9 1114
215 1002
369 3877
301 2431
96 4453
389 4137
147 2069
245 4672
90 2081
311 3557
117 4483
264 310
405 1811
91 1386
8 326
438 1453
366 1541
15 4547
26 1436
320 4237
442 4560
308 2289
150 3321
383 560
434 2808
277 3240
177 3942
333 4154
324 1068
327 1684
224 754
285 2153
265 2293
21 2637
410 1891
147 3661
241 2595
10 4022
127 1806
357 4864
334 4237
7 481
295 3968
122 2449
130 1515
289 1412
96 1331
389 4872
204 3644
305 3205
159 1980
292 729
306 366
150 2527
96 3414
166 3523
41 891
153 1418
426 4001
333 2218
210 4992
136 1400
410 80
336 711
281 917
244 652
169 1188
375 858
147 3576
119 3621
280 970
300 2544
183 2525
267 1299
370 4707
333 3865
327 2788
83 4288
393 603
442 2705
150 3612
87 3652
213 1484
222 767
69 2683
257 1060
309 4964
132 1026
127 2850
407 4660
126 3181
379 4035
301 3337
47 3982
59 460
110 131
192 1590
422 1306
274 2132
343 444
130 3409
247 4343
237 713
52 2868
217 4943
367 4211
137 1063
395 2773
376 1752
170 3114
233 4752
281 4088
305 4408
159 1031
288 1974
356 1666
178 3203
195 1608
97 2805
424 1812
424 3017
236 3386
363 600
174 1566
344 276
395 858
103 3775
426 980
115 4658
167 1325
189 3390
135 1290
396 1724
273 4448
303 768
201 4492
67 3884
55 1555
323 2718
163 4769
363 936
157 1347
51 2355
431 3302
184 3321
108 3994
276 2918
281 4439
365 3991
411 818
3 2092
149 3540
165 4935
425 1940
385 3467
173 1994
271 489
395 468
109 3129
339 1574
377 3514
73 2322
283 1910
395 4822
395 1113
104 3573
335 2765
1 1412
40 4350
445 4042
378 187
153 367
364 2271
393 4369
410 1969
256 1084
160 4169
254 3417
20 1361
48 3318
381 709
45 2099
161 2808
322 2211
275 735
112 3940
117 397
344 1943
284 2649
17 1144
294 1889
