610 610
33 1177
302 4741
225 3152
214 3412
242 357
179 2422
240 252
40 3607
24 2701
148 463
64 4017
247 1194
34 1611
61 4877
65 1944
155 98
42 3061
150 2158
22 2843
62 120
105 321
4 2753
152 4222
129 2904
259 3843
5 2995
304 4611
63 673
160 106
160 1335
145 4209
100 4200
179 4931
87 959
275 3687
254 1572
229 617
220 2168
281 283
222 4762
37 2874
225 3167
96 4274
109 3455
175 871
230 3604
159 744
31 12
260 2733
71 4032
15 3083
144 3532
199 3538
237 3228
268 3558
35 4095
192 1726
43 4106
208 3102
268 2552
280 2368
154 1268
115 3230
196 3366
113 3429
285 4683
179 2226
43 2020
93 2310
131 3493
120 2451
234 77
241 3416
86 3838
174 3560
279 374
199 388
8 4065
147 4227
217 671
208 4650
240 4879
208 863
190 1351
33 3156
167 1540
70 2996
23 2162
239 1748
22 1725
39 4415
123 2328
270 2156
77 3993
90 4862
249 3632
210 3849
142 573
270 1215
247 3338
16 4991
233 4350
215 631
263 2195
228 3010
75 1866
103 4173
54 4484
2 1105
120 803
280 4258
164 819
226 3839
271 2599
147 2549
22 3111
69 2366
25 561
284 2666
18 4279
74 1976
158 1999
258 204
202 4157
168 413
150 4513
8 1422
46 1369
23 4636
12 1230
125 2359
49 4948
252 3057
13 1634
128 923
119 4480
254 2453
40 4767
238 3244
89 2732
292 4527
21 3691
107 370
231 2051
34 3183
72 521
39 376
12 2441
140 969
134 727
182 1124
64 3037
133 115
179 4033
61 2321
3 4599
304 3996
121 3563
46 1877
300 2179
224 1143
287 4083
128 872
168 4599
263 1735
70 491
254 3216
254 803
193 3432
241 3094
281 2710
291 953
168 4461
161 1193
224 4257
256 3071
85 4154
5 3581
88 3297
145 2600
54 1501
287 3626
218 3329
88 2731
104 4276
69 2039
76 1834
169 53
36 2836
280 253
78 2020
150 1145
12 3213
28 1171
124 991
60 1632
33 3299
2 1554
179 1647
120 4800
64 2377
171 3342
158 1008
274 4324
18 3486
150 1874
281 2181
284 2577
194 2028
43 4907
62 3240
251 2013
139 4332
204 2164
21 1305
274 1742
23 1420
270 3129
145 3535
30 4111
42 1648
267 4396
194 4844
209 3350
296 113
174 4106
190 4896
260 171
278 4721
247 2794
60 3380
181 3870
83 4192
300 1094
145 2114
25 3593
299 167
65 4024
86 4883
258 555
160 1440
140 3571
44 2173
27 1724
278 2731
11 1180
206 4407
21 1376
120 865
126 3817
302 546
178 1653
284 4654
140 287
34 2428
149 774
163 3329
41 2742
125 4607
151 4140
214 2361
264 1378
57 4050
14 1727
255 2384
100 1857
219 576
167 2463
92 1842
86 377
182 3130
9 1211
148 2920
228 1285
218 1173
144 1994
171 3177
115 2404
6 2185
274 2954
289 3160
67 4029
2 1045
276 3817
269 849
208 4768
8 2597
53 3992
84 4894
89 1571
53 4891
250 1639
238 7
206 3963
245 2647
179 883
185 4901
88 1453
76 2093
41 4924
36 1506
188 1983
79 4785
240 3726
303 3769
128 3697
167 2016
6 1353
301 853
304 4757
91 397
12 2380
26 1920
78 4431
142 893
250 2603
66 2465
286 803
219 2230
209 1245
43 3759
67 1387
300 768
83 234
93 2192
293 1494
176 4696
83 1741
51 2158
57 4082
189 790
79 2930
2 2972
134 1311
183 2200
65 1814
135 4043
106 3667
220 2047
171 1480
236 2918
63 3048
208 2757
56 3693
259 947
119 202
195 2893
269 1394
4 1919
85 517
275 1042
180 4961
141 2138
138 4737
40 1512
22 1620
117 3530
51 264
272 4941
73 1703
205 2214
262 3429
250 1406
115 2165
53 2759
9 1845
132 875
19 769
49 3511
111 104
118 4717
259 4346
120 348
34 283
247 4458
201 4188
55 3282
96 2063
83 4631
117 2389
246 3314
109 1661
33 3589
302 4149
77 697
232 4161
274 2206
210 2923
294 2630
276 1963
267 3375
295 2062
50 1890
219 1814
24 2211
248 3571
102 4282
142 3484
174 1482
300 4264
243 296
225 2160
232 3455
188 865
61 4253
110 1003
51 2525
66 2591
291 1481
186 2358
229 3144
196 2700
267 3393
244 1367
103 213
58 4636
132 4208
235 2647
122 670
208 2122
188 2141
83 1339
242 1730
226 270
165 700
186 2088
27 322
233 309
120 3069
5 4166
41 2441
174 3833
63 2824
150 3074
236 2888
37 395
303 1966
304 674
25 3746
88 3706
95 3075
212 4508
131 944
273 2924
117 2557
213 824
87 1937
148 4246
227 775
110 1473
181 2736
291 4440
198 2855
242 2470
21 2713
109 3077
244 1056
198 2106
94 291
268 3162
126 3490
223 4679
300 1728
109 4127
46 1444
26 4233
66 514
145 768
117 722
219 3940
232 4543
198 2837
215 1318
127 661
39 206
188 254
205 2461
7 3177
176 4080
238 2822
5 3047
17 3979
14 4811
288 2253
65 4667
166 4501
148 3384
15 3130
95 870
148 1085
73 2776
80 3514
99 4135
95 1435
85 4365
141 644
102 3761
56 3166
20 1111
31 4714
228 2070
240 3848
150 4500
10 2671
16 2922
250 3660
137 2897
116 478
270 2479
259 4425
161 1261
295 4943
18 3491
176 3665
61 4531
99 204
286 3731
159 1615
129 1963
178 1261
232 2946
30 2936
5 2220
131 3824
293 3820
227 1726
165 4052
235 2667
227 4775
283 934
259 1110
168 3088
119 2382
87 972
174 4083
304 1563
99 3116
174 815
136 699
98 4408
62 3182
171 311
237 579
35 4498
174 2728
82 1997
36 2562
14 881
105 1307
282 3817
206 1298
31 1452
230 155
146 2190
38 1405
72 2329
75 2827
262 4253
122 2671
74 3059
211 1071
204 3785
231 2247
179 2476
209 1721
32 681
47 2717
301 2759
189 3262
178 2147
131 3719
77 10
260 3639
207 4105
146 3808
174 221
61 3867
44 3815
213 1278
33 4290
253 3659
258 2899
179 1651
204 4971
229 3005
299 3923
14 4681
107 154
55 270
137 908
200 3912
188 2949
82 825
276 2252
159 54
72 2647
121 3610
273 2760
226 102
17 2732
51 2143
262 4899
171 1856
88 3560
66 2204
121 4808
2 1208
87 2995
53 3918
48 2691
