958 958
434 399
134 2496
8 3686
52 407
172 906
19 2391
36 323
291 3376
259 1346
432 1600
343 2100
165 1843
319 1065
338 4398
329 4330
2 2424
438 4813
205 1348
164 2159
436 380
411 2767
215 807
386 2450
65 3266
450 2773
52 4448
453 880
455 764
14 1660
174 2424
422 396
231 3951
165 4087
391 4182
233 2619
311 3262
32 456
396 1435
357 2397
145 999
278 4236
370 3115
307 3377
313 3471
288 2255
27 3920
405 1911
137 822
64 371
213 180
161 1399
67 2993
360 8
326 749
345 2273
366 3067
435 2112
162 638
142 3553
265 3565
414 1395
22 4395
179 4762
24 4921
129 7
341 2563
228 4938
1 2288
247 1621
215 3547
216 2524
59 1239
29 3846
264 690
451 163
230 1316
462 3550
33 3814
255 1164
217 1214
244 4108
355 2838
193 4914
315 4203
253 323
37 346
438 3602
339 3640
4 3858
153 489
430 2479
44 2863
238 3746
290 1853
437 2634
265 774
254 3622
123 4265
179 2350
33 3691
352 759
76 963
114 3945
296 1607
382 959
347 1688
96 3878
187 4331
177 4624
374 3433
67 4582
318 4515
26 4024
187 998
131 3489
57 4827
170 2828
186 4061
356 1436
155 753
405 3377
260 310
277 252
126 3297
432 4069
323 2195
334 2467
329 4496
421 2886
309 4378
337 4742
399 111
264 55
224 1097
448 3062
131 3234
414 2655
415 4560
264 3153
217 4767
468 3915
391 1320
47 3176
4 2602
383 2338
69 2712
239 736
371 209
420 3901
145 4367
82 3105
262 4833
256 3262
174 462
449 3476
442 3152
236 2104
282 878
259 1923
202 1325
395 861
173 4739
313 3733
302 1679
285 284
17 4426
47 2560
247 2262
376 2961
382 4150
74 3308
324 4612
288 1335
50 3181
412 3526
359 3808
324 4215
12 2461
86 1620
52 2519
109 1640
373 4909
49 3838
85 1976
386 1004
107 658
163 1757
335 3852
267 4059
170 4802
214 4185
181 1486
421 1796
270 4419
220 1033
312 4287
322 3835
14 3824
67 514
385 2010
200 2965
51 2351
320 4603
86 822
260 1582
112 4251
29 756
311 1383
146 1962
62 203
382 1759
381 57
254 2558
236 4089
293 2324
265 335
344 1800
433 939
22 1045
371 4243
204 768
221 3382
454 784
97 583
463 1227
393 525
78 3051
129 2669
228 2718
265 3842
261 65
263 1204
339 3717
238 1791
201 843
340 4343
249 553
262 1431
346 1558
23 2384
96 2992
37 3174
460 962
213 680
81 211
201 3739
103 3675
332 1236
144 4250
444 2106
449 3244
153 2338
129 2276
460 4777
58 4394
187 1033
97 4720
279 1432
61 2725
343 3245
42 645
461 942
373 1255
438 4406
461 3524
427 2626
91 327
222 2743
374 1898
169 2086
234 3277
302 3031
381 2079
332 2518
243 2899
210 3225
109 597
347 3969
446 1763
348 984
322 3614
103 3693
44 2900
276 4460
361 1115
212 2947
27 2293
18 1030
352 90
436 1700
59 4476
29 3085
175 1416
194 1573
354 3949
470 4348
361 1077
31 2083
268 2590
445 1454
101 353
37 4016
246 4138
48 1702
199 1587
49 438
141 638
209 3459
246 2737
239 1915
393 3158
162 4593
144 4387
454 4252
304 4325
288 863
177 3242
199 1769
404 3443
405 3211
18 2932
81 3503
132 2796
220 1982
446 3017
23 3022
395 2493
437 4268
115 4822
103 4559
402 637
256 809
418 2119
35 3789
65 1789
398 13
66 580
288 1169
472 810
387 2784
212 4574
82 2013
314 4172
298 53
231 2940
379 3877
215 2872
423 1969
134 1641
390 686
217 1020
1 720
365 4696
423 2078
342 4571
54 2266
375 2897
444 2690
235 3658
426 981
293 2237
154 2051
348 4294
272 2820
148 1939
461 1190
260 1485
186 2887
142 1603
448 2856
85 3594
196 4383
152 4439
98 2270
352 3391
114 2161
196 3880
392 813
235 2415
290 2059
108 3724
415 274
315 470
343 396
388 3443
414 4089
152 482
29 718
23 3197
148 3389
431 772
256 1051
178 1901
18 1004
344 330
96 3701
196 1610
69 3045
367 2146
166 1322
18 2847
95 1827
161 2941
352 3972
104 3178
418 4870
95 3248
147 4327
311 1525
434 245
136 1639
352 478
419 3114
92 2885
378 2056
170 93
355 2255
298 3465
377 4652
293 2624
218 299
389 3607
275 1774
394 4874
38 1673
225 2284
139 1911
274 183
315 157
130 1844
245 2782
157 1824
184 4418
438 4564
75 2060
98 4540
431 2935
135 2412
297 2043
258 2328
298 825
412 4048
76 1079
16 4539
383 3080
106 786
256 342
60 1774
145 3981
19 3241
337 3381
81 4378
12 745
256 2544
31 4042
6 101
169 3785
83 2117
364 3865
235 3977
40 4945
111 889
362 4189
275 2358
126 1307
313 263
107 862
121 3339
254 1940
201 1013
311 629
420 1059
440 4144
354 2299
245 1608
376 254
450 2361
328 4405
172 4203
165 808
284 4641
192 3535
177 4405
388 3806
185 4997
380 4399
315 3300
269 2914
158 1962
200 3751
166 3834
79 3934
104 2659
408 4002
21 997
9 1398
365 4728
208 868
244 927
392 4629
28 4626
47 2474
254 2018
475 3302
75 4489
151 177
351 4570
270 4201
140 4025
328 1659
77 2870
17 3438
169 1061
82 2588
262 2138
3 3667
119 4994
65 1440
442 4132
265 2416
308 3457
288 1992
72 2022
144 707
259 4559
346 3902
67 4865
105 810
447 1966
231 2073
478 4034
275 1479
246 374
200 2473
77 4664
282 2963
335 297
117 3649
385 1256
5 1702
380 4529
404 1130
429 1645
147 869
428 3039
432 4256
424 1113
355 4838
370 4614
308 4733
80 3887
426 4161
393 1287
199 1319
126 4672
163 326
476 3004
176 3691
57 1499
220 1715
382 3029
312 3015
87 3310
464 353
38 11
154 4913
16 2912
161 4309
29 3973
323 1214
9 59
70 3530
10 1121
215 1668
48 4423
11 4152
322 1558
4 2055
101 1784
316 3430
31 34
77 1058
265 3708
452 3559
28 4923
272 4315
175 4952
109 4429
52 3095
60 3245
151 4724
414 1323
245 4162
430 2068
211 1522
231 4546
154 1237
329 1286
122 3253
178 4555
255 2065
367 1908
250 4037
349 3167
221 4098
428 731
371 3359
427 4558
255 367
58 2331
230 1535
387 2156
144 459
31 4168
169 3724
205 4934
276 1574
411 1817
432 200
465 1612
57 3238
411 1666
383 4970
75 1305
251 3103
399 3319
466 3884
407 2150
142 3321
106 1889
18 3551
91 3801
244 1970
33 1405
477 2855
194 755
18 3454
240 3490
336 4725
420 1341
234 2860
184 413
362 276
325 1013
162 3006
288 2947
74 1957
301 4176
363 2326
442 4039
199 4591
110 2984
384 3766
311 4937
346 1588
262 2731
66 2766
286 3351
425 4348
366 2082
227 3721
12 1083
286 1272
324 787
232 1903
285 1613
270 4240
288 3038
350 271
252 2886
450 1249
49 1693
307 2196
233 3052
203 4199
125 2347
460 1288
444 3830
96 1292
436 3317
453 4748
449 3665
232 2430
56 1991
69 1153
364 3814
465 4725
92 3803
410 1239
21 328
3 528
262 332
27 4834
332 1772
101 4040
165 2329
414 2417
32 3614
71 3509
66 2504
144 263
341 2303
72 4067
386 2178
197 363
303 1435
151 479
228 582
182 2458
211 4485
105 3300
294 1569
29 2270
49 375
72 1222
79 3611
270 1902
105 2374
386 3466
270 178
254 4302
165 4790
403 85
319 4980
431 1783
73 1642
178 3970
455 2310
331 1137
268 3460
280 1529
328 1745
425 2681
242 3778
414 1672
15 4313
311 4944
160 3220
393 4156
347 2626
330 808
11 1333
335 1846
434 1299
284 1187
448 4131
328 4714
192 2640
139 1113
279 1270
187 2550
423 2787
251 3163
406 1676
302 3254
405 4913
195 4567
34 3001
345 4217
226 3542
178 3817
220 250
33 3313
88 3997
254 4271
429 2310
150 2240
80 1311
25 534
159 1488
171 1260
173 3458
308 4332
265 4745
343 1622
141 3741
373 4418
425 2212
110 1203
199 1277
48 1770
192 1972
212 1236
51 2108
311 4054
282 3374
342 1230
349 2608
105 3633
346 4316
346 1941
234 3313
8 4432
64 1671
343 4720
53 1709
95 4943
64 348
94 3006
169 2092
17 403
349 2615
72 2007
139 2229
270 4328
260 162
266 1688
97 2117
248 490
471 341
94 3871
306 4446
453 2890
59 2417
356 1789
56 2817
379 2730
158 3419
128 4928
344 2069
371 2245
139 396
100 525
70 1782
244 745
329 3370
61 2473
85 2342
395 3185
44 4194
336 1721
157 3239
20 516
209 2420
250 1911
348 1560
466 375
84 148
305 2015
31 1920
324 4808
142 1166
17 3897
244 4428
460 3342
7 192
363 4280
279 2610
177 4437
141 973
284 255
371 4548
45 2366
305 2559
378 1902
401 2280
181 2488
290 952
12 936
25 3752
14 1364
224 3914
271 1371
112 1427
324 3899
144 4259
5 4465
323 2567
396 4680
218 3457
394 3094
402 947
194 1086
313 1295
360 2711
416 3281
426 931
34 737
186 2288
238 4608
449 2852
428 3187
170 4499
314 4699
164 587
302 3307
229 4280
93 3032
359 2225
390 3659
473 3812
147 855
68 969
408 1153
402 1623
129 2431
319 2971
319 3832
187 4077
275 25
171 1136
108 1313
472 2771
251 1656
318 3317
16 3541
368 1480
79 2571
439 4586
210 3853
34 2893
52 2778
300 3334
436 575
281 1795
403 3221
300 4077
190 1818
452 4888
223 361
101 2441
145 4132
199 3072
131 3267
471 3864
301 460
40 2489
97 903
430 353
50 1970
75 2296
273 317
125 2557
91 4663
453 1100
330 3906
308 4092
208 3541
429 1250
116 2128
114 680
271 3972
336 2468
441 2565
52 3062
382 2633
298 2264
208 3525
178 1704
60 4572
39 228
280 3811
367 4194
218 1616
225 1538
1 1132
410 2209
98 1743
