822 822
222 2285
361 810
401 561
21 3349
44 2094
183 3508
337 3341
42 2530
325 1656
146 2792
94 2344
101 13
26 3524
95 1205
385 2976
347 306
322 969
16 3607
391 491
349 524
237 833
286 4051
367 905
182 2789
7 1119
49 3491
345 1814
287 3612
100 4180
196 2910
119 3643
404 2288
251 4089
154 1482
386 1129
50 1955
410 3943
318 703
209 3095
69 1684
201 3324
148 2814
305 3795
196 1015
69 3342
375 2831
404 1778
385 3452
223 3404
278 1015
100 3060
329 2675
219 264
263 2536
394 1512
184 3612
38 605
256 4749
49 461
153 2135
393 1250
296 4996
365 1181
242 1194
244 4159
238 3568
317 2520
44 1546
88 4807
305 4263
377 3401
234 3447
85 4571
92 365
299 2550
150 1233
79 599
311 1793
90 3972
217 1832
342 4724
123 1914
404 3375
121 395
22 4262
405 4120
8 158
150 4359
22 4572
43 4198
47 4788
74 2824
303 3685
247 1831
107 4245
409 75
115 3951
283 1706
349 735
102 4444
171 239
22 2907
210 3436
362 2896
184 2273
218 96
209 3805
357 1003
259 4330
272 230
225 238
295 4618
242 111
108 1406
9 2163
241 3525
4 7
292 827
30 1193
24 3421
204 1329
154 2146
4 2321
333 1745
17 2511
122 1192
96 1884
76 1063
378 2241
33 4463
384 403
325 270
96 767
114 1609
61 5
375 4865
143 4177
13 2924
172 3265
410 107
19 4063
238 3736
74 972
31 923
237 3637
324 2980
131 2515
334 2381
301 1511
393 1196
298 1303
180 3331
99 3345
156 3499
85 1064
245 3135
209 4421
193 4350
65 3665
33 4105
360 3672
401 4861
48 3358
315 2348
282 4624
159 2582
261 4667
47 1429
29 613
284 999
164 3643
267 3206
149 2661
79 337
242 4281
314 1326
352 2268
151 2696
327 3804
371 940
42 1759
162 3129
182 344
31 3148
304 2804
390 885
333 4660
12 4691
115 2015
312 1117
303 1701
206 3259
244 3957
255 4761
213 102
341 3443
373 164
306 2262
74 3238
38 393
69 830
370 369
38 589
44 3290
68 2194
13 1801
188 1029
259 952
164 50
381 1280
285 3013
275 3132
264 1593
192 1269
323 1760
42 5000
59 3717
389 3812
163 4875
267 4636
64 2883
156 686
246 4709
119 3936
237 937
86 4849
123 2755
255 210
48 4583
293 4989
244 1124
133 1823
172 4957
8 3912
238 1601
96 3453
135 457
332 2285
172 3710
404 2119
287 1280
220 381
102 3627
350 2727
157 941
408 208
59 132
175 1218
64 4778
128 1108
126 3034
52 1539
403 557
288 4566
44 3311
143 4185
232 862
126 2538
147 1033
373 4794
20 1316
14 323
109 1913
363 3477
292 3293
179 4916
348 741
146 881
372 2378
310 3172
131 3328
115 1954
177 3749
344 1139
122 3164
68 1578
351 4926
47 3154
384 2024
334 153
115 3661
381 3183
8 3079
5 1028
115 231
166 4607
339 1296
271 1255
322 974
19 4702
254 4248
391 1367
177 2765
60 2764
271 37
369 1954
46 3907
39 2660
358 1065
304 2306
375 2915
22 4017
183 1600
298 2277
220 2332
198 56
410 1389
213 14
99 1616
196 1909
282 2700
268 3522
289 2483
194 1444
330 112
237 3064
156 345
395 43
320 173
105 779
318 257
409 4387
166 2586
23 227
139 3758
185 1525
188 2989
49 1043
316 3632
291 4061
396 1978
270 1369
294 1975
30 4328
285 1091
141 2867
91 3305
42 615
272 4475
239 4431
386 686
366 3200
321 106
159 3085
144 3436
83 4866
120 258
31 821
218 3683
152 1678
209 1200
63 1996
200 48
220 4581
373 1120
280 4342
28 4261
382 4799
189 240
14 742
91 691
219 4857
232 2843
236 2457
146 2152
117 1328
387 804
177 2016
337 3380
119 43
269 74
398 4853
229 1614
278 3927
299 780
16 2082
360 1953
308 1931
373 586
176 1439
294 3744
229 4038
402 4758
254 1397
247 4820
327 2220
197 264
95 798
303 1474
404 1942
74 652
350 1171
258 1259
102 1801
108 3509
96 3911
91 3746
343 3176
109 2289
47 3250
301 633
234 1806
404 1278
75 78
248 3371
191 1397
114 3607
339 4722
150 4240
232 3176
190 2727
196 1041
27 3878
134 792
201 2039
162 4125
73 3510
364 1758
264 318
348 1976
164 1629
194 4921
326 2683
111 3753
255 975
354 3698
187 4818
305 4612
13 289
363 1897
347 585
49 3747
139 815
374 4790
106 3987
283 2913
155 3589
204 1055
273 1016
217 4568
99 3864
360 3492
183 3114
315 2809
294 208
80 1099
403 885
191 4239
60 3265
128 1790
183 920
361 1309
384 426
406 761
132 1360
181 3150
395 3749
32 847
294 2027
165 4158
272 3861
187 1856
294 3050
260 4229
62 2719
19 4710
285 3131
201 2126
172 1712
209 244
21 3968
161 2016
262 4338
395 2010
241 4902
268 1444
125 4716
195 2046
350 2282
30 1544
269 3186
129 2765
307 1038
291 2948
104 739
4 2226
226 1623
137 760
178 742
98 377
265 2298
71 1045
210 537
380 3942
307 1174
70 2137
183 3581
380 4154
80 1704
306 215
172 3066
320 1994
56 2898
6 2253
148 613
152 1715
220 3905
374 433
88 4170
272 2169
295 4584
176 4942
379 806
226 2903
169 1332
212 1882
372 4048
154 373
127 1649
249 188
336 768
227 4730
236 145
393 1241
344 953
117 143
124 3390
239 2995
3 3257
348 1386
67 2399
346 3559
21 2301
257 261
311 1171
14 2447
323 3634
71 1371
112 4509
21 3798
349 3217
39 470
326 1099
404 2616
304 3180
379 4417
201 2170
31 2609
118 4365
246 3041
366 2570
267 2315
317 3856
174 4854
235 2156
89 2136
299 4226
151 3049
86 2672
269 4004
346 2383
410 892
336 3244
134 2144
327 4767
277 689
220 3596
351 905
222 2378
16 547
29 2669
70 3305
344 3455
336 4125
359 2945
187 1170
36 1767
273 2834
268 479
245 4984
330 3809
144 4831
329 3362
195 2348
194 1076
195 2947
166 4303
315 4691
270 1677
199 1278
283 758
108 1662
140 4776
314 2428
204 115
154 2008
77 1886
332 1747
407 664
8 1936
410 187
265 3573
323 2028
299 3326
141 370
404 4560
106 3598
401 845
383 3134
20 1784
52 665
48 1790
51 1932
300 3974
125 649
122 741
292 3283
298 4717
225 3937
157 2702
147 2423
200 784
58 4666
258 4958
91 902
41 924
118 3067
352 3914
380 1669
363 4653
109 1806
255 2808
382 4492
228 943
1 2833
190 4439
270 3756
62 3155
22 2924
324 2705
331 2843
19 2553
324 3419
162 2940
49 4135
217 4040
313 1661
61 3840
405 566
8 1575
131 892
111 857
262 1991
166 1707
62 2712
160 4591
238 951
227 3291
80 3986
51 900
152 1320
337 1014
240 1637
191 2033
36 3247
323 480
298 2156
322 3813
147 2225
170 587
132 1476
298 1026
76 460
102 931
220 2524
304 707
95 1487
389 2019
153 2400
402 4383
108 576
249 4144
2 4718
162 4396
180 1347
142 701
253 608
43 4761
200 1917
388 4057
189 3686
103 460
102 2830
391 3889
167 1979
34 2120
228 4715
99 3129
401 102
163 2172
313 4167
370 1002
116 4409
336 891
331 366
133 3202
259 3381
373 3272
255 3166
83 2591
296 165
335 664
187 1721
248 1963
227 619
161 984
315 2275
8 4512
46 2652
250 4238
284 3406
140 1034
109 910
28 4253
274 4354
371 218
67 319
252 848
394 438
298 4688
67 4021
138 2828
323 4018
252 1652
63 81
81 4928
358 574
188 1846
131 3274
167 2002
292 3737
321 4575
91 2892
161 168
306 3501
105 425
303 2750
320 3052
169 2293
99 2631
153 4426
263 3441
7 619
364 3842
293 1925
348 2713
95 2240
266 2175
63 3564
243 4961
198 1975
227 1765
81 655
191 24
201 1274
141 3172
370 3321
209 1650
375 3
365 3532
66 951
122 1087
358 119
116 3920
25 1787
386 544
306 4445
250 1574
125 2557
92 2889
37 1571
362 1116
345 2852
147 4120
311 460
67 4990
379 2552
273 4710
345 1100
299 3234
223 811
386 1407
169 510
35 2238
128 600
108 3835
201 249
164 1551
129 2490
175 2021
295 2320
337 1611
294 3506
350 4818
134 4315
31 2448
170 482
340 4283
331 4547
383 1069
134 3932
317 4103
117 3189
299 3938
74 1973
181 2122
145 1540
126 2220
75 2661
160 1731
232 3060
78 729
