987 987
82 4486
374 4269
70 3031
34 2875
43 4141
305 984
18 4077
319 4381
39 767
216 2455
109 3925
6 1792
276 549
222 263
97 3854
92 3545
416 186
311 1749
200 4304
320 4981
152 452
60 858
328 2491
420 4250
365 95
234 1700
483 3687
255 2996
408 1186
329 110
183 1675
119 2129
397 959
35 16
88 1443
43 3317
289 3125
225 535
5 2190
94 3197
462 4196
124 3935
81 3093
476 2039
221 3795
218 4905
40 4827
79 1201
187 4129
172 1953
103 1588
477 4187
103 1191
137 4014
198 3298
65 255
346 2399
134 114
41 4409
382 1892
362 3058
171 1023
246 3011
343 289
203 891
276 4400
305 4956
284 1167
190 1452
487 4903
466 4459
314 1626
132 2729
216 4632
148 2776
184 60
199 3646
209 4783
204 733
4 2087
344 4196
326 147
138 1701
49 388
425 3844
374 1998
304 3295
69 2077
170 3998
423 2442
164 105
458 3028
231 4173
321 1330
15 3925
148 4637
192 1719
149 3709
218 4605
187 1025
265 1711
352 1793
152 4385
12 1607
395 200
274 1310
405 2868
245 3562
362 2716
42 3956
222 2962
310 4630
281 1409
48 1771
312 2172
263 3165
366 1355
34 734
416 2885
235 1172
97 2739
81 568
351 56
468 1147
398 973
4 4541
133 1672
273 1699
193 2956
270 895
155 4919
407 3665
52 3177
127 1005
125 595
19 3972
191 3646
401 1698
14 1391
32 1029
41 579
265 1489
10 957
479 1513
60 3533
40 1394
231 3979
64 2698
169 4142
201 4872
353 3269
82 1289
457 580
462 888
475 4833
57 2387
283 4081
267 4502
15 1750
249 305
194 1389
416 4442
159 3636
214 4030
443 1611
264 3592
309 4643
95 1166
80 661
196 3260
218 384
57 3012
32 4880
290 4359
23 1841
26 3422
441 2653
367 443
31 1265
73 3018
267 2182
251 3045
216 4643
214 1655
158 1239
71 1609
144 3786
58 3944
477 3462
180 2828
158 2474
460 3497
265 797
84 1206
410 1089
267 4838
300 1819
372 3451
27 1734
96 4628
335 4592
341 3592
467 970
69 1438
311 611
77 2964
220 3008
352 661
171 1092
247 875
142 4005
217 176
416 2817
69 2210
275 4710
132 2565
366 4118
460 1829
200 3662
236 4529
435 3644
323 3218
182 102
167 4071
458 3853
385 2146
230 4549
6 2057
273 3447
472 1323
278 2893
492 4352
395 4079
400 1404
227 1226
8 691
37 1930
433 1700
288 206
75 4874
353 3912
200 2457
8 4023
474 1562
381 532
4 2487
59 640
427 891
2 2663
451 2355
174 719
176 523
74 1476
37 770
46 1023
252 3475
102 3139
358 1890
99 4428
159 1146
252 3850
405 2338
385 4515
475 1052
250 1500
71 3055
322 2680
366 1149
443 2795
414 936
426 1480
205 4692
81 560
242 62
34 2322
222 4497
364 1900
185 1381
205 1799
266 1101
180 461
134 2414
482 357
175 4475
265 335
397 3828
303 1672
421 22
90 2608
328 4716
251 2223
212 1253
393 4983
105 3427
165 1573
302 892
450 368
236 4306
147 1789
346 2506
366 3697
333 2630
109 2919
354 542
264 3517
41 4028
402 103
77 4704
355 554
214 2321
51 557
281 2558
52 2396
372 4294
296 1239
490 1588
67 1930
49 2689
398 4056
131 1996
101 2881
206 3476
359 851
488 2522
265 3493
381 3077
328 4370
340 438
312 3343
123 2814
5 262
101 2071
248 3154
57 351
265 2640
280 2929
63 3342
48 834
92 4318
37 1540
384 2362
435 3967
129 3539
146 3854
76 758
134 371
329 2138
205 3998
74 1707
160 3620
59 247
83 3128
491 4530
186 1838
210 4811
199 1517
362 4245
434 3534
332 3708
397 1907
183 4079
166 34
284 965
242 1640
327 382
177 588
74 2941
165 1768
278 3451
364 3017
492 1503
144 3058
389 1786
223 2675
186 1453
332 749
167 4828
338 2934
425 4170
420 1674
481 1472
88 3085
11 1934
480 4285
465 4193
53 2888
154 1478
1 3663
375 1460
110 1122
189 1337
11 2555
61 628
24 1083
302 3003
141 62
331 4435
308 1084
126 1880
249 1937
175 3087
289 2663
387 2801
36 2385
69 2054
31 1286
249 3376
210 2049
12 894
177 3003
58 1665
423 2130
359 2
189 1213
186 2907
204 1866
129 2857
385 1555
491 2301
300 3731
292 1617
465 2670
71 4376
307 2772
266 1893
45 4411
457 3927
218 2312
119 2695
210 3042
424 4970
349 3574
367 4617
189 1562
306 1719
326 3963
247 4385
5 200
314 1720
12 701
103 2472
362 2446
243 4326
353 3144
216 3074
349 2654
191 1480
443 882
69 1540
65 4293
284 1569
57 929
465 2052
253 3785
252 487
365 3990
24 3907
155 1265
194 3179
335 2981
112 2906
16 3314
259 1201
385 4475
24 2809
68 4276
38 2332
236 312
422 3493
196 4826
300 3657
236 2604
224 1680
240 3192
427 2123
463 3280
353 1666
272 3546
273 3539
186 109
32 4265
303 4993
42 4334
300 374
441 4634
123 100
491 2261
454 42
263 1457
359 1647
408 1321
431 4463
111 2064
269 3135
148 3602
293 4513
333 955
360 2200
143 736
144 238
71 176
395 2577
215 2844
232 1514
300 1505
360 3703
98 3470
96 2514
493 4508
83 2131
106 2326
341 1718
469 4882
404 456
11 1855
53 665
450 2126
382 825
88 1034
132 1512
279 369
430 1340
303 3857
29 4110
167 998
351 4179
484 734
481 2828
14 2731
209 4423
266 1273
279 4438
183 2840
369 1907
16 2557
341 4588
44 431
315 3241
483 1913
10 2173
161 3964
397 3325
47 3182
221 4230
327 1033
136 4892
51 3699
176 2387
56 4923
244 4524
5 3178
330 345
315 3348
148 399
15 588
113 44
422 3172
84 3602
438 2565
266 1913
443 1852
414 3062
164 4283
40 2187
252 3583
432 4352
65 4764
206 3852
83 305
241 2739
252 19
183 4730
159 4800
259 287
71 1271
453 1964
177 2690
180 116
174 4352
389 1478
286 5
133 2539
109 2422
436 2567
330 4655
400 164
39 334
396 636
225 3579
32 1332
438 249
269 632
403 2324
216 603
152 4711
263 3380
189 3998
266 1567
453 1591
399 3245
135 2664
420 519
335 4704
282 166
366 4835
240 134
285 4865
370 3861
328 4688
409 3411
93 3483
282 794
319 2307
180 3684
246 4010
34 2179
233 1878
438 1654
213 286
414 3908
116 1069
369 2492
423 1032
427 2221
333 2732
42 305
33 3604
98 3684
121 3792
151 3411
242 4725
381 900
278 1144
176 4814
198 3454
40 2594
424 2642
125 4271
280 3705
226 1945
134 4458
394 3189
204 1914
186 2232
333 4609
77 4577
183 2938
45 77
422 2998
190 2089
433 2080
177 778
59 2760
157 3141
89 147
57 4592
85 4277
488 3842
349 1486
95 2447
208 21
52 2996
413 2664
340 48
120 4774
436 2685
61 3323
20 3684
185 2316
359 3503
118 203
135 4034
75 4131
222 1968
262 2417
474 4433
311 2234
314 4
442 1550
48 1873
231 1735
174 2374
36 3502
219 803
480 518
405 4162
432 2924
206 675
410 3040
423 2887
90 4925
473 2673
174 2911
336 3328
377 2382
391 118
470 1163
407 3901
165 4665
191 4499
106 728
428 3666
486 756
244 4145
145 3712
384 2725
82 2987
131 4732
180 50
396 2908
390 3637
321 826
219 957
433 935
479 1771
133 1294
223 4291
373 2250
430 3200
95 3647
184 4712
341 2888
299 3805
350 3696
314 826
345 3931
405 980
246 1715
240 3541
336 1546
263 3995
403 4171
157 2678
24 446
288 4132
489 4355
445 4285
16 178
491 936
231 2068
260 634
406 3057
228 3503
349 1369
269 3279
262 1593
401 4705
397 2375
419 2818
443 2144
466 566
26 1908
371 2798
8 839
160 2032
251 3932
69 2073
229 3963
211 4156
186 1360
67 502
124 4649
301 1132
396 4162
327 4273
304 731
94 4816
118 3305
312 785
367 437
432 131
477 2098
447 823
100 3596
348 1243
302 1241
355 414
314 1675
141 902
164 4336
445 122
182 691
405 272
420 3691
307 1023
50 2939
259 2633
459 3124
333 3681
144 809
362 4842
298 4515
329 1853
37 1992
11 2189
492 196
68 3035
135 4895
361 989
250 4224
244 338
8 1163
482 2884
443 3801
118 2604
443 4384
61 1231
122 4329
171 411
3 3335
251 3705
313 4021
342 1931
396 4941
311 4716
258 4865
490 1265
448 285
343 2438
454 1665
341 1667
112 166
284 2580
57 702
241 590
241 3996
1 914
402 3989
364 4629
456 828
273 4588
214 4393
127 1870
276 4705
96 803
482 1984
488 300
381 4143
475 1888
76 300
396 3374
202 273
113 2017
153 4968
326 2732
105 1708
427 528
358 977
311 1740
444 2062
461 2507
308 889
95 4638
68 1065
466 2456
491 1589
21 195
352 2165
386 1164
367 3005
63 2675
291 2685
249 2718
219 1892
352 872
355 1133
75 3562
462 2216
458 2355
139 3477
327 829
485 627
415 24
460 3455
250 1844
302 2750
5 4073
253 2000
329 2438
158 4457
136 3610
155 2160
473 1666
83 3402
201 1369
9 1249
358 117
251 4747
427 4029
422 4757
277 1704
70 4382
429 1875
398 3007
220 1448
404 929
308 3541
275 2996
219 2026
195 1431
459 3195
467 1963
35 1701
246 4264
334 1421
418 3092
81 2044
8 2970
34 3713
130 2026
15 4884
124 3373
18 4035
351 3554
379 2884
378 406
423 665
128 384
457 4146
381 4447
207 4563
52 1302
4 2505
141 4381
193 1933
191 1854
370 2555
120 1058
460 1483
165 1861
6 1053
322 4692
151 31
69 1245
153 2633
94 2764
289 1240
237 783
374 1526
306 345
187 1794
456 310
415 2238
90 3305
127 1624
96 2424
424 491
136 104
265 4181
366 1777
241 2436
30 1323
287 78
131 4357
353 2859
248 4151
326 4771
282 4829
28 4251
131 1427
252 1602
31 2665
75 1331
70 751
321 4612
275 3446
234 3250
438 4163
396 2708
408 326
212 4729
197 2181
480 1177
197 132
419 4438
316 1747
437 147
111 4115
478 3744
194 961
175 3146
30 3790
127 3050
370 4570
381 577
196 1390
27 2260
