163 163
8 4675
10 1006
72 4414
33 2854
53 4939
52 2190
69 2803
62 3495
10 4831
4 3629
57 1490
73 2532
49 4578
51 4481
31 4162
48 4281
18 2619
1 2135
32 1973
18 1790
33 4390
75 4531
46 3382
66 2283
65 3254
20 1597
9 1654
66 1231
4 3818
31 3264
69 4501
64 4258
48 3809
72 4672
61 1165
33 3532
76 3999
61 448
54 1902
77 1773
56 3152
68 2498
53 1922
32 3549
30 180
81 2823
13 431
36 1454
29 2352
56 2596
64 3073
48 2765
80 3838
36 2806
70 4899
19 2835
29 4120
59 3914
61 1712
76 3379
62 4371
3 4297
60 4158
71 1641
28 2051
53 1104
7 270
20 3159
79 3253
74 2726
29 830
31 2990
1 1735
80 2985
68 2291
1 546
60 1964
53 1542
12 2442
4 1504
68 2317
50 910
35 425
23 4792
3 893
75 4801
4 903
73 3303
13 342
28 3184
67 2547
32 2371
78 948
76 4344
26 1922
32 3138
4 3473
59 2985
75 4939
59 429
59 2248
30 651
11 1724
43 202
6 4186
75 2489
33 1547
15 2569
37 2053
8 2694
8 1642
55 2932
1 4316
2 294
76 3111
72 3894
10 3956
51 39
61 4711
5 1069
56 1648
39 2316
71 4537
76 2644
32 557
17 1819
6 1135
11 3168
42 3630
72 4559
28 1969
28 3317
59 4798
48 2839
62 3990
22 4880
67 1785
43 4084
18 328
42 2503
39 2934
49 1368
72 4107
46 4247
69 1085
46 3225
35 872
1 1051
5 499
13 363
1 2284
43 3264
41 3643
21 4993
6 842
40 2503
56 4864
6 1413
72 168
32 2287
3 1969
2 2810
79 4068
