619 619
152 3945
11 4468
18 4112
215 1633
37 2702
43 3668
26 2609
12 1100
120 1341
90 4571
76 1702
61 256
285 1588
26 4190
133 1879
247 3906
36 1861
208 4503
94 248
45 1809
7 1271
252 1469
7 2010
284 168
235 2516
10 4860
170 1250
201 2707
110 1715
126 4444
149 2757
306 2435
31 1301
230 1971
191 4230
117 3002
281 2062
256 946
26 2390
4 1003
26 3737
282 3920
223 399
174 2707
209 1962
70 1075
80 3850
276 135
21 3940
209 3630
267 2988
177 4949
51 3762
238 15
120 4958
1 2954
10 2982
127 3810
190 3029
198 3107
286 2976
227 1785
239 4926
142 3356
91 4404
140 749
226 4058
192 2021
264 1260
298 1035
271 3315
163 2775
77 4658
243 2753
205 1705
176 1204
163 1742
236 3409
146 4894
25 4831
234 285
262 4850
142 1543
113 926
153 1599
124 374
254 387
237 281
209 1902
154 4581
303 2632
50 2876
191 2022
194 3419
125 3355
275 1637
4 2503
181 71
69 4529
204 1247
2 1747
74 746
174 1222
49 2763
153 408
192 70
193 4506
210 319
163 4314
168 1383
56 2726
157 1765
203 401
39 1423
17 2502
23 2069
67 1223
49 1586
223 3116
290 1509
75 444
117 4847
18 4835
309 3670
4 714
164 4098
160 4663
238 1134
16 4502
184 1385
224 3998
294 4327
66 847
157 3598
179 4589
121 3824
61 1856
291 3855
177 4664
58 4534
87 3089
57 1548
124 2286
121 4509
226 156
79 1714
96 2758
251 2917
44 4937
72 1949
131 4590
21 279
218 2852
36 3350
217 3672
129 2874
123 2347
130 2506
121 3547
211 2337
244 3848
166 354
30 869
272 4373
60 3476
255 1702
166 2297
29 1463
13 2829
260 1823
53 2896
295 3114
209 1933
20 1231
18 1117
309 1226
71 623
109 3544
47 497
129 4920
86 4033
119 2619
245 4823
257 4164
44 4796
127 3025
202 3074
109 3968
282 2544
149 2587
259 4572
100 3845
165 133
71 4288
104 1987
7 4627
104 442
97 46
177 913
157 4374
246 1578
189 3426
110 1049
46 1051
8 2524
211 1691
281 3058
289 3841
52 284
80 2001
105 3731
277 3462
66 6
303 1308
10 1750
219 4390
123 169
228 1088
292 4091
98 4043
228 4950
197 1915
255 1159
188 4235
33 3067
8 1848
81 4719
44 4135
182 4880
125 3259
302 4708
74 348
189 3528
19 4753
77 4964
46 3297
25 4858
88 352
128 114
168 915
4 921
251 3006
4 2402
208 2149
114 1734
92 4938
285 185
101 3296
201 3395
108 4305
307 765
136 2183
20 3090
113 56
25 208
166 342
127 4380
246 3192
28 193
88 4789
273 4324
59 4
89 4981
233 3152
301 1449
88 1175
16 2415
264 133
28 306
21 2501
276 4212
131 228
82 4170
26 1386
19 4443
198 2499
284 4115
51 433
276 3184
163 3233
157 4673
136 1317
105 1776
149 41
258 4640
101 4540
229 1988
43 794
87 4391
113 2239
115 3730
214 1227
228 1948
288 969
1 2643
224 2826
99 857
287 105
277 2175
256 1677
215 2729
275 549
303 3168
247 119
119 1479
169 3428
75 2976
163 384
121 552
184 2969
279 2504
272 4669
222 1984
61 1750
6 2120
207 2853
171 2181
81 3883
79 2938
134 747
65 1910
177 885
234 4059
285 4383
203 494
34 4130
88 1827
182 1335
145 2082
204 1328
116 1136
31 3913
80 814
48 2974
113 1154
288 679
290 157
256 536
279 1532
155 130
291 2356
156 1532
271 274
75 122
20 701
218 247
154 4102
86 1094
253 2282
141 4431
240 2252
265 222
242 4806
92 4493
152 2223
307 2736
227 449
192 3357
228 1340
255 3700
44 3652
79 932
35 3250
41 4633
228 2156
117 456
29 4195
291 3687
88 85
291 4276
228 4152
254 3515
90 752
268 3333
105 2579
211 935
231 3817
29 4910
51 3776
34 884
17 781
77 1808
157 4483
15 3061
24 1653
290 870
177 921
12 4229
105 3963
291 4358
78 2660
129 1951
140 4709
113 1106
184 2957
122 2112
27 3875
64 272
38 2134
224 1656
61 3759
225 2395
210 3044
306 1845
309 639
42 363
208 3635
201 3154
70 2648
304 1357
139 4113
237 2972
69 2910
8 3691
154 932
250 1130
76 3201
163 1473
130 3638
227 3108
96 3329
97 2450
178 2827
61 2720
128 1424
132 3864
213 2674
144 2633
307 3042
98 3277
270 378
238 162
302 2107
253 2915
35 2381
23 2381
153 4473
31 2084
284 3937
276 3962
258 300
234 2580
282 2373
19 4926
63 883
127 584
114 838
63 3218
300 2362
21 2952
163 1172
98 4274
66 3676
302 2572
155 1851
148 3554
253 4516
152 4025
185 1146
57 3918
83 52
287 1008
269 4041
308 3182
65 1307
250 4452
161 3134
66 3434
39 1600
137 1536
108 826
20 4129
304 4453
192 2983
300 3387
241 3215
212 1992
93 3923
32 2265
110 2303
128 2451
269 2028
93 1261
288 2711
95 408
130 843
102 4081
94 3451
226 1230
272 1560
293 2990
271 904
37 568
27 1843
239 2811
33 2146
63 4866
126 3651
296 4185
106 2584
267 4288
197 378
176 4043
21 2947
82 468
86 536
172 3401
26 3550
118 778
128 2789
161 4643
46 3230
55 3970
212 511
113 1342
213 2211
37 18
216 3109
305 4835
200 1961
131 594
233 2369
20 4393
149 1541
213 4062
218 1354
125 2036
285 957
221 3732
122 1969
19 2971
133 1613
33 4322
63 4481
26 1695
72 3884
211 563
36 3018
239 3231
200 2326
290 4335
20 2337
267 2301
232 3519
225 1126
103 1810
32 4868
248 1751
2 1960
218 4131
96 1299
121 1768
148 766
95 3012
68 2498
61 2974
93 1494
290 495
95 3429
141 3625
111 4208
176 3021
267 1891
169 1604
248 3513
158 365
145 436
243 2482
305 2107
252 2148
209 1665
185 3126
239 418
134 3632
116 1478
276 2493
169 3509
109 3883
272 4616
7 438
162 924
259 510
95 4821
271 1974
218 762
34 801
302 4465
54 666
167 3129
171 3124
12 2414
121 4740
234 2097
196 340
33 2685
220 113
83 4232
224 2530
271 1605
138 4330
135 71
111 4635
66 2322
246 2597
284 1618
184 3931
22 3832
76 227
179 746
50 1451
25 1366
199 2783
306 2555
25 4439
53 289
229 4702
39 1270
263 2329
126 2556
