980 980
143 4788
162 1749
344 3656
89 1028
243 3533
5 2810
279 3065
182 1379
112 1117
167 1250
48 3805
64 3045
103 4881
153 858
178 4763
247 4857
468 4500
478 3749
393 1111
238 4296
327 175
258 1522
401 2165
312 3689
309 3889
308 3434
66 266
32 1783
233 2704
460 3526
313 1065
246 179
377 2381
172 2074
355 3968
336 4070
138 411
72 4317
394 3201
378 1113
339 719
389 2618
199 2745
396 3619
467 1907
113 904
470 1033
397 4979
114 1188
204 4735
200 2260
337 3168
85 1347
259 4851
291 886
178 136
86 3719
391 4676
190 1003
480 640
181 620
173 4650
421 2883
148 3189
313 739
442 1437
422 1167
90 4814
282 1756
181 2857
36 1746
209 4354
38 2175
80 1368
117 1331
37 3508
262 1495
183 2039
189 777
309 2220
459 437
184 426
461 3991
185 360
207 4306
277 4542
293 3843
245 4158
477 1956
11 2179
207 1436
404 83
119 1419
226 3110
42 1528
134 3171
81 4511
329 1489
31 622
425 4257
223 4976
192 65
211 2645
175 788
101 4907
338 3305
425 1104
321 4025
304 2224
213 2146
438 2898
6 963
342 3546
28 3137
334 2294
102 3583
348 2900
363 2670
387 4554
169 4328
71 2538
98 2099
409 2132
141 719
277 3307
396 2035
122 3162
2 3334
451 2321
18 2425
115 695
49 1677
60 926
141 252
158 745
222 3480
94 4331
292 2605
65 1400
204 3188
355 2469
397 3916
309 3341
399 1298
100 2842
486 1552
9 1249
319 672
235 4879
41 4966
241 4042
267 4114
356 2001
132 3788
77 2615
397 3985
29 2204
262 537
371 2208
48 1860
58 4591
210 3815
237 2402
382 2332
162 4183
70 4057
137 3940
221 2965
57 1384
278 93
13 3661
325 2225
25 2371
473 3240
69 3321
312 1160
395 636
103 3317
280 2709
296 3820
155 1791
476 1751
53 45
384 4645
428 2020
318 2365
401 3858
116 486
383 3181
60 4834
146 1023
418 3021
240 2186
27 1417
12 2079
120 531
275 1985
275 2233
217 2116
277 768
209 2953
75 3219
305 1667
377 4724
131 1946
436 1118
275 3286
30 2837
434 2519
166 801
319 1936
452 1321
250 5000
341 2845
439 612
426 917
325 1624
339 2825
229 740
166 1507
190 4115
465 1928
466 4225
366 1628
420 3109
92 2315
245 4369
245 1175
316 1546
234 462
223 160
207 547
43 516
427 2619
20 216
291 3336
213 1426
302 326
256 2190
38 2983
86 248
198 1187
268 1664
128 4711
278 945
386 3297
481 1004
130 1477
131 1758
139 4541
415 1426
125 2544
420 2670
67 2523
402 4260
206 4126
434 3915
132 3626
198 2288
264 3325
34 4705
109 4965
341 3692
65 4514
160 1214
411 4442
97 12
316 189
370 2860
22 1555
416 335
424 3500
272 2137
103 3460
222 2592
102 1785
345 1471
398 3283
419 961
6 3446
178 4743
452 73
41 3214
260 446
191 3283
317 3248
26 4103
114 2895
186 1391
29 4369
76 2580
84 4235
40 1418
102 2637
385 4085
186 95
29 1278
366 2542
392 161
312 2108
339 4788
249 179
332 4307
412 1463
11 4009
3 2612
206 1714
16 3145
168 1363
418 442
363 4322
262 3789
67 4704
461 1240
24 1241
459 2212
459 790
482 322
149 2747
37 1657
469 2010
469 619
236 3446
212 327
312 3515
79 1579
275 3162
148 3256
380 210
1 110
89 781
200 3489
9 3666
54 4712
38 1540
252 1965
466 874
145 4331
449 4350
129 4674
255 1030
388 4244
245 691
222 2292
173 614
300 4431
233 3608
53 1588
66 262
248 3932
63 292
191 3020
373 1198
112 2112
108 1322
458 3754
321 2595
244 105
335 2143
162 3695
342 4508
100 4262
73 826
470 4543
258 3277
433 234
384 4650
187 672
312 1711
86 1835
401 4357
346 333
159 3555
150 2897
188 1080
459 2375
305 943
219 768
134 1985
304 4402
37 1084
351 1232
191 959
124 4049
296 4643
259 1057
290 4019
56 829
374 616
482 3709
467 3818
35 3214
221 1069
481 1571
261 4548
239 1591
166 3510
440 379
392 2898
255 1298
449 4365
316 1486
258 2129
231 3972
67 3941
241 1517
391 3303
387 2404
181 122
131 851
210 3027
474 4859
316 4288
133 4790
79 2082
246 684
344 2699
176 715
241 4191
260 580
128 1665
295 4499
417 2180
377 526
2 279
469 3043
302 2443
183 1891
378 1227
42 1546
174 3530
407 83
191 4444
373 1765
254 868
108 1558
397 4096
253 1077
357 4036
218 2906
94 387
110 2627
282 3136
252 3839
124 1505
362 4701
324 226
169 2571
426 3641
25 281
193 3065
454 2573
135 3563
195 2232
4 4904
32 4901
256 1465
194 424
251 1213
125 1715
196 2941
190 4380
108 3971
196 2149
208 2400
422 1175
439 3743
348 3279
382 250
79 4110
54 2225
124 4090
144 4390
363 422
418 3920
138 2130
458 1899
200 2170
87 2559
274 1437
461 3520
214 877
421 351
382 2713
15 3453
317 3810
125 1860
152 1756
324 1529
168 2213
2 1310
236 4792
362 4021
326 2960
445 4364
259 2689
363 718
271 3200
265 3968
322 62
93 269
201 4401
55 599
390 1378
445 2498
279 1645
210 2505
341 1689
318 3189
230 1302
192 4815
211 1623
154 2275
241 243
421 2890
45 2208
349 1155
184 718
319 1753
426 534
41 4270
242 1623
322 338
342 3149
71 3390
314 4656
252 4386
169 1730
483 2062
445 919
260 1382
465 3365
45 1041
82 1218
326 589
278 3285
50 479
282 3664
15 3296
191 4127
102 1440
217 2721
341 4516
91 3209
393 4849
86 1857
91 2378
8 434
218 260
272 1727
488 2776
405 920
471 1053
366 3843
84 2409
276 3692
356 3071
53 4716
58 3913
260 3191
443 4813
338 1152
359 2066
172 1857
343 1664
206 4902
425 4308
452 1638
354 3393
150 4541
52 458
312 1039
128 164
243 1484
479 510
110 131
352 4284
268 442
288 605
4 2403
71 1346
61 4219
287 4470
442 1866
50 1396
370 278
194 2494
169 3950
268 4849
280 1444
32 696
436 1620
3 1670
362 3569
127 3345
100 1264
466 1964
54 2200
478 4342
1 2544
412 1866
180 2252
417 3372
286 4436
428 4638
290 2560
187 588
25 3237
103 2834
299 2399
279 4836
65 1043
158 1549
6 2942
325 3085
355 196
342 1249
346 2762
343 2816
472 617
278 335
340 1338
197 994
339 2024
409 1834
59 3096
198 2133
118 1634
385 3245
169 427
121 4752
2 2056
481 4832
36 4245
227 4665
36 4796
289 4365
441 625
244 415
39 2577
242 3407
56 2884
406 532
236 1274
73 2942
302 1554
23 4557
229 2167
34 795
331 3026
400 1432
315 1680
474 3037
85 1231
482 520
382 4778
189 1182
137 3009
376 4123
382 2336
168 4801
127 2988
181 3241
22 4981
332 342
334 4174
334 2062
160 1743
137 2645
330 1614
228 1368
483 4781
84 4918
58 1177
221 698
271 3906
62 2105
314 3215
176 3281
289 4333
483 3779
246 582
363 644
91 4633
289 2573
352 88
64 2849
221 1495
331 4318
225 3523
354 1328
167 3377
392 4768
445 2774
457 188
286 4951
432 430
211 3188
139 1993
133 3685
18 153
87 2403
201 1923
418 2468
298 4380
245 2379
350 1644
173 892
131 1469
67 2829
94 164
47 1712
104 839
464 1876
62 1625
204 1548
454 4732
433 4724
363 3710
334 3125
489 407
441 838
198 3841
283 2902
22 1216
109 3847
164 939
242 4204
367 4204
231 1392
40 3736
49 1312
484 3877
20 543
343 1337
14 1754
278 619
319 18
41 1256
474 3024
321 1921
375 3174
117 440
375 4395
80 3653
307 3757
228 2214
82 2340
437 3784
104 2355
116 1632
213 3943
55 4976
315 4216
347 1947
185 460
210 673
10 2634
69 956
478 3570
180 694
203 4997
370 1331
348 1699
371 3290
431 3181
151 2406
59 3528
476 3303
119 4348
465 1529
57 1949
200 4518
209 4430
75 1074
318 4430
384 2317
21 1896
267 1952
418 2139
136 3778
64 3788
263 404
333 4679
203 837
451 576
198 1783
32 4993
254 4267
48 1013
489 955
83 4951
463 3905
376 3469
105 1244
155 1962
435 1521
392 3968
282 4962
34 4746
322 1532
487 4579
376 616
1 4783
264 292
336 4295
432 2697
480 1881
377 4347
174 73
375 3801
184 4048
420 4932
454 4227
345 2709
267 3216
411 3963
431 4618
172 1294
5 2075
317 3276
304 2873
17 81
133 2322
317 2830
214 2457
245 3987
18 1417
166 3608
471 170
379 1018
78 3519
57 3419
137 2471
78 2711
191 4604
247 4905
338 860
111 3626
97 2668
317 1921
317 3115
211 4385
345 2996
413 469
382 1334
335 2512
135 2270
416 2397
333 204
205 404
488 4931
13 3337
238 987
263 4728
168 4665
106 234
259 1176
180 4168
396 2115
456 3391
422 1835
354 1624
93 4273
173 3270
131 4341
270 1415
346 4498
325 1708
192 3731
179 2650
131 911
14 399
362 4198
42 2828
162 848
409 308
160 3688
26 4729
384 3569
64 1843
37 2771
247 394
313 4866
368 4082
177 724
291 1006
292 341
454 3540
93 4055
71 1995
257 1194
146 682
349 2628
343 1702
205 4675
311 3249
166 4061
93 611
278 1493
410 2211
484 3856
368 1026
297 2925
442 4971
170 1466
57 4017
267 70
354 2614
7 2180
474 836
322 2933
395 3876
52 3325
208 419
170 3016
375 2125
34 3614
259 4156
363 18
274 1437
372 3695
256 3110
163 2525
419 4258
78 1914
203 4817
5 2517
418 1560
423 3360
252 1469
338 2088
422 3506
130 4181
485 4246
26 1164
40 3018
455 2322
431 2371
429 4315
365 294
94 3809
317 256
173 3013
298 1179
140 496
377 1105
78 944
62 1909
393 3735
159 4297
100 2747
366 529
79 4331
422 2971
273 3810
69 2970
313 2705
20 480
263 1296
377 1938
59 1386
475 4005
394 929
348 1346
26 3782
225 369
298 1733
386 3657
451 2638
102 4913
290 908
212 1238
238 2586
28 4707
53 318
457 4397
55 4934
365 4647
473 4206
