939 939
43 3008
128 2521
75 2975
376 1449
367 1490
334 2319
60 3656
151 2523
48 3976
142 3255
203 1649
408 1084
206 82
316 1241
293 1702
158 533
205 4552
440 4128
188 1218
235 2049
124 2864
20 1114
167 418
365 1239
297 2765
294 42
452 2991
192 635
181 2008
366 3256
372 1394
299 4960
52 4251
239 4698
256 2120
328 2774
37 3518
293 747
348 4035
134 712
179 4573
51 3010
229 3879
278 2198
75 825
350 4312
203 1286
125 747
245 703
322 2671
187 2495
310 1282
343 2151
59 2032
33 856
269 394
426 3853
96 3408
453 2272
137 3048
314 1124
248 4680
366 1412
304 1228
435 2962
463 747
451 3329
434 4062
138 4427
391 2133
191 1384
95 1637
320 4679
335 3433
361 1181
47 1227
406 2087
278 87
258 291
314 602
42 3853
140 4998
128 2469
401 1692
315 4781
390 4758
344 256
147 996
420 2908
129 2708
211 2740
281 2162
380 4099
289 1292
301 2550
80 4300
317 676
412 4033
343 3493
63 1750
109 1199
224 235
462 62
226 3611
87 4660
104 1539
213 1552
231 3870
377 2312
355 3954
146 1211
207 4093
460 4358
263 1321
397 2315
306 509
241 4532
110 2300
324 1140
441 4820
264 4873
301 1456
396 2082
14 3953
218 3094
305 1202
196 3430
138 3775
203 3242
279 3334
323 1950
50 2633
87 4509
360 2859
209 4333
409 1012
376 1830
43 220
194 2468
435 1176
412 1573
145 4383
135 821
18 2159
137 3425
200 2697
85 481
122 3162
109 1362
62 2824
50 109
252 2021
267 396
444 1149
94 3922
5 841
113 1161
437 2508
198 1686
184 3412
325 4204
427 3940
333 1871
460 3716
291 2628
185 1269
166 3407
378 1980
455 3442
233 3813
397 235
8 759
92 4814
50 1259
274 425
11 1818
248 1060
33 2310
56 2526
175 755
438 4728
57 2085
238 4916
148 1767
356 2492
159 140
275 647
173 3054
421 4193
309 612
245 3429
395 896
162 3732
459 1352
70 4262
383 3727
28 766
114 2557
227 4208
86 1915
107 1901
396 2800
341 611
325 3121
34 1558
457 4441
321 2527
225 1968
263 3965
176 1463
89 3023
94 2930
381 1847
349 1260
154 737
416 4033
381 3831
95 916
430 3621
442 762
57 2692
57 3180
371 2900
399 3985
73 917
445 469
422 1777
335 1272
325 390
79 2208
208 2710
52 2955
351 2528
427 1375
45 1034
452 3051
415 3818
457 2570
231 362
94 4826
22 4688
154 1342
452 354
205 1477
397 4812
465 3017
84 2419
56 2860
365 3564
61 1205
72 4130
202 3918
11 4642
319 2697
416 572
4 351
77 39
396 4249
224 1495
261 2418
238 666
98 4673
143 3912
404 157
115 1218
444 3654
445 2068
390 3426
311 1916
114 4679
44 1600
327 946
265 352
216 2075
16 4172
448 118
355 1780
413 2032
226 3744
362 609
20 1521
317 654
267 237
335 321
268 4883
63 269
410 4658
376 2547
230 3403
82 2235
193 4395
411 3861
396 4789
208 545
170 1790
139 3352
376 3646
226 3283
74 2298
107 1697
113 3804
465 2972
381 1029
413 916
129 1322
428 477
382 3863
10 2718
19 1367
58 1636
401 2516
228 2102
151 1952
76 1239
311 4976
355 1682
229 3959
220 3235
289 3405
322 2694
419 3507
16 802
178 4729
213 2889
461 2155
358 1319
407 840
358 1315
241 3369
409 2590
172 3875
307 2920
41 2472
144 858
147 295
76 3410
71 441
65 591
51 3232
116 4615
210 2556
156 1474
464 4576
84 446
305 2475
347 1638
345 261
466 901
339 4042
290 2987
240 1326
43 3925
407 160
78 575
466 2605
172 4577
144 860
381 1720
332 420
137 2477
250 3419
13 839
309 2017
32 1318
298 3459
207 3781
285 1356
145 2558
138 1096
451 1340
35 3486
469 4391
440 1165
316 1844
216 71
460 1781
121 2431
102 4906
43 4752
369 1814
434 164
427 2704
179 2421
321 2108
363 3120
71 1376
358 921
236 3273
375 1664
57 4440
273 3201
43 1243
407 3953
204 4011
8 1318
20 2427
30 250
173 2666
274 2993
232 4676
45 4078
304 3167
444 2508
453 971
169 3829
122 2669
119 4915
324 2611
19 956
263 2769
64 3438
457 602
255 1086
216 1064
162 2851
317 1257
246 2615
328 4833
239 757
251 840
35 3655
88 2151
278 4376
77 3933
404 2261
343 4591
468 430
462 430
309 3081
22 3758
235 1664
21 3461
358 1210
315 1068
89 4440
136 4003
208 1719
399 2472
67 1767
324 2184
139 4249
48 779
6 4866
263 4065
365 4626
329 227
415 1662
428 4178
120 2817
199 4529
40 3661
270 1322
205 636
65 2308
400 4950
295 3759
347 2812
85 446
257 3587
7 4443
44 1866
108 4942
191 3884
187 3743
88 246
30 2772
387 3805
64 1650
272 2184
292 2005
278 2643
129 789
334 4860
35 4088
392 26
297 4132
1 1732
160 1068
118 2210
188 3986
292 4519
228 1929
27 3928
147 4913
417 1954
68 4923
364 2458
108 443
374 4341
167 2370
380 3909
466 127
10 1760
40 907
432 1562
377 2880
346 4322
137 560
334 3640
311 1409
134 3423
304 3526
418 852
30 3674
255 4129
238 3735
465 3183
161 813
270 3141
87 315
109 2247
337 2241
96 463
430 914
315 3581
197 1252
27 4984
267 886
202 1629
243 599
17 2079
2 4153
359 3331
433 3028
149 668
425 425
450 3473
42 1521
66 2308
399 2797
140 4923
51 1023
183 4315
389 4616
315 535
192 67
325 4966
390 4635
191 3782
164 3548
288 995
31 2719
188 3331
187 1524
430 1826
198 534
256 2359
408 1432
44 3178
24 2370
274 3088
226 2086
146 1045
47 567
312 2884
38 4485
63 474
261 4886
467 1850
235 1984
329 2874
281 4774
291 2963
422 2826
387 2326
283 3846
167 201
240 4443
83 495
75 14
456 903
341 736
322 4943
445 3033
297 2289
143 3589
203 2938
280 1665
209 1500
180 3997
182 1730
272 19
196 2005
144 2382
349 3664
72 275
304 2654
464 4949
141 2224
116 4560
421 686
444 2049
12 3019
21 2285
406 3033
285 2246
340 1250
440 2831
250 483
313 1426
256 1277
127 4084
174 3503
198 2195
172 3826
122 766
122 2912
195 3677
407 2705
403 919
109 4011
402 3556
392 1713
436 513
56 1415
416 2613
294 2436
366 923
112 396
382 4673
439 1102
260 2355
355 3891
317 1327
468 3889
30 3065
52 3580
377 556
402 2860
204 3939
96 2915
33 794
178 3967
388 506
341 1636
302 3891
465 1300
21 838
154 4573
365 227
374 767
44 778
245 4201
433 3758
322 1530
294 1190
463 773
290 2205
113 2309
428 888
106 3958
71 2856
211 1495
221 3884
355 3819
419 4677
203 613
383 1387
308 1792
340 1540
224 231
319 4486
44 2341
344 464
423 251
173 2318
323 2831
262 3100
125 3634
6 1410
406 809
57 1946
46 4689
381 293
235 2877
139 1899
115 1578
37 2350
110 3002
1 256
72 2040
390 4658
143 4073
433 1787
311 1560
291 4504
121 3541
330 4826
67 628
351 2997
133 2739
443 4081
178 3436
324 2401
9 2532
57 360
41 974
141 3633
168 59
368 4429
268 3744
53 1475
96 4211
273 1598
205 3029
289 956
80 1677
49 3151
63 2819
227 4079
101 2633
348 48
318 86
288 2782
146 776
230 4417
46 772
315 2024
175 2804
227 1931
438 1415
201 1363
116 3787
290 2629
14 3363
20 2103
381 1733
215 4098
76 4972
247 3642
143 592
182 2897
438 2082
464 2938
456 2839
125 4929
391 4743
225 1268
405 2752
139 1647
432 3272
32 184
34 3998
105 726
307 550
41 154
382 1173
47 2117
255 76
411 3659
328 3511
99 916
109 921
210 4500
452 1748
154 1404
133 2549
172 939
91 4308
425 3988
156 2545
217 3867
64 1322
100 2676
344 1100
407 2195
239 1568
220 4023
234 611
444 1980
283 2991
438 4607
78 1147
108 3542
203 1847
366 2524
127 4941
425 688
98 1030
32 316
209 189
19 2855
179 4899
300 2504
276 143
287 2404
195 1609
228 3568
373 4192
442 2239
195 3206
233 4196
275 317
458 333
309 376
75 3325
396 1969
289 4323
237 978
2 2989
398 1437
37 4711
28 2182
309 3889
80 4289
392 2149
123 92
247 1023
92 3254
276 671
373 53
379 72
439 180
64 3521
269 2928
222 3035
415 705
114 1478
332 818
286 2199
287 3323
183 4036
345 2960
163 2102
51 3397
459 1743
432 980
206 73
99 2473
62 4646
367 4040
284 619
465 2605
357 1912
116 642
249 4002
279 1954
100 2204
24 673
265 1936
154 3168
425 296
447 3982
198 3340
12 2880
112 2885
212 414
420 1426
10 463
348 627
187 3763
177 4837
226 1629
328 2519
189 2873
178 2703
253 2511
296 905
101 2818
223 3070
208 4562
295 4015
253 3587
197 3707
423 3275
108 2507
425 2904
1 3621
105 3845
318 274
252 2656
170 610
337 3328
385 1589
169 4382
307 3853
143 4166
51 2372
231 429
357 4229
384 4353
112 4935
85 3657
166 4392
53 4030
285 582
17 2460
110 683
163 176
326 781
54 2922
367 3739
191 1751
356 3322
337 2656
163 2562
260 4727
115 1035
464 4938
123 3550
370 2089
318 32
373 3448
37 153
45 110
296 3271
40 3324
280 1411
257 3880
348 1612
353 1118
359 460
97 4875
159 3770
72 2057
327 4284
318 4552
356 4021
85 176
47 3561
75 2915
64 4427
12 1651
238 3778
67 4375
395 738
11 2474
100 3542
412 4701
463 1103
222 2632
396 4320
136 631
259 4769
140 4408
119 737
376 599
33 3216
222 1977
