789 789
235 35
63 3919
97 2948
393 3832
47 1693
301 3955
28 2667
224 4516
363 707
375 4226
221 3688
205 1317
278 3031
316 3203
73 2565
390 4071
367 2596
175 671
53 393
32 3761
76 1253
46 2313
118 4174
27 3805
362 1436
157 4288
30 3543
389 4114
175 4637
359 346
125 1273
162 2144
179 4749
39 572
301 4245
302 1088
153 4666
299 426
179 1447
126 4143
31 3480
206 3874
266 4496
114 438
327 3720
327 3118
47 4353
332 1846
198 3282
161 4663
355 4096
384 4948
385 3485
133 3444
106 1191
19 3854
18 938
373 1665
363 3926
86 4564
89 1205
190 4994
20 4704
211 4130
175 4891
335 3342
336 1619
253 3640
51 3856
147 4625
44 1204
192 4754
6 4238
75 4411
131 2994
318 3912
200 160
332 4873
357 1699
306 3510
60 3656
270 2192
95 1092
241 1861
142 1075
126 980
58 1591
85 4391
234 3338
377 2329
94 865
31 3730
232 4922
30 3624
181 171
197 3712
128 893
386 2079
308 3954
240 2055
324 1968
239 2148
384 3309
241 1871
97 3696
346 3192
202 3015
66 635
246 431
383 2537
59 451
259 1337
210 2550
174 2498
365 1888
171 2577
300 3489
351 929
76 4145
288 3944
273 3651
349 3415
233 4989
41 2434
191 2367
305 189
107 2619
217 4447
390 300
287 821
14 4126
156 86
211 275
41 2844
60 167
102 875
8 1227
383 2733
277 1706
351 1298
107 3299
204 1665
348 1646
210 4515
350 3878
245 4997
10 1352
366 2451
329 3384
378 4339
155 901
228 4484
11 1642
363 4668
15 3921
272 2113
279 4791
217 4411
106 1570
269 486
187 1805
60 3388
258 2995
386 1416
293 290
60 3171
167 767
292 2624
48 966
208 1579
198 2484
63 4823
178 3936
242 4311
305 4379
42 3970
301 308
204 1550
139 4527
308 553
348 4051
66 2093
367 931
360 1049
142 714
147 4200
351 2136
258 3974
10 1001
58 4556
193 4430
170 3205
332 4822
88 226
146 1773
280 3021
340 3116
289 3321
152 4741
320 56
151 4556
349 886
236 2389
298 659
23 4700
103 602
213 1051
237 484
105 1427
219 1684
232 1604
142 1634
1 4862
141 4037
384 4934
123 3169
359 301
109 234
332 4942
130 4727
37 712
13 2861
80 3207
125 2360
93 2056
20 2331
135 558
324 1314
181 668
175 3999
342 1857
156 4627
266 1873
373 2801
108 201
80 4646
316 2349
143 4370
153 836
47 3666
219 2898
314 1326
125 1864
319 2302
229 1209
392 2511
386 4862
138 734
207 4060
355 4787
290 1430
100 3167
142 1360
110 1147
81 157
141 1932
323 2709
37 3015
381 1800
270 3358
338 478
303 210
257 2281
379 3077
117 4615
113 2675
389 4664
213 684
219 3425
350 2688
156 503
27 4673
104 1422
105 1315
276 1681
97 1882
90 2704
257 4540
112 331
22 3067
18 2929
343 2447
55 1881
298 3994
202 2546
360 4384
29 4780
124 1500
24 2652
11 73
223 2463
360 1221
76 865
58 1457
182 2761
42 1573
48 1058
238 658
105 3515
365 3566
124 2303
306 744
173 3024
8 1898
108 841
135 618
323 2716
319 3613
18 1928
73 4579
382 2901
72 3317
60 1160
358 1487
362 3838
334 1885
90 3232
129 4892
380 2001
1 403
379 449
153 3863
223 1904
102 4997
206 2747
287 467
357 2360
241 374
291 4772
251 1166
345 2277
282 4153
347 3404
110 518
299 3261
172 1452
185 3372
351 3829
148 2756
11 3626
237 3462
353 1855
330 3741
5 3616
313 1791
211 4185
385 4703
19 2635
132 4017
188 2436
317 1436
129 1282
146 3404
213 378
375 1386
126 485
80 3139
167 3337
118 741
129 1865
250 4106
221 2856
271 2962
264 3573
20 2178
354 4648
393 2278
342 4450
37 2603
313 3661
317 545
185 383
291 2506
157 1020
262 2390
115 1534
182 3874
290 3860
297 3499
146 1240
80 1949
195 3349
173 2512
225 3303
371 2006
100 4543
313 2930
124 2910
89 1074
239 39
305 4338
226 1569
294 3711
64 3831
210 3266
242 4175
17 446
129 1057
21 4344
132 282
23 362
24 732
54 4226
110 2348
249 4005
318 3740
241 3193
322 607
127 1783
345 4464
84 4357
371 838
224 4644
91 550
299 1293
72 4767
296 2111
279 4283
214 174
14 4744
323 4735
304 2156
219 3845
65 3886
306 3379
120 4917
335 1098
198 4973
392 4790
52 684
101 2770
120 708
356 2918
45 4127
294 3611
323 2070
79 3671
346 3847
165 2723
304 2823
57 2580
188 2428
303 1786
283 3053
185 1500
136 21
242 4722
316 1751
329 4761
360 3861
47 1424
295 700
272 4157
326 1373
155 2560
196 3792
213 3417
287 3035
224 4711
218 3837
339 3019
78 3389
301 193
156 4819
34 2703
163 2837
345 416
119 3460
118 4266
304 583
296 1074
226 2551
344 866
145 1010
279 4972
58 3283
388 3514
390 3157
261 1452
33 18
259 3592
92 3502
313 3998
390 881
151 3543
137 2221
316 2832
103 1386
16 1415
320 4367
201 3995
178 3130
130 4493
75 3751
225 1636
278 1757
47 4224
302 2229
306 4813
153 575
357 4668
202 233
157 1684
270 2367
72 3532
150 413
149 861
119 3097
384 1001
344 1081
182 202
387 2640
295 2687
330 3682
345 1508
134 1064
371 1605
161 1577
366 4735
73 2195
40 1109
147 4797
369 374
13 3993
223 1005
8 3292
360 3119
251 3690
158 799
232 2391
209 449
95 456
268 2686
49 80
272 3422
368 943
311 2409
271 1941
4 4070
76 4444
156 3960
251 600
267 1676
378 2991
360 4841
101 4277
232 3479
207 3399
279 4110
108 922
385 141
169 175
214 3134
66 4266
288 1692
17 2686
160 1605
197 1230
32 3775
102 2064
306 1452
92 1248
121 207
268 73
353 598
34 1788
200 3854
103 4669
176 3235
358 4311
75 3737
125 3959
212 2567
328 53
287 2621
163 1970
43 1287
114 4310
125 2910
20 3364
360 661
374 2830
106 2326
210 1205
62 2545
166 2882
330 4858
333 2314
181 854
191 2564
137 3385
182 2750
18 3916
213 2291
112 2833
259 2712
312 1118
175 3349
378 3247
250 550
212 3699
373 2606
97 4519
50 4288
333 1715
162 3099
239 3833
139 4732
216 2474
246 687
188 3686
322 4276
282 1850
300 4739
106 3364
74 4176
327 4436
50 3725
347 4761
322 1688
141 4084
35 2711
78 2412
53 4709
186 364
103 2582
150 1168
115 523
346 2182
237 1495
226 1862
393 2466
308 2142
281 3010
289 242
166 2061
63 4119
114 231
230 4794
388 2286
59 3767
160 311
89 3732
376 321
337 3974
264 2333
249 4628
35 3868
329 1201
141 2478
199 3962
247 825
306 4916
283 184
8 2301
384 4302
231 4485
45 2826
61 1438
26 3242
191 4083
269 875
294 3156
386 2804
233 452
293 4990
90 713
303 1453
303 3941
344 4647
59 118
206 4486
369 2296
305 11
140 4648
293 2318
379 1285
319 422
295 4983
130 4750
167 1800
145 37
127 711
35 922
204 3361
322 1294
73 2677
7 2383
143 787
120 591
226 1682
35 3555
174 3757
176 2093
361 3207
303 3516
108 2481
360 920
267 1351
137 4265
33 358
35 844
86 4453
122 3411
25 2617
187 2934
140 1698
85 2112
130 4051
32 3054
50 406
1 4932
375 2816
122 4320
182 4400
191 2905
251 3423
289 2942
18 383
159 920
90 113
137 1179
166 253
26 3362
76 1538
253 3946
61 3369
218 3672
75 343
279 994
212 3413
225 1028
285 2161
225 2502
85 1945
84 3732
25 4973
136 2217
185 3358
326 4292
105 2728
249 1869
69 4386
291 4434
142 1736
69 3635
294 2166
35 4925
130 4898
50 1796
192 4133
287 4443
201 4838
388 3688
184 919
215 222
85 4890
61 4059
178 2428
125 3885
340 462
318 3808
365 2380
149 3756
297 131
61 630
238 1942
263 3011
12 132
295 3296
37 1239
46 256
304 2757
218 4320
86 2052
5 804
274 350
82 3849
123 3958
381 3977
217 2134
340 3731
323 2310
7 1837
142 3861
87 3994
351 1561
326 2784
290 2287
