833 833
321 1798
231 1888
397 351
4 1070
12 4341
119 3635
255 2678
270 3914
401 1645
362 2529
62 2371
13 10
325 4466
153 2695
219 4112
388 3321
310 95
297 704
399 3224
366 853
409 2045
322 3810
217 701
238 474
10 3485
36 2238
355 2889
404 380
28 4392
323 1323
384 1014
369 168
146 3251
299 2631
218 1338
3 4788
214 4613
17 800
395 4321
218 4390
61 4553
114 2564
324 2137
236 817
209 1529
392 4858
323 3707
298 1225
237 1106
28 126
66 1612
384 1042
190 1098
178 4619
416 3625
241 3341
364 659
130 2473
209 67
114 3391
147 43
259 135
107 3445
8 2578
282 3045
4 2938
287 657
180 1198
384 4471
102 1311
289 3370
37 2691
228 494
263 1368
101 1918
368 4781
246 2395
298 3476
41 4880
192 4068
46 2874
94 4982
384 2894
69 1800
89 3875
403 4332
240 4536
192 2238
107 2407
220 2827
367 2681
325 2633
359 3371
388 4641
210 723
161 298
134 1760
64 4865
163 2813
380 4186
54 1558
138 3158
321 374
33 3477
274 974
55 4890
183 4072
237 3313
204 1318
390 4566
98 4212
236 2100
374 882
416 4010
270 4127
324 4071
75 4791
224 3748
281 2161
77 2216
175 2539
52 609
53 2857
371 1618
327 1817
314 1223
133 3035
309 3264
321 1644
29 4229
259 2691
180 2777
332 3236
371 2498
281 2741
75 4267
193 267
2 493
380 2997
329 2851
118 1985
314 2308
62 1120
156 912
32 4678
72 2769
171 2260
243 1217
120 2885
177 1853
148 4452
145 2634
160 1702
300 1040
217 376
375 1514
12 1172
268 4545
362 2433
306 1946
352 3682
298 2170
291 3043
59 241
180 1791
359 320
67 3189
337 3483
49 4262
263 1602
161 2923
286 3775
223 1876
302 3396
211 749
43 2964
17 2649
280 3967
100 3018
228 4607
125 4605
60 3644
178 2173
107 3856
129 2980
81 185
251 4400
135 1376
254 2825
45 22
30 3250
282 2953
51 888
174 2141
42 175
96 2846
281 1161
391 1221
105 2090
303 615
395 1618
84 4697
175 4145
268 2781
89 1694
175 3633
354 3244
313 3077
275 2581
58 3197
16 2450
149 3493
146 3848
244 4648
202 2528
119 3440
88 2856
53 1641
252 4437
312 1214
319 4175
276 983
266 1161
239 4556
86 930
234 4270
25 708
100 1071
296 4552
377 2169
191 1736
155 4500
340 4642
295 2946
272 1951
164 4247
96 1511
143 713
363 3978
167 3761
331 1977
181 58
411 4127
47 306
93 4132
9 1065
291 4988
121 4604
290 676
287 3305
43 4843
28 4863
370 2210
269 325
376 2
382 80
175 2012
7 778
253 3242
327 860
258 1089
146 486
313 3732
195 184
187 4333
277 1202
185 3971
36 4173
391 1917
305 642
107 530
218 1664
122 1197
105 963
7 1407
57 975
313 4702
218 3176
110 2667
174 4092
300 2916
165 791
204 3117
283 3344
356 2077
287 490
184 4531
287 1254
363 2342
131 1648
258 3041
120 4993
25 791
31 1408
154 4484
225 4044
71 3750
184 4081
160 4330
146 4541
75 854
352 3118
308 3266
80 4174
86 700
116 2915
104 1758
47 3867
374 1688
135 1091
170 4126
375 3183
294 151
141 2959
227 2396
120 4503
371 2995
169 499
318 4634
287 4609
102 3344
280 1878
256 3068
404 1078
391 4549
251 1784
179 4928
408 670
108 4606
283 4479
175 2947
305 3239
209 3503
371 241
43 1400
41 795
262 1217
74 4280
10 331
349 1702
15 3454
312 4660
398 1852
195 4658
109 1711
355 4211
160 1175
162 1820
318 2676
231 3481
124 3582
1 2529
73 3341
279 911
265 2882
100 2577
123 2529
238 3398
157 4218
79 4875
101 374
172 2443
175 452
187 3136
99 4284
283 979
135 4154
202 2069
345 1944
89 4080
84 2975
42 3024
248 1506
393 2911
185 4865
142 4592
338 3919
345 1144
53 2436
317 2858
389 4614
355 1481
52 4367
408 2935
395 3219
105 1158
170 4319
98 3865
374 3134
36 108
214 1401
241 4537
359 1301
161 2716
47 395
27 1475
370 2893
338 2526
72 84
337 3039
200 2774
286 4104
178 2801
196 2050
310 51
285 4752
274 896
49 1628
192 3596
98 528
382 4014
356 4636
279 4040
322 3738
301 2797
91 726
283 2474
132 798
128 3968
349 826
216 3127
375 2014
258 2583
266 1140
210 847
39 4953
237 123
385 4106
13 1711
339 3498
278 30
121 2150
105 3124
12 2382
231 3455
242 162
172 2092
47 4169
378 159
360 2003
325 3074
124 38
67 696
272 4459
404 2020
200 2974
328 351
139 5
24 1598
55 235
174 1591
11 4021
58 1117
104 2681
380 1213
412 4977
83 4808
24 4692
201 39
229 4714
284 1536
172 268
336 1994
367 547
213 3270
95 3297
168 247
301 3577
34 3160
152 2529
408 2485
382 4657
301 3275
372 4186
1 3133
164 4866
301 2779
250 3423
339 368
229 1312
186 4453
344 4733
376 4772
344 4925
400 680
27 3608
247 1426
123 583
312 4345
55 2806
238 1622
266 3471
119 2006
219 2347
106 4748
115 339
394 4487
77 4601
138 237
138 4227
167 2822
249 1769
110 34
61 988
84 3354
279 1432
166 4951
102 4004
307 761
249 4123
344 4814
308 1719
9 657
375 2955
128 3926
223 3035
156 1591
176 3818
208 1891
307 3435
396 3452
217 3690
120 139
117 1841
45 1250
175 4566
326 2343
67 2484
300 1315
370 192
166 4575
9 4782
4 480
101 3925
414 2154
322 3785
310 1257
175 293
403 81
361 3183
209 4450
239 4098
87 2291
217 1219
182 4209
288 3516
10 3755
186 3632
405 2524
95 2112
365 1884
398 74
116 272
72 4734
296 4006
239 4603
234 2772
4 1888
265 2757
269 1577
343 2469
380 319
214 4559
18 2966
92 1307
151 2266
2 246
409 3742
410 1864
305 3953
123 2473
166 4033
5 814
105 2445
277 2687
265 4525
194 2027
277 466
332 1680
338 1290
334 3201
100 3297
311 2579
62 1740
114 3040
192 524
40 3576
208 3229
45 2767
360 4829
112 1619
350 1384
260 1801
65 452
283 4590
136 3818
264 1702
80 2576
242 4301
378 446
299 4159
89 3653
354 517
149 2514
158 2904
183 1445
247 176
115 3517
102 2813
387 1439
239 439
9 3038
235 667
146 3464
271 2602
3 4845
290 4564
75 477
29 4114
116 438
387 1867
119 647
64 1135
373 4087
91 4659
385 708
195 4814
366 4576
28 952
209 2451
216 88
114 4439
113 4050
258 1579
146 227
100 1454
256 25
394 2722
321 4528
269 1792
234 4647
275 1386
18 4514
264 4084
114 3154
280 865
333 573
99 435
315 1201
290 977
358 1684
305 3184
75 561
4 2559
284 2997
97 3750
89 992
193 1647
299 1130
369 2841
4 1807
310 2922
184 2304
153 788
12 2570
207 3347
23 448
158 3036
224 2491
70 2821
396 4324
36 379
70 4981
81 2365
257 2769
393 1265
384 3527
114 3227
156 2125
228 1766
158 2356
273 1236
3 4499
386 4610
386 4697
227 468
16 4517
267 522
127 1824
289 3552
346 4690
134 2756
84 3779
55 3289
198 4655
170 1163
287 1256
118 3797
194 4312
384 1587
127 1865
49 89
382 1010
32 2808
77 114
188 1445
369 776
51 435
412 247
132 921
150 2752
258 1045
346 1887
225 3822
183 4198
179 3566
30 856
398 3299
286 2463
41 1863
259 2137
94 2684
164 3482
101 1119
237 329
208 3855
35 1389
259 775
58 3460
230 750
314 2283
294 1580
194 172
4 1686
206 104
354 2690
267 2029
24 639
407 4254
191 3162
291 1348
130 2768
41 4682
308 930
219 558
329 4543
371 2615
116 3194
100 1200
149 4026
361 3383
320 4262
381 1225
146 1127
299 4116
321 1432
214 4764
216 4336
284 1090
32 1028
301 4798
163 4269
407 4472
309 2957
46 1485
360 896
332 4020
242 1821
308 1908
43 1506
327 3507
138 2562
380 4896
391 4048
40 3238
398 2438
27 3110
303 4971
132 542
95 3157
244 2133
156 4684
42 4336
196 3105
161 4109
34 883
398 3562
50 1583
260 4
68 4448
154 971
325 3575
346 2643
56 3235
179 3737
61 4954
332 221
147 393
122 4761
143 4550
271 4082
303 1918
262 4847
280 2668
392 1876
239 1498
168 1426
271 1191
381 1893
130 1767
99 4485
41 1546
28 4662
191 824
38 4434
271 1861
27 4210
50 4323
373 648
59 203
308 1982
340 2434
132 3993
387 728
25 2316
210 2011
250 2544
13 1394
78 2065
366 360
138 157
251 4191
131 2344
