133 133
64 3084
38 4821
41 1374
56 2889
15 3067
57 922
29 3904
28 4334
31 664
32 3651
47 1687
6 2793
62 4887
37 2123
66 154
45 2151
27 1695
53 29
45 501
18 2737
64 4281
21 2903
13 953
26 1305
52 4357
26 4191
44 4100
7 1084
32 120
58 4694
29 3158
17 391
65 3593
28 3603
20 4468
56 3610
9 3799
57 4582
9 1616
2 3389
40 1193
19 3993
2 3434
21 2545
44 4077
10 2011
18 113
40 4137
9 557
1 4593
38 905
36 384
39 3124
29 2722
7 1549
9 2728
65 3330
2 264
28 1465
14 3397
35 3444
32 1929
7 4321
14 1021
27 634
58 4675
61 4825
18 3684
29 1299
61 1406
53 55
63 2685
39 3386
21 4119
40 3852
5 2961
24 1593
42 3224
31 4191
8 479
64 660
19 3296
59 1562
10 1467
10 4834
21 2528
10 2391
32 1242
2 3742
50 815
48 1420
18 2049
13 2381
36 3792
23 345
63 3509
56 277
51 1590
60 1245
56 393
27 3782
17 2434
39 4149
21 1657
57 1650
51 3530
51 3640
36 3055
36 3895
53 1925
31 900
34 1007
51 2079
42 4547
1 2033
29 1819
13 1150
65 1599
49 3590
11 513
47 480
16 686
14 2278
65 3044
28 1184
53 3615
54 3827
44 1845
14 4651
63 4582
39 705
3 1038
27 2623
