502 502
138 536
106 4208
169 3576
180 3347
35 3943
16 1436
111 149
70 1409
1 1516
58 1923
150 1775
128 52
250 690
195 1313
140 1264
21 986
139 4050
24 4543
14 2174
214 2227
198 2095
136 2121
12 2270
232 2782
232 1134
23 5000
236 3689
26 1874
109 2819
88 347
12 1989
148 4524
40 836
146 2677
239 2127
226 1003
164 3079
88 1410
65 2426
31 486
223 4141
18 2856
26 4864
11 2948
208 1511
162 1198
59 1882
145 4787
186 1365
225 2138
198 3361
80 4928
68 3042
108 1546
242 336
194 2210
92 1643
2 4723
185 4008
138 3079
184 2443
163 1961
86 2213
145 3527
241 592
193 3145
151 4880
21 3544
236 3578
162 1701
73 2244
65 3312
232 823
114 1776
8 30
10 4230
103 4212
238 2435
127 1481
60 3576
179 2305
101 3504
97 3838
156 1795
45 941
50 2294
17 3957
15 1360
114 3274
77 2399
2 4948
216 4054
223 4006
89 4784
161 2920
108 1137
49 3113
213 1788
26 3477
28 53
95 3686
41 3558
158 827
30 4317
119 4031
126 2498
15 2513
56 3278
234 4798
44 1903
111 4079
88 4418
18 1987
35 4269
2 3019
89 1317
219 1321
206 2462
21 1968
96 4101
216 303
130 2230
9 4530
58 1096
93 1662
86 1159
239 877
64 2407
21 3350
107 2150
101 1127
40 4322
11 1066
98 4625
106 1220
233 3493
7 713
73 3794
198 3643
112 695
112 2450
92 1871
137 4524
1 4100
10 156
223 343
197 4880
52 976
94 1999
83 3551
237 3071
28 2170
80 3062
176 370
194 4671
19 708
6 2851
105 4404
174 863
155 342
21 881
232 4259
146 2452
140 2876
225 4125
72 290
135 3719
208 3411
129 306
176 1867
97 654
148 2488
36 2389
69 3131
206 413
77 2854
186 2659
44 3939
206 3301
80 11
221 3791
103 2864
63 2466
93 4857
226 680
115 2180
133 1839
51 2054
193 3414
231 1088
5 2550
142 1391
120 73
225 1483
201 3902
78 4121
45 4614
208 1172
180 16
105 4611
177 4519
191 791
205 1325
147 1451
173 3068
68 1331
203 3050
61 3709
164 4961
216 2027
13 4173
221 3245
213 1109
46 947
68 4902
64 68
195 4060
37 1835
228 2444
21 4428
54 4012
91 2599
226 2553
128 303
171 2500
236 3480
177 1745
52 1312
105 4736
38 4841
68 1040
249 895
4 605
9 3066
174 2875
116 2500
3 2121
54 797
49 4572
238 483
176 1934
244 2922
205 4162
159 3294
19 2740
32 1716
130 571
221 2900
32 3081
95 2059
189 2003
153 2972
114 3184
18 4386
20 389
2 1072
48 5000
145 1559
125 3418
248 4239
169 4470
119 3822
45 3832
224 895
190 3073
22 918
199 3004
43 2690
60 824
161 4960
180 3382
190 4461
229 128
96 4502
104 1346
151 3002
5 3189
134 4439
117 3348
110 4885
115 3346
127 1239
10 2036
79 2999
47 3080
170 853
5 4405
189 4216
68 1836
225 2127
20 4932
186 3116
5 474
173 1798
222 4336
206 1228
233 280
16 3393
14 2413
112 202
196 2408
142 358
234 909
92 2040
28 3631
222 2689
205 3777
48 3731
129 286
249 4322
204 99
16 4125
154 1804
16 2740
140 712
199 3005
159 1202
151 3597
67 4448
143 1026
58 1452
185 2582
95 77
48 514
104 958
4 2436
219 3271
54 2741
45 2794
157 2249
97 2296
53 3100
84 464
245 4149
241 299
119 4618
2 3128
171 2726
177 378
230 1985
144 3142
21 4379
122 1978
177 3802
216 1687
104 3141
105 4177
15 3054
34 4075
177 4713
144 660
78 4580
118 1055
7 2062
118 3429
223 3381
210 4409
92 2986
50 4597
134 1400
250 1561
18 2129
187 1810
173 851
210 1547
202 3677
64 4995
64 4465
17 4862
178 280
160 1492
223 1693
248 1744
59 2567
95 1790
111 3247
241 1511
212 4986
135 129
193 4840
25 333
16 520
154 3293
68 2227
65 1405
166 3308
92 7
47 949
223 488
233 4630
117 3591
51 3740
134 4793
143 61
190 3333
13 1070
57 538
185 4041
76 3225
34 314
127 1360
50 4844
186 4891
75 4755
122 4222
126 3833
111 3150
26 4802
174 2939
158 3315
185 3015
29 2577
81 4614
147 3400
185 3418
107 917
243 3351
250 1846
197 2751
70 2068
178 4349
123 4158
191 953
195 589
97 9
239 1912
64 1623
117 1893
192 3436
241 4733
61 3215
151 1221
181 4236
228 4901
207 702
1 1190
137 1301
137 636
233 2539
159 4374
200 4467
71 2531
124 1435
98 706
130 4338
207 3941
127 670
208 3248
123 4345
127 766
240 4939
143 4457
59 911
219 3839
67 4017
114 3895
107 3478
103 569
110 3458
156 1032
76 4636
224 527
238 3614
161 2111
177 805
162 1077
26 4108
161 1867
240 2703
149 3208
60 457
60 1704
15 1031
100 3627
116 1040
117 2328
141 4325
71 3821
236 4219
93 2296
112 4887
187 2486
213 2839
34 4758
99 2585
59 452
112 2455
180 1456
144 28
25 1752
54 1405
155 1599
240 4560
83 3667
172 2351
167 2448
97 439
157 681
118 2039
53 3098
159 3429
159 785
