922 922
424 52
331 1088
78 2968
71 2733
284 1593
372 304
373 530
107 4956
181 2356
435 4360
249 2123
206 1831
240 177
193 3049
175 1521
110 1
120 88
374 4127
123 1476
27 4246
33 1673
61 233
256 126
156 1746
434 2679
81 3036
98 3527
154 895
307 4914
377 538
454 2153
74 4863
442 985
87 1240
284 915
336 3112
404 2280
84 2541
455 2444
291 812
16 4013
216 155
201 554
77 1840
195 905
336 585
388 4743
146 2429
404 4371
380 1308
448 2920
189 230
89 3100
254 954
114 2723
289 3360
19 2707
198 1276
67 3275
157 2114
279 3762
107 1140
131 2642
7 3210
165 1629
146 2384
344 4528
118 2978
424 3111
400 2646
331 3661
3 4474
134 4355
312 780
439 4251
337 4486
437 804
221 3281
357 4191
123 1659
414 4971
154 2422
391 3852
32 1970
80 784
344 99
221 1943
122 2232
148 4181
60 3223
197 2209
245 4147
9 3609
417 288
131 3195
276 2902
412 2038
441 1492
335 3314
126 1096
324 721
4 637
197 210
168 4919
58 143
130 4437
247 1253
182 4
141 2609
291 2232
323 4665
433 4333
234 2885
158 2926
281 1545
352 1777
394 2377
92 1462
133 4205
126 1181
93 3952
321 4786
450 3772
342 1989
128 4773
246 577
124 1692
450 1046
60 3911
188 4490
398 3214
90 4990
126 3436
421 4296
253 4250
164 418
2 3041
37 4540
120 2055
356 3775
120 1104
198 964
54 82
397 2738
205 2366
22 4527
169 688
374 4079
406 3084
109 2053
31 4458
198 3386
163 3990
454 375
279 3918
169 1046
134 2038
181 3449
175 2776
436 2210
171 2766
125 1382
2 304
402 4999
32 4463
427 651
436 593
20 3087
137 4791
109 445
416 4745
237 3093
127 1859
56 2859
109 2316
119 438
13 4357
240 3003
21 2474
101 3985
61 2772
301 2906
444 4814
409 4594
204 3185
56 429
281 3763
113 4674
79 3667
351 2880
183 499
395 3755
139 4418
23 3141
434 3022
214 1631
221 1027
143 2485
344 3560
419 2766
164 3040
210 4964
448 4032
433 4413
206 2996
357 2871
347 2981
16 2774
44 3346
382 3415
319 1835
262 2155
221 503
353 1083
271 1417
447 4197
200 431
282 1804
390 2814
124 939
332 2034
98 2272
360 4199
178 2254
324 3127
189 56
318 4036
348 373
389 2030
40 1567
130 1604
49 70
408 2527
236 2444
414 2709
434 1491
313 2114
2 4066
325 4047
245 2041
372 119
70 2598
222 1885
137 3251
346 4486
398 1957
289 1768
318 1205
430 2588
418 192
37 3354
273 315
246 3046
300 1346
108 2824
386 29
304 2907
320 762
23 963
432 1066
61 450
305 4300
196 2714
394 2443
335 3408
447 3274
435 4923
316 2673
374 4376
436 2555
287 4859
91 2670
41 3887
234 2388
412 392
426 2931
328 4404
438 1331
356 2316
112 4076
386 1188
309 828
410 1983
235 3749
110 217
115 4503
402 1521
301 2027
325 1383
99 4992
189 357
336 2308
356 4036
267 3933
300 312
444 2747
394 3224
41 3092
320 3140
35 3147
422 524
371 4253
16 1985
219 1263
140 1612
236 3550
347 1580
86 744
235 3608
52 2023
201 4557
88 708
306 4967
34 2626
99 4008
414 2804
368 1369
236 629
226 456
131 2327
385 20
22 2701
460 3300
194 3352
372 4165
351 2050
420 4824
116 2088
94 1384
457 4639
439 2509
435 3408
261 4862
205 635
73 3684
204 1755
283 3689
270 2940
303 4178
277 4751
186 4275
231 1128
103 169
171 983
175 2347
374 3137
58 531
231 4847
73 3193
394 4036
170 1035
247 3095
141 3549
250 2888
59 3402
416 4625
392 4411
353 3308
262 2341
198 3059
62 2356
241 215
265 4269
455 1928
287 4568
408 4319
321 4342
61 567
85 3893
104 3712
308 4990
374 3439
418 1813
188 996
401 2461
371 4615
388 4831
362 1978
248 4001
47 617
457 1517
315 1260
404 4873
310 2343
204 251
254 265
176 344
303 2661
182 1221
361 2287
249 4017
355 4704
263 2398
16 1462
82 2492
347 853
409 2057
176 9
63 4113
69 1379
232 4577
329 1588
285 3099
113 2650
393 1573
338 3517
3 4886
116 2
72 3706
435 3304
376 4812
436 184
228 4063
277 1898
255 1220
457 4166
226 3484
255 3428
264 891
197 1700
275 3014
64 2862
61 1647
313 4377
145 2158
70 686
417 994
451 4257
381 2297
278 1543
70 1499
325 4985
286 1205
68 1928
116 379
379 1391
278 1339
451 1962
166 687
4 4209
164 2096
449 2537
412 2366
292 609
199 367
403 1168
425 1044
24 823
202 222
185 3626
102 3764
100 1323
46 3230
374 1410
114 2214
290 1155
371 3047
291 3936
314 230
96 3994
419 2606
179 1550
160 332
83 265
251 3398
382 1709
12 4525
238 650
425 3672
105 3227
57 3174
34 1119
331 614
126 2215
84 3566
380 620
76 1681
376 1485
34 4488
117 230
63 1330
297 70
31 4881
165 2515
185 3644
225 4939
128 4527
414 107
275 1582
330 1876
125 1732
111 4205
185 3051
174 945
33 360
206 2153
336 1825
41 2393
236 3892
396 174
163 2963
139 2696
45 1365
150 987
241 3213
202 638
73 4187
263 3757
218 2414
71 4439
328 130
458 2396
23 2071
218 3635
430 1111
178 3336
440 3707
2 3510
391 3159
393 4354
320 4748
39 1583
258 4068
271 1564
125 395
45 2002
459 4393
67 354
371 3197
240 843
349 946
191 3760
24 1016
104 1321
109 1395
409 2509
318 2582
288 4232
263 137
315 4330
423 2180
453 3813
214 4948
35 2018
32 4818
164 1691
88 771
77 2304
350 1163
143 3860
353 1600
439 1481
4 88
372 2767
388 1180
394 189
304 1559
51 1169
366 2384
108 3642
263 4225
111 1009
312 2654
108 4792
86 4811
42 514
104 1505
121 3811
33 618
156 3298
103 4741
320 3118
201 1716
380 1882
354 2309
73 2587
140 3920
161 1297
402 2212
276 4710
321 2487
48 2242
306 1820
49 4081
232 139
91 409
209 2260
344 3096
439 2250
184 4283
286 2356
367 2684
86 1700
164 409
167 900
157 2029
127 2049
431 4054
327 4906
126 687
290 4520
392 2529
24 1165
183 1975
111 1391
172 3793
200 4266
412 1485
54 2665
262 4315
152 2255
41 4176
53 3591
5 1326
320 4959
280 9
74 2779
87 1441
181 4950
239 1266
450 3983
178 1692
194 3121
282 1202
44 2745
312 1791
75 1717
175 4322
161 989
413 1169
97 580
430 561
257 1514
428 3196
60 633
331 4206
312 251
358 1457
24 1643
188 4486
338 2910
120 4906
382 2065
108 3868
268 4880
138 2639
60 3984
108 3685
398 2833
105 213
377 4167
1 4880
440 3662
336 1395
84 762
2 4811
371 3866
261 4215
289 3105
232 3167
125 906
260 3409
421 1459
334 2073
411 4728
77 1614
87 3180
370 4293
436 973
100 4440
377 1446
105 2813
167 4157
198 4452
222 614
449 3704
96 3352
58 4452
115 1608
24 2217
370 219
113 3859
171 2841
325 1126
399 4405
216 1878
164 4618
286 2458
231 4915
5 594
418 1011
294 4961
401 1944
11 4779
51 1903
325 1489
293 1408
37 4709
166 1154
62 3772
413 2609
268 225
237 3090
181 2373
142 3652
273 2700
283 4420
421 1872
43 427
111 793
50 3149
42 4769
394 4777
275 2326
331 4952
190 577
119 2609
130 3731
98 2608
59 1555
192 4745
96 2089
364 4842
281 2471
60 115
79 2930
188 4659
358 3427
352 1367
57 3905
69 1754
182 4444
271 2132
355 2337
124 2301
413 4197
281 3566
161 1844
353 550
126 2455
186 3560
147 964
161 162
361 4771
19 1677
19 884
11 1500
41 2704
207 53
282 4735
89 3402
313 370
200 2484
270 4701
346 3176
390 3893
135 2704
53 2239
138 2366
434 4136
236 3906
103 3993
308 869
321 3373
53 3093
445 786
285 4816
60 4386
378 947
235 3625
283 3380
366 1477
301 903
362 796
32 1412
159 4196
395 4476
4 2713
358 4714
361 3873
348 4205
12 1340
254 3630
270 732
282 2875
410 1201
201 3568
439 4288
404 28
440 2830
192 1952
274 4596
395 1389
420 2728
88 2164
218 1333
170 1258
296 237
126 4185
286 2485
268 3709
45 2334
448 2508
281 3718
248 1004
58 4753
327 4800
153 3100
290 1910
286 1186
14 4250
208 1863
405 1475
324 920
149 4745
80 4128
356 916
111 2670
261 1461
316 2061
219 4538
74 4407
149 3545
405 4542
186 175
196 2093
111 4601
317 3675
453 172
161 603
148 2259
450 4506
286 960
180 2578
367 2310
210 4601
391 366
279 4784
402 148
114 3663
369 1218
108 4689
15 2137
95 1828
195 2122
451 4623
413 3987
148 266
166 2261
149 762
435 1222
291 4996
428 4257
152 1427
117 831
427 542
191 63
301 4121
81 2085
267 3382
222 249
54 3175
315 2253
47 3535
178 1160
91 3059
166 4360
105 1270
39 1015
198 2197
434 1499
60 2112
395 3335
1 822
340 1635
298 3223
125 3599
52 2846
207 2093
309 3506
176 640
29 22
92 3405
13 4788
103 4171
294 2077
433 1223
179 3145
248 495
103 3542
277 956
147 1282
339 738
118 2399
426 4248
434 4342
395 2000
211 4325
96 453
73 897
98 1223
151 1659
230 422
209 4714
440 4633
221 1413
325 4473
268 2674
418 1091
212 3686
327 4159
267 651
324 3274
123 650
15 4983
58 2850
274 1578
348 4100
325 3638
156 3962
413 2517
431 576
