189 189
24 4978
9 3592
84 3863
5 2913
79 3467
68 416
28 3068
70 3211
18 1901
61 303
31 1970
72 377
10 3076
65 2526
40 1061
79 3095
71 2155
26 4265
83 2366
27 580
82 2046
46 690
41 2245
14 825
32 3853
59 1003
67 828
63 4946
90 3263
35 926
17 570
82 1816
50 3426
24 4508
19 4822
25 1123
62 2671
9 2914
39 2262
29 2660
86 655
13 37
30 2627
29 2628
77 3603
14 4577
86 4643
47 831
56 4244
90 1464
27 3152
5 2319
1 260
54 2540
27 432
11 2287
78 3193
27 2934
73 159
20 195
57 2690
82 4569
27 1029
70 3739
53 1607
49 2522
52 2595
12 1735
58 1681
67 2720
4 3381
35 4904
5 47
49 3446
56 2088
82 904
43 2598
89 485
50 919
85 342
88 603
49 2802
75 1875
70 2606
13 148
60 3453
15 3470
71 3526
54 4918
42 3101
61 1252
37 3148
6 3588
84 4149
23 2618
26 4713
25 2276
31 3994
70 1184
79 4484
72 984
3 2240
7 1147
7 2724
2 1792
60 396
24 2831
29 2792
2 1902
12 1950
88 3928
33 4017
8 4619
52 4764
78 3208
91 3218
1 2204
90 1722
20 1382
20 4929
75 4860
47 3187
85 4879
52 59
45 98
53 2623
24 1859
91 3933
53 1613
72 1502
32 1065
58 2103
47 1468
24 2013
25 2523
29 1921
47 4426
4 3802
35 3484
57 4458
23 2570
31 768
59 3062
80 2691
93 87
40 3836
61 451
29 126
41 1860
60 3699
61 3534
52 2954
14 1314
34 443
87 4937
59 1640
89 4012
7 3264
22 1080
79 4317
36 4090
90 3771
59 1969
45 230
46 2264
67 744
31 3253
50 2522
84 1748
60 1639
31 4747
64 2015
72 4128
89 3472
21 3628
32 3936
19 467
15 3988
3 1171
13 4016
30 1928
68 2582
53 1535
64 1278
93 4937
6 2693
15 1614
42 1871
5 2466
