764 764
253 3146
237 3171
363 291
359 4575
129 3089
349 818
211 3464
143 3541
319 1501
281 3031
202 3616
215 1630
243 3275
326 3639
298 831
223 2975
52 3608
85 2899
251 1311
309 3142
374 1788
101 798
228 4016
155 2493
307 4655
186 1561
215 1929
309 635
28 4789
254 464
233 2241
204 1636
361 4312
367 1570
374 4412
319 884
333 694
180 2954
315 2103
171 2821
207 2776
354 2489
227 882
147 1336
251 4879
18 3561
45 2380
85 2067
261 2897
47 756
11 3752
160 1770
362 3241
229 3056
144 1830
341 3399
257 3747
226 294
30 3850
222 3685
73 3261
297 4102
377 810
89 425
159 1846
19 2528
120 1942
108 3009
88 4935
219 291
226 1149
66 4814
117 1242
143 2351
286 1476
159 2521
362 4662
15 4945
378 3243
99 2736
84 3633
305 726
240 3509
345 2190
160 1168
81 1441
327 1320
70 141
193 3204
29 3580
217 3526
74 107
248 3239
256 3881
98 2561
168 2429
30 4971
2 3936
269 4337
242 4253
337 25
124 3940
69 3396
225 1700
330 1543
132 1332
51 4602
76 1960
39 491
197 4524
346 1533
55 3040
48 2236
81 1245
315 714
62 4821
36 2431
34 539
25 4589
327 1989
61 2268
55 4212
337 1980
88 268
35 3423
3 1886
212 2849
242 608
202 1681
137 3644
71 612
212 527
353 1379
377 1214
259 3141
319 3756
355 2203
116 3834
299 730
31 4276
342 2767
191 2184
63 3367
205 2162
367 2796
318 2614
72 2155
294 2033
317 505
364 1744
85 2140
156 3772
267 403
187 809
168 3560
23 2693
238 1899
57 3197
297 3319
149 1612
265 825
117 405
358 4098
38 4102
137 492
256 1293
307 3033
356 2527
183 1566
161 64
225 4360
271 3311
179 946
11 4200
51 693
33 59
197 2783
333 2017
283 690
11 214
196 689
86 2931
116 596
291 2004
104 2885
127 827
149 1460
141 4952
353 2333
145 3932
380 1538
84 3198
360 183
32 720
136 1055
292 2732
134 2291
364 3177
167 1597
163 1373
280 2798
284 415
283 4595
37 1372
225 2740
171 1315
148 526
134 3725
136 4555
30 3842
84 2199
41 3810
181 4207
225 4475
114 3568
95 4870
352 2372
230 922
136 3786
357 3472
192 3218
328 1012
75 2006
149 2926
198 1555
212 4267
2 1699
45 2217
302 4880
234 3414
65 2118
143 2123
297 3263
91 1030
45 4242
242 2110
288 2417
198 2265
269 3415
185 2825
269 2749
25 4098
103 1190
270 3041
62 2137
8 4473
173 3969
195 4193
102 4684
93 4798
13 4957
226 1015
260 1838
1 311
84 4654
227 210
172 4838
115 2937
104 1366
369 2580
1 188
304 4967
69 957
67 1349
112 4429
317 2179
3 4621
76 2216
17 3838
132 1845
335 1543
377 443
78 2172
213 3686
40 226
273 3935
217 4302
100 2049
218 4206
132 1470
320 3361
321 2095
323 1151
246 3125
156 3313
226 3520
292 2178
175 3968
101 4163
225 2188
1 2208
287 2189
370 2087
152 1024
332 1892
97 3051
357 4894
201 4741
230 2208
344 3768
272 804
346 2899
257 2006
66 1098
139 116
82 1162
55 3640
252 3777
114 2295
22 1283
91 784
334 3620
201 3424
18 3081
92 3693
267 4252
30 161
60 1887
264 1430
30 963
149 3424
197 631
168 3873
85 3747
219 3318
29 4258
122 1817
198 4659
98 3565
44 4225
55 3773
230 1675
60 926
374 1539
370 4421
256 1445
92 4738
75 4502
234 4013
256 531
355 4945
330 2004
293 4576
91 4031
368 1761
297 2005
151 439
325 4475
202 942
118 50
208 1290
249 1043
349 241
61 502
295 3439
298 1124
250 1796
53 1805
125 2793
62 2441
232 2872
33 367
147 3691
359 384
14 1716
359 904
45 4911
187 3220
88 1211
12 1237
151 2359
80 259
188 3874
31 203
357 674
104 4941
273 1432
292 4086
72 1126
75 1976
57 2142
215 2853
229 633
309 3042
81 657
256 3971
125 3017
104 2589
3 1997
372 2052
368 4298
91 2346
372 2587
57 2797
108 4151
176 1207
156 1381
208 1701
229 1839
371 2473
70 3557
21 671
54 1942
291 1525
207 1549
320 555
32 1924
299 4943
357 1274
332 334
257 2664
187 4833
37 619
140 4933
4 4670
137 2552
48 2862
14 4582
184 3723
133 2474
379 39
135 704
75 4794
289 4151
378 2532
25 1442
63 4460
148 3150
343 1371
146 168
212 786
36 4057
74 4431
51 2101
272 3668
51 386
255 4806
151 2538
310 1370
121 2582
152 223
109 600
327 4612
332 1415
301 2897
12 3180
248 2287
347 4895
229 1859
216 1708
255 1496
254 258
355 303
311 3362
286 872
107 3380
57 3722
232 962
246 3591
118 4113
126 2791
360 1413
214 4630
185 1487
12 2594
270 4786
43 1441
42 3383
86 4960
226 1456
278 4134
353 3000
135 2072
303 972
140 3066
355 4710
109 1238
301 2298
182 4045
219 411
251 266
314 3215
190 4420
286 3804
373 1121
240 1673
105 1861
140 1198
12 1666
264 4872
235 947
62 4185
134 3552
161 4694
175 3147
122 323
135 3047
344 4524
137 4745
171 3979
54 140
162 4091
223 1216
264 3413
35 3056
163 1290
119 1172
351 1786
106 86
355 4576
240 1574
33 3247
133 4428
196 2788
75 1866
172 2658
367 4472
322 3985
313 4160
99 447
167 3519
225 625
159 1464
239 652
24 4535
308 3611
302 4815
379 27
354 4261
109 2932
292 3381
176 972
366 3242
353 4653
293 3187
104 506
210 4014
116 220
331 2036
354 3821
212 2529
44 915
177 1650
64 1186
161 3870
95 1252
257 4962
201 3869
237 2274
178 3157
66 1697
366 4300
136 4100
6 890
166 1920
282 4901
220 2175
42 1036
120 4616
321 3495
114 166
166 2522
53 3852
202 2479
97 1536
310 4222
17 655
65 4559
296 2328
166 1712
118 1939
206 4934
260 948
176 3602
261 4538
90 1793
83 638
89 280
373 1860
273 2952
156 562
199 722
269 1112
195 673
229 104
246 95
275 54
84 3621
221 2521
56 3956
91 394
150 2636
336 398
321 989
355 1715
245 2182
141 2331
227 543
266 3908
24 3374
310 669
54 2256
233 4298
281 2851
250 3866
123 775
242 1853
118 3751
84 978
246 2021
84 2805
168 4389
332 2825
171 1470
68 131
348 2114
51 2636
105 2327
7 2913
286 4641
206 3043
138 2710
206 2080
166 3752
319 4723
307 3304
243 3494
25 4287
264 3568
356 4283
52 1518
92 3944
326 1687
87 3928
295 4944
35 91
22 2331
177 2866
175 2148
150 1697
361 1514
192 3624
353 4500
359 3579
270 2004
96 3309
19 4942
299 1816
251 4834
290 2290
212 2270
279 3610
137 94
27 975
307 3054
64 3224
282 3222
311 3437
243 3967
238 1821
139 2587
146 2583
82 2074
287 3323
228 2331
301 2967
167 2106
122 4154
79 1958
16 3768
363 2183
15 3008
156 2608
122 1801
254 942
210 2196
335 1541
108 2327
146 3615
14 3965
226 4501
219 1315
28 4981
68 1542
263 2593
220 2629
21 522
138 4831
218 2012
129 2815
166 4558
57 1854
237 1059
118 820
192 1907
75 4996
7 1153
60 713
292 4651
371 2264
193 3974
37 1546
277 1516
176 1723
236 4469
308 3160
211 3052
59 764
89 453
284 4265
301 2057
124 2356
235 102
221 741
20 4212
7 3148
158 2969
359 1828
28 4081
161 1474
79 1320
118 155
25 2923
223 260
286 4421
319 4797
81 2088
276 1101
327 4374
258 3464
361 2684
224 1392
302 378
292 3213
253 1617
370 462
354 2318
298 2904
214 237
241 3673
203 511
236 1878
137 2736
84 1791
247 2188
33 250
35 2781
54 3856
196 1585
41 3008
376 565
3 2567
113 4162
135 3529
140 753
149 1158
142 3477
282 205
189 3820
206 2883
122 2500
366 3521
313 4282
90 2381
