509 509
248 2472
240 3387
6 1301
131 814
41 2061
177 3480
241 4138
179 34
37 550
76 3916
29 4275
244 165
43 2101
113 3394
229 559
85 2203
102 4639
72 3141
84 3830
73 4451
170 3247
24 3154
157 2410
198 69
71 1881
4 4692
158 536
137 4253
229 2190
48 4359
58 2414
221 3351
48 3588
113 735
213 3155
142 1407
190 245
52 442
34 4950
44 2913
21 805
28 1622
27 1032
152 1579
105 4365
138 1880
32 3026
142 1351
197 1807
97 1277
153 4148
9 4667
186 4931
160 4572
22 590
118 3175
235 4309
10 1560
5 978
97 1989
22 603
89 654
23 4000
147 868
46 4483
42 3915
179 3194
2 3259
239 269
162 2312
88 3757
82 3954
61 1489
179 4340
211 4628
175 278
122 515
229 3618
203 2084
51 1301
33 1860
111 1283
17 4200
90 3042
199 933
238 3377
221 2919
18 1275
253 2702
136 4129
72 4713
145 34
218 2787
245 3049
63 1156
52 4581
26 402
213 3134
50 2254
41 4737
96 4605
178 3134
99 1270
174 1860
200 2314
45 4641
60 2482
153 2365
155 397
253 2732
180 3363
136 3997
182 118
80 50
24 4839
127 1553
147 4920
125 4063
245 192
191 642
15 4851
232 985
221 2972
17 928
70 849
38 2324
5 2732
136 2429
236 4331
116 2658
90 1472
59 3903
198 869
213 1082
83 4973
134 853
100 1113
42 2968
41 76
44 4314
7 993
245 3563
234 4626
55 1960
175 2905
3 322
161 916
223 3546
49 1262
90 4227
235 4028
24 3589
183 995
105 4056
88 1813
228 4071
242 4431
167 2527
153 361
224 311
198 4690
10 3744
149 256
58 1590
6 643
74 3262
105 562
185 3437
127 1857
161 1367
53 1827
76 1663
27 4588
142 1462
206 2986
136 2029
62 2467
231 335
211 3821
233 4106
134 4750
235 2180
188 4248
253 4931
168 501
224 4787
119 4062
242 2798
193 1889
30 2927
16 2372
73 2694
97 3720
252 428
94 3121
78 917
235 3300
146 2131
39 1107
14 2437
113 3010
228 3851
11 1095
91 3556
104 533
145 3928
34 1168
213 2879
74 4421
172 3504
1 2405
130 4765
55 3108
79 2815
50 830
218 4598
70 4806
184 4464
34 1558
142 3437
237 1671
231 636
89 2954
63 1937
30 1328
69 786
4 4454
17 2248
235 1697
183 507
176 4798
241 4382
102 1982
212 341
94 2247
89 2429
242 3732
55 2164
100 1580
188 2428
110 997
93 4887
21 2880
241 56
129 3750
108 3460
47 1445
55 4727
85 48
176 2568
81 1277
9 3270
116 396
145 1829
132 2318
2 4191
112 1688
137 2236
176 399
16 1676
54 2289
20 2029
160 3470
183 4277
155 3245
72 4732
98 3358
147 2543
131 1087
146 4394
83 2528
32 4267
226 2855
30 205
171 2835
137 2616
253 2286
12 885
5 4061
194 1632
64 3851
148 2942
39 200
184 2515
104 4759
157 1298
42 3813
61 2558
15 3887
94 4650
224 3782
69 298
94 1610
25 3886
136 4456
249 1563
161 1532
157 4326
75 3902
15 53
176 3961
189 3521
28 617
200 3538
219 1124
17 1271
232 513
180 1078
168 3304
11 3547
148 426
231 1278
199 2951
57 2967
130 1591
8 936
218 3069
209 2557
154 3692
80 2901
76 684
72 1237
232 2938
24 220
79 2699
167 556
40 2961
84 3638
213 844
207 2334
152 754
7 111
158 3621
246 2864
76 602
18 2194
189 284
24 4822
22 2591
214 3711
97 1627
226 866
125 847
180 4454
124 4922
91 1809
167 148
175 3821
116 4732
200 646
9 4474
117 1095
121 44
147 149
135 2388
99 3368
11 1442
247 3943
206 1324
92 2335
231 3691
180 1937
52 3430
194 985
114 2342
27 2516
171 2977
2 1671
240 1941
46 72
48 2798
184 744
90 4158
103 4291
3 1160
144 4875
134 2923
46 798
112 2226
48 849
37 4544
118 4976
43 2288
161 1799
190 1063
33 3685
152 3955
249 1123
115 2061
144 861
84 1695
241 3644
149 4269
145 974
119 4552
94 9
32 2042
74 1527
12 4351
151 2045
225 3242
47 2758
212 4528
80 3417
26 4477
186 2286
158 4781
68 4683
171 2099
148 4389
244 3020
130 4842
122 3806
124 1896
56 1358
227 1324
92 4078
130 52
84 2117
214 74
119 26
184 1017
10 4791
49 1936
84 2143
81 686
148 3033
229 2358
204 2607
16 3842
75 3267
174 4150
3 4133
217 1643
67 199
4 4127
109 4383
217 4235
47 2012
59 3643
214 170
78 2497
171 1139
93 4368
220 878
231 1189
91 2904
36 3753
145 118
53 4710
226 4541
163 134
144 1041
144 930
217 3799
11 3401
165 446
65 3683
55 2734
95 508
180 4113
131 4639
216 831
253 4076
228 605
239 4221
74 2890
66 725
141 3342
191 4248
172 1944
126 3409
191 4939
13 3687
180 2977
247 2332
167 451
100 49
126 3201
14 2412
88 3471
89 3302
116 3995
98 176
187 1674
51 1942
8 2537
100 1529
140 3614
92 22
157 354
50 1650
146 1032
174 4555
27 4625
178 1623
152 3156
190 3122
197 2466
91 4728
23 4176
95 2539
38 4091
95 2645
170 1392
188 3236
99 3795
176 2398
45 2217
