131 131
6 2262
35 418
30 395
26 2997
42 3659
59 4428
33 3866
58 2376
7 1566
49 3265
55 2699
24 150
3 401
17 89
60 2366
5 2152
52 2011
61 481
28 1052
13 2813
52 2079
10 4440
13 2184
19 969
64 2222
15 2645
10 1840
53 1807
50 3033
47 1503
18 1543
21 1745
55 3447
53 3507
1 665
28 1694
27 667
41 213
7 1829
35 4452
43 4346
38 2055
23 2310
46 2609
5 2446
30 3878
26 3485
46 2863
8 3026
33 3228
61 3730
47 2489
49 252
23 4332
59 4425
36 3401
61 785
52 368
32 4902
10 4722
6 2122
47 3536
42 2835
4 1097
55 1825
14 2020
12 1988
54 3770
42 835
63 347
57 4604
56 3391
13 1662
13 3513
56 3082
56 713
59 1975
52 3552
17 4710
32 1168
25 1122
34 4110
61 109
63 4078
62 2767
27 1423
51 2740
31 2406
2 725
63 4849
29 1618
33 2965
49 1964
39 259
21 1611
18 3151
45 4875
52 4599
60 426
59 761
52 4405
26 434
47 1390
21 3849
27 3460
24 833
10 3045
28 3196
23 3605
17 2639
26 4963
62 2010
34 2419
41 2538
43 2924
21 2841
19 1313
62 4612
34 2195
13 3566
46 251
24 268
47 2264
10 4451
39 4409
49 3743
10 231
4 3564
9 3641
29 3805
18 4416
