179 179
19 4744
88 4078
42 2136
71 3819
32 3456
46 765
84 4871
75 1408
15 2236
86 1251
56 4195
86 1063
47 2150
81 4776
72 1132
88 1870
22 52
68 343
70 4602
85 3202
60 647
39 2746
48 1133
84 597
6 4347
14 4458
76 4223
68 133
32 656
23 1824
47 2777
76 1845
46 3755
85 3943
64 1044
41 4848
55 3488
47 1858
58 2708
31 448
39 4921
85 758
63 2349
76 1225
70 3378
44 1744
64 1302
31 2922
83 257
4 3890
15 1918
20 689
61 4969
37 1985
12 944
21 324
18 3886
4 877
61 569
7 4774
69 1677
73 1371
61 4140
83 4915
54 3900
20 281
69 557
66 110
6 2025
44 1770
13 1574
6 4546
31 2504
30 2155
40 186
30 2061
51 1707
85 658
23 3980
69 605
84 4992
44 1916
86 4305
38 3961
15 3001
81 3549
79 2368
38 303
10 4040
43 4609
23 822
27 4750
69 1232
78 2824
37 4015
15 2345
16 2302
77 3323
65 2198
33 317
7 4262
6 4058
84 1083
24 418
70 2686
46 3728
75 4123
6 3092
81 1995
81 990
19 168
7 866
87 3703
59 87
89 4993
25 2242
81 775
53 1081
42 4717
80 505
72 1499
7 4124
56 1662
43 3301
83 3013
46 3995
50 2927
37 2477
36 1571
76 3926
3 1602
74 2961
40 4478
54 3179
63 467
72 1107
54 358
43 1580
27 3612
2 3281
39 3521
37 3412
55 862
50 572
35 4171
16 4995
63 1322
36 464
71 2295
84 1001
16 4873
77 980
47 112
50 3761
47 4587
84 2844
36 3728
18 2194
38 3295
55 1721
56 3539
88 3799
76 4758
63 1804
8 291
28 391
19 1604
50 976
62 1525
20 3575
61 4358
2 3862
16 4332
56 1617
81 2262
10 4434
72 4183
20 2596
63 2792
