347 347
6 1446
23 764
149 4021
125 2162
70 2885
57 930
16 3760
153 4355
92 97
144 4409
73 787
69 2894
48 2950
108 4689
164 1602
147 3802
148 838
22 1733
27 1021
1 626
5 2124
54 4377
6 3238
129 425
75 4126
22 2945
130 1710
104 2303
5 3610
172 2067
72 1376
134 2723
56 571
126 342
141 1687
161 4539
146 4980
90 3636
49 4793
19 4377
121 2
111 1476
126 3007
168 4364
54 2075
57 2771
89 4813
125 1162
112 3974
120 3491
30 2383
76 1686
126 3702
47 4445
6 2914
148 580
57 3412
34 482
108 3529
88 1317
60 169
88 873
146 3683
68 3836
147 2923
83 2822
149 1181
115 3807
136 4447
97 4386
80 151
91 2145
122 4919
115 3891
139 4789
159 4933
150 2778
111 344
144 4694
43 210
43 1665
7 484
57 3749
96 3246
15 579
91 3026
66 3479
15 567
75 4894
142 1888
86 1113
172 1271
69 733
3 307
107 2568
104 4975
50 4112
50 80
77 3414
69 1140
79 405
34 4825
93 1587
156 1104
68 584
33 28
75 4488
14 2594
115 776
70 2686
94 576
129 3746
69 4785
79 2971
70 3144
158 1448
145 3736
4 2088
71 746
92 1180
12 3741
114 2659
144 724
144 2327
29 1379
140 848
119 1994
2 164
31 1068
124 1575
24 4957
39 3293
74 4265
155 38
66 170
160 4952
56 2715
166 1534
126 2589
80 3558
145 2867
25 4376
14 141
43 3299
135 867
5 1415
104 1436
111 1725
154 2758
113 4135
168 4669
142 100
49 4837
44 2238
156 3679
143 2348
168 535
63 59
168 877
57 4350
96 2521
52 1229
27 4287
149 3288
130 3530
138 1952
105 1376
44 2339
115 3741
139 2261
130 829
120 1261
18 3897
116 4410
113 2559
85 835
122 2514
62 4434
113 1198
120 3604
128 3874
42 3698
119 4660
123 433
12 2991
54 2146
20 4681
76 6
26 2350
3 1287
43 2739
97 4837
4 3391
10 4033
83 4602
66 2404
4 4508
77 1047
39 2314
127 4935
46 2071
100 4316
31 4669
28 4722
92 3375
35 1770
26 4501
9 3640
132 2881
12 1284
80 2100
123 239
36 2270
135 449
48 2613
65 3381
30 3264
147 1492
55 658
111 3256
61 3738
164 77
104 2916
50 2237
107 839
35 1072
48 1692
29 1944
53 2070
19 325
97 2393
98 856
109 565
170 4467
165 2601
97 3673
59 149
145 2043
123 4438
51 724
104 1419
150 831
31 4279
116 545
61 149
121 3342
36 4051
121 4814
53 1251
143 210
106 2278
4 4115
132 3889
7 520
151 3354
154 4918
24 3130
148 2427
62 1678
109 3141
164 4274
136 914
132 716
158 3661
125 2340
97 260
15 750
158 384
158 4666
51 1457
122 3363
46 3701
125 4992
5 4771
119 4257
1 3202
87 3388
37 3339
7 4413
163 3293
98 4906
172 1755
15 1125
82 4252
142 2522
52 3290
137 4873
23 964
83 1289
154 1458
73 499
96 3661
17 3593
139 546
30 1315
84 3689
51 4737
163 2856
22 1574
62 4640
15 3699
27 4225
42 1289
161 4353
168 4152
161 2076
109 3405
121 1546
18 1860
19 1189
128 188
128 2776
24 4824
76 4470
8 721
152 3460
54 215
168 4442
57 3897
41 3849
111 3026
5 4193
113 2470
4 2333
56 3060
107 1474
87 813
119 4710
157 1615
36 1018
47 624
41 3460
110 4822
105 2282
57 1877
55 844
78 2112
99 189
166 3250
101 4935
58 264
75 94
160 95
93 3401
16 483
27 4037
70 1613
