597 597
51 3769
230 1856
21 4310
121 3154
15 435
206 3117
156 1186
225 4642
211 2968
9 3626
76 3000
65 2425
289 3055
104 2507
148 1746
257 1059
27 397
140 2573
58 4726
34 4522
118 2786
28 2828
97 4784
201 1740
203 4981
168 2984
280 214
275 866
225 4156
272 4297
207 3238
172 4609
174 4895
166 2258
198 2073
197 1984
68 3122
168 4015
257 2809
258 2128
93 3860
41 4005
99 1481
33 206
285 534
77 4196
10 2998
267 4151
201 1298
137 3050
180 3844
197 743
58 2576
287 3042
68 2881
145 3129
87 2033
125 1198
152 3598
268 4601
15 1240
86 2507
260 4447
195 2464
262 3703
79 2313
124 2330
296 3512
201 331
12 3006
164 1344
106 4808
256 11
143 94
239 1328
117 3130
8 1746
255 2432
279 3446
10 2253
197 799
278 3262
287 2507
37 2126
31 338
247 3995
90 3380
157 3380
114 4008
129 1496
201 907
33 344
281 1883
4 2435
183 4544
176 2619
72 1824
105 1509
165 3504
57 4424
81 4088
94 871
177 4093
252 3925
291 1705
291 1376
205 4792
173 956
83 4106
208 2845
265 2842
147 1914
60 1954
177 2589
109 3940
297 4342
10 3555
13 1770
234 286
223 1438
227 693
67 2740
185 2289
90 4507
223 2474
240 40
147 1145
195 4293
116 4360
36 4261
171 1225
66 4400
60 3019
259 311
266 4076
237 4969
212 3690
185 2811
155 94
131 3327
225 4279
192 4063
20 717
275 2684
124 765
272 696
175 2174
42 3160
81 3892
77 4549
211 4556
21 4785
4 4793
209 4847
231 138
274 2362
141 3888
94 4675
157 765
265 4409
225 2710
193 3828
17 225
251 3181
55 2666
17 2355
192 2082
29 918
254 159
60 3489
210 4382
195 4782
91 652
132 159
23 240
160 941
225 381
39 3327
251 2643
286 3423
44 4169
106 845
11 2948
95 1371
9 924
132 806
156 4620
20 2860
201 3359
244 2453
252 1971
223 4967
190 2201
182 3427
294 3498
238 94
128 666
68 4448
269 3716
32 2965
66 371
234 498
180 2880
126 4481
120 2997
17 2197
285 4218
88 2865
173 4222
92 3091
263 1492
28 1116
217 2911
170 101
129 4005
101 3914
47 2029
191 1589
214 2313
248 4054
64 1189
79 4524
248 4590
237 4934
260 838
269 4005
76 2726
260 508
61 3630
201 592
255 3187
198 2561
250 3704
196 2585
105 3376
1 1183
114 229
12 1176
164 739
140 1237
75 3071
138 4040
212 1063
50 4513
179 1816
4 4834
119 2133
113 3208
74 2436
109 2593
135 1077
145 4080
166 1766
106 1809
89 3748
248 3094
140 4931
182 1837
222 4674
205 4493
207 2186
251 667
110 4606
78 1800
54 4865
167 1904
176 2278
130 4882
156 646
121 4632
165 2840
120 388
196 4560
107 4899
90 4534
281 202
26 4419
190 2033
121 1117
197 1658
38 3802
25 257
291 1616
250 2045
78 345
208 3522
183 4094
58 782
97 2704
208 430
107 3230
230 3001
108 4999
15 2636
206 4719
296 889
142 1337
20 2980
189 876
199 750
259 1505
199 1959
231 3117
24 2298
271 551
1 395
19 1916
63 2009
294 3604
105 1850
134 3820
275 4414
34 4665
240 2382
184 4746
115 4741
258 4540
133 5
294 719
140 2387
139 2749
297 4699
42 1241
210 2353
61 768
113 3040
282 4430
215 1871
184 739
209 1104
185 3582
141 1227
129 1281
138 4696
266 392
25 3406
37 4409
266 2697
96 3190
69 1948
99 1088
244 2686
72 1593
229 3298
227 1491
139 1117
188 3653
200 1533
283 3546
121 1907
92 3442
260 4214
97 3056
82 4258
152 4332
88 2672
258 4155
214 4429
281 4216
96 4751
15 4374
181 1356
294 3960
86 979
197 2030
73 1567
175 4265
6 565
293 3463
229 765
162 1331
174 2410
209 1540
119 368
247 1794
293 1053
64 1902
272 1542
182 2359
99 235
161 275
103 1817
245 887
190 2594
14 2384
168 1257
197 2207
196 2946
71 3077
264 1640
294 4262
203 4795
261 198
7 4361
169 4969
40 2360
146 637
106 1470
71 2530
268 4732
260 4183
221 2546
196 4050
83 978
285 1380
17 1955
263 1030
88 2682
266 3410
99 4463
136 2833
2 4169
143 2878
64 2950
20 4227
95 510
10 1642
39 283
69 1913
11 4727
231 1598
244 870
295 4791
21 1478
109 3280
166 4259
130 1739
279 4244
118 4755
290 3182
193 4279
291 2595
259 760
13 974
114 2189
125 150
168 4471
10 2137
201 4880
115 315
137 159
284 4183
151 529
206 2254
164 2035
187 2474
59 2659
236 941
110 4844
266 2945
67 4674
241 1374
250 1464
241 700
256 2677
265 276
144 377
232 4833
30 3986
148 3747
69 4784
97 4571
17 1343
24 4439
42 4847
284 3690
195 1064
152 1492
255 1002
218 2172
32 553
132 3516
231 3958
284 1647
274 1914
249 2760
244 2695
64 1559
122 3486
286 301
225 4839
43 3072
18 829
107 4773
28 4479
250 3988
72 2478
288 426
120 1180
29 4587
46 4739
159 2409
113 2879
160 3450
5 1015
260 1440
110 885
30 2684
87 333
141 2348
233 763
182 2920
135 4044
175 3893
87 4837
82 1456
210 2962
127 3125
216 406
292 674
21 2085
263 1381
252 4186
85 496
36 4637
273 2376
215 1784
32 4650
285 2649
40 1204
126 1482
126 2600
128 2305
12 3742
237 1038
38 1793
240 274
47 1681
81 1475
173 4972
175 46
250 1136
195 4934
298 135
82 3688
90 3249
10 3362
63 4509
200 3981
296 4382
105 3370
195 3245
109 1322
105 3562
97 3044
76 613
89 2167
162 4229
82 432
205 4514
179 156
222 3229
55 1823
169 2146
208 3269
80 4433
232 3226
129 794
118 238
260 1306
91 3821
284 2347
205 1077
94 515
49 2659
151 1066
59 2425
202 3008
206 1548
272 4788
220 2421
139 3467
87 3399
66 467
1 1328
124 2117
223 3093
74 2600
119 2869
201 4418
249 3646
130 897
21 2103
85 1157
241 2803
258 2683
131 1401
189 316
156 4395
162 4517
120 864
160 4829
70 1876
149 658
165 4256
103 2302
95 892
