772 772
37 2405
35 65
125 523
350 4033
85 581
381 1613
13 2624
18 1187
116 1032
77 3034
125 1056
255 2455
281 2387
64 618
239 98
268 1582
112 2625
382 2962
122 3343
69 11
337 4452
242 199
41 3672
42 3000
185 450
312 808
190 132
335 596
56 4359
212 775
188 2753
372 186
266 801
62 2091
322 1743
193 3897
224 4428
129 3689
173 2452
2 1786
234 2352
49 4859
162 2642
30 2121
136 1755
34 1649
144 3271
274 4932
288 824
205 3970
46 4095
39 134
374 1066
265 1471
318 740
12 3216
129 3268
10 3074
291 4961
4 1503
266 983
108 3101
367 2919
301 586
89 3478
8 3724
158 2069
226 2418
274 2271
76 1756
377 3571
38 4466
249 4179
120 630
89 1177
184 4322
66 2812
166 4477
230 2039
176 4907
72 2464
237 2554
155 3310
307 2631
295 1915
323 364
266 2807
285 1265
168 4247
57 1616
119 2967
147 177
304 4570
224 2072
311 2845
334 2445
164 3062
29 3861
145 4829
260 3242
313 4776
7 1977
207 1578
50 2948
363 728
12 805
338 564
322 1179
141 368
70 3638
83 660
342 8
353 3524
361 4928
273 140
21 1649
363 665
342 1067
274 3830
22 3180
283 4790
151 2229
148 2008
84 4514
176 3383
127 2174
348 4202
3 589
315 2018
350 2660
255 4048
111 1833
375 4129
293 2792
384 3646
342 4936
162 229
314 3053
93 3404
81 755
327 3681
371 918
245 1614
333 1821
139 4101
8 4969
274 2079
278 2567
48 757
253 3268
106 2649
317 480
239 4294
258 3920
232 1142
202 1686
62 2501
95 4436
20 3071
314 3713
124 21
349 1254
95 4949
33 2154
122 2482
183 1033
187 2253
230 174
160 802
340 1493
277 2574
79 1541
93 2903
341 2054
136 303
254 4727
82 963
97 1205
241 856
232 142
306 4898
289 1100
356 4465
104 270
98 2292
15 3181
218 2107
198 460
283 250
254 4010
290 2268
7 1868
353 3078
313 4771
136 1221
31 4089
141 3208
194 2485
5 3795
165 3492
58 4764
288 486
124 3905
99 4929
46 2728
19 411
272 2221
5 2134
300 3295
346 2158
207 2006
141 4327
369 4740
72 4091
384 174
187 3312
375 1056
382 1785
53 3659
310 3296
236 443
368 2988
323 2844
140 1173
276 2670
129 4389
339 1136
134 3666
271 2393
293 2421
193 2466
327 386
36 2418
205 4966
52 601
20 3262
322 4453
297 4988
279 83
210 2531
256 1748
311 4142
2 2509
205 433
328 3723
364 1618
109 82
2 4928
27 2405
208 2167
150 1473
88 3231
374 1396
105 1616
193 3029
143 1422
238 3839
40 3933
15 525
99 1675
278 2895
222 2367
222 4461
270 4495
368 1678
200 2566
305 830
301 2032
13 2383
30 381
80 495
228 3057
43 1700
247 3306
69 1165
311 617
183 1603
19 55
38 4283
278 357
217 1720
12 2382
357 3607
342 4046
76 2986
135 2479
55 1660
109 1396
44 1879
107 444
11 3523
59 1500
238 1531
329 3749
257 539
67 1683
79 3077
24 3324
346 4107
202 847
371 2727
264 4701
224 926
2 1662
114 4880
93 2468
146 3305
306 1971
349 3906
346 931
224 1130
146 794
73 2353
171 3603
183 703
127 3232
139 4677
150 4986
110 993
33 3360
52 1813
113 1364
264 1894
376 3730
214 2458
112 1638
259 4815
355 2553
367 628
170 2661
215 1531
258 986
211 2858
261 2143
8 1577
132 3168
372 827
197 3749
243 864
180 2976
270 3150
64 1599
351 3356
341 1901
305 4253
50 4397
367 1901
96 322
84 1374
13 4951
129 1075
255 4442
66 1026
352 924
2 4348
163 903
154 3363
248 1201
285 2239
306 3548
52 3657
80 1698
373 936
182 4332
92 1541
101 1151
194 2534
53 2798
104 3785
374 4005
100 558
82 38
381 1046
349 965
61 4752
183 3301
125 2056
385 4727
215 589
311 1588
19 1111
80 2515
135 4266
288 229
75 2363
203 3903
268 795
123 596
8 278
116 2349
385 532
60 3390
74 501
237 1929
354 1637
311 392
303 1239
5 1217
129 898
179 1596
176 4470
347 3039
215 1773
198 4117
338 241
141 1580
314 805
133 4772
83 2604
353 541
53 2061
173 3678
351 1266
299 3300
319 3097
162 4279
41 2759
220 1013
152 1183
346 2396
329 3623
382 1962
311 207
89 4371
360 602
273 968
285 679
26 3660
323 2292
283 2999
151 3860
83 3236
257 3702
256 2097
272 2114
190 4090
177 2405
277 4953
102 583
378 2156
187 2460
320 4073
32 3682
213 40
267 3452
27 4170
349 358
201 2660
368 1161
22 501
214 2072
291 4197
377 1200
101 4110
102 4606
120 340
104 3587
202 1694
131 3085
242 4992
9 4553
23 4012
61 1396
45 1599
94 3940
322 3240
133 1303
119 236
110 1860
226 2002
220 4766
69 1786
284 4534
217 3629
365 1808
334 3549
145 353
217 3084
226 1182
66 4388
335 1473
216 1307
224 2586
233 226
19 3784
297 1585
378 1430
339 2367
254 2531
238 317
63 257
11 4805
185 4688
272 1986
142 1483
40 725
318 4216
381 582
282 2066
363 620
37 398
222 3127
54 3052
126 3619
229 3512
54 2254
224 368
222 3877
120 1344
254 741
93 393
52 4351
306 1130
142 3313
134 1116
154 3068
379 391
76 4871
137 1141
373 248
380 386
144 4132
329 591
142 79
333 3119
27 3186
271 1608
163 2673
322 2327
248 3099
84 2991
193 2871
221 3980
330 4548
356 3499
84 3662
307 2338
370 1257
93 4122
118 528
243 3274
249 2580
383 2343
201 4082
329 3924
346 3634
76 2712
135 4845
16 1151
361 3470
238 1751
224 540
192 3774
385 793
80 2969
12 4526
317 3427
359 1205
147 1683
282 494
95 1830
378 1942
310 3038
235 4613
332 2029
366 3742
349 2396
121 3335
193 4374
326 3040
104 2099
140 757
216 4114
57 3610
360 4867
176 2818
97 3474
323 4833
254 2311
119 184
240 2879
138 4620
234 1010
286 1816
27 3496
382 1763
3 4106
163 3725
157 2684
146 276
326 1401
98 80
44 687
63 2517
219 2756
205 1621
87 4234
345 73
382 2429
112 2920
298 4357
241 1047
280 2401
117 573
216 3140
299 2276
50 3065
239 2478
103 356
188 1113
70 2822
91 2717
302 382
63 381
310 2384
293 2452
150 4323
176 3979
161 1620
252 397
12 4019
237 3576
99 1415
103 4404
341 4217
271 1804
174 3324
63 916
250 4199
127 2908
352 1572
293 3977
100 1818
161 4687
262 4214
203 4115
188 4142
174 3241
112 82
349 2183
351 3458
140 1837
210 3798
314 4849
339 2863
189 4977
354 4260
227 3556
317 3069
57 1383
167 2563
273 3220
283 2705
329 1482
262 331
122 2030
152 3281
244 3292
383 3588
207 1848
176 2041
138 4079
325 4847
182 1999
3 4856
210 2635
148 1632
156 1121
355 2936
342 1396
136 2755
76 4265
180 3537
326 4652
42 4849
152 4364
129 1005
55 4036
150 1973
101 87
271 966
28 1705
290 1416
162 159
111 2893
324 1815
269 3985
347 721
293 3113
283 1089
37 100
333 2323
323 3969
148 391
133 1952
163 3951
318 1731
310 4223
248 3816
164 478
380 4529
378 2121
211 930
334 134
160 3551
244 3630
21 3303
164 3836
14 1876
115 3511
336 1780
315 1433
113 3975
40 3499
161 898
93 2524
70 2655
351 1966
117 4316
243 2207
68 4287
59 1655
24 21
90 4507
268 1068
22 2747
289 1677
154 1777
167 4107
335 3365
217 3785
127 4207
137 4814
259 101
29 4427
284 3613
14 1925
362 3254
5 4536
336 2508
40 3179
7 1635
306 872
273 3705
310 4824
243 3986
166 356
81 3071
322 807
278 4523
340 617
147 292
70 2174
270 3959
236 4724
61 4233
319 4527
268 2052
341 4410
136 1065
285 1661
98 3888
235 961
350 1024
304 1167
337 1005
78 2749
92 160
372 1888
236 861
142 1194
249 3499
