546 546
3 3256
41 932
40 2374
217 3787
32 4160
208 4715
236 3955
64 494
255 2129
190 3856
38 3653
195 2692
112 3004
173 1781
7 3370
64 1912
204 3314
57 4675
87 3890
152 4856
257 550
24 458
265 959
149 4978
151 4286
87 4733
185 2643
86 1156
194 1468
169 2118
144 1328
133 2889
18 329
69 3574
14 1324
197 738
92 435
260 48
130 2726
130 4764
13 604
238 2563
34 4668
43 2922
128 2468
215 324
212 3246
218 3207
39 1403
132 3245
180 1185
111 1021
122 296
29 4017
168 2150
70 1286
83 2878
272 2624
145 4943
249 666
30 946
186 975
54 3983
270 478
110 4057
169 2919
90 4440
103 3199
82 1225
37 4927
241 4374
206 1442
74 3760
170 4995
22 41
232 4351
47 950
25 3393
40 1308
53 3771
71 2136
250 4999
184 1209
30 2623
181 1835
97 2988
16 4425
98 4653
60 1738
21 4518
79 3178
229 4668
180 3566
197 931
259 3392
21 2482
136 3306
233 4986
120 472
95 3626
247 2895
154 3418
65 4452
125 1191
241 3447
38 2972
221 1304
139 1266
89 417
259 3278
111 2242
229 2972
121 2449
60 4477
187 1492
229 338
67 1463
44 4154
191 2517
98 3366
14 3150
55 4422
140 2464
104 4217
202 2407
148 1523
127 711
263 734
62 4240
113 4455
184 1386
155 1466
271 4197
86 4097
73 1987
257 1520
40 2933
254 4219
159 2830
2 3019
63 4819
269 4306
54 4991
35 710
173 2025
96 4946
214 2447
106 607
144 2335
189 194
73 2216
216 197
180 2707
169 538
4 4956
122 870
164 1316
145 1073
94 458
157 1443
24 112
122 4106
9 4549
161 3680
167 3233
235 156
14 2724
204 3338
253 67
166 4960
76 1060
2 2482
200 1492
204 3583
189 2394
146 4905
138 4735
68 1334
158 2199
72 4133
16 1178
29 4016
262 1578
183 4533
202 4511
81 2420
184 2352
118 2747
239 4123
81 3816
265 2286
21 3901
209 1312
218 2694
211 4224
38 926
264 4711
171 4482
250 1294
202 1313
196 1502
229 2968
231 2324
34 353
48 1880
151 3869
192 3134
80 2602
27 94
157 1409
220 2122
171 1739
257 731
14 519
240 1338
193 2168
1 376
102 3951
236 3767
164 2472
20 778
73 1452
205 1568
239 1958
131 2434
165 4548
211 1724
74 1923
109 2699
134 3211
158 1746
220 4054
62 557
219 4154
133 2229
171 462
24 1419
210 2073
173 4140
58 565
75 2162
251 2869
125 3664
8 3597
19 1972
112 3449
87 2089
108 2807
191 17
230 1401
248 2574
241 1152
156 3109
254 2563
220 4726
72 464
185 169
221 935
252 2249
60 610
67 644
18 4657
158 4264
164 1064
14 1395
22 50
130 4502
68 4277
214 1669
69 1338
115 311
140 3809
106 988
272 2009
101 151
45 4035
107 3817
95 2111
102 1536
224 2376
237 489
66 4444
271 3159
83 656
226 3154
123 1226
190 3530
242 1815
141 2037
202 2295
209 4855
118 1281
196 3220
149 2726
149 4264
66 2328
129 151
123 1037
186 146
80 2391
221 986
73 3664
8 4971
81 2726
221 3713
209 4354
90 1248
219 789
117 3906
194 168
227 1158
13 3037
79 2280
22 4935
128 1585
133 2793
248 2975
128 4848
119 1479
13 3870
215 169
258 2568
194 3125
238 918
3 1802
83 4175
200 2708
112 3836
200 309
203 3949
159 3149
215 1401
84 1683
182 2513
44 3815
28 669
16 1673
113 2728
179 3310
57 1721
69 3774
81 207
164 4721
22 75
49 331
225 341
36 158
183 4106
214 4592
196 183
95 4077
187 3660
10 3280
261 1085
259 2027
46 3397
171 2310
134 3274
218 2923
5 4746
218 3786
97 3954
117 4361
217 3944
27 704
143 1817
68 4522
95 4556
220 1651
32 3038
56 2579
168 630
110 685
84 4878
191 1892
210 1099
210 1184
86 4833
235 4013
181 867
217 3404
56 1551
45 4909
186 2966
143 4529
254 226
93 2168
50 486
64 1295
24 1452
58 3617
109 4740
21 1227
71 2916
109 2482
191 2398
157 1856
4 3119
137 2620
9 3215
122 1107
33 4496
216 3198
114 3687
214 4764
26 4798
67 3075
166 4060
161 471
267 4408
4 183
76 312
252 4994
173 411
204 1015
14 1545
51 338
86 3648
183 3355
217 2090
145 4424
88 1257
122 2704
16 2895
223 1972
193 2303
105 2120
264 1387
244 2448
245 4700
195 4121
215 3768
124 1183
242 4180
258 4278
104 4135
36 1481
188 2161
151 663
154 4229
45 2745
25 4066
41 4521
67 2188
143 1565
100 2427
82 2643
18 2177
159 1364
102 1247
127 813
203 4717
148 2977
123 3872
94 4820
105 3531
252 1601
50 3533
74 4301
49 3468
233 4983
209 2568
6 345
212 3363
88 4400
145 2181
211 1186
61 4103
78 3061
104 2996
60 2534
31 2726
247 4786
242 1893
223 3997
230 3518
105 3807
166 1946
112 132
141 3793
183 3215
224 402
103 1906
153 1277
121 1059
179 527
155 3279
53 2858
12 3474
38 4745
235 3174
203 415
36 2042
174 516
246 3638
10 3816
189 547
18 2609
91 4458
158 1763
61 144
131 3704
118 2811
238 2063
90 3156
170 1304
7 4858
224 4060
112 2020
249 1871
255 1505
61 1924
152 3500
164 3998
29 2459
60 249
50 4096
124 2379
141 3290
42 2344
49 1471
148 2186
143 2070
249 632
24 3968
57 4937
14 3813
239 3307
185 1691
77 2970
29 2059
223 4029
110 4580
213 816
244 2672
115 1561
269 2519
109 1482
171 3726
83 1206
118 1741
55 4305
67 2325
262 1913
143 2079
243 4031
