721 721
342 4465
159 3611
161 4016
188 4487
252 304
311 712
354 518
205 2542
345 4858
233 378
232 2992
296 1374
313 1519
334 3641
74 4468
55 4611
96 4820
94 3618
183 3484
74 4261
75 4812
139 2881
97 1879
106 1864
125 4018
25 3938
30 678
263 4288
125 4430
99 3647
211 1841
211 2008
48 1812
271 4446
222 3269
71 1051
199 2713
201 3681
136 4347
259 4797
145 2887
63 937
218 76
67 2857
316 3237
337 4442
68 1750
341 367
352 475
68 562
212 1933
70 3287
166 4547
59 4739
75 1084
204 420
287 3858
355 2877
287 3476
349 1770
1 3816
116 3380
253 4797
132 4935
39 3603
293 2733
138 3484
8 584
152 4560
83 138
192 2218
5 4062
230 3296
218 1580
323 680
155 2513
299 2044
244 2164
142 2192
40 3462
331 1333
340 3130
127 2406
65 2453
20 1038
96 4082
354 3073
299 986
287 416
324 4954
59 3675
24 2530
241 1072
87 4729
198 1033
232 1574
254 4504
37 1978
39 4994
307 2911
131 2595
347 3212
90 3134
243 569
146 3440
181 1536
140 3105
339 3280
156 986
209 2408
111 2798
139 1400
65 2292
243 1270
117 2491
235 1867
244 4221
32 558
242 1255
48 2192
16 1645
139 3595
297 3587
359 4172
104 391
58 919
53 2777
143 3118
20 3529
319 540
196 1708
344 4838
51 4608
196 4914
340 1430
187 4283
280 4473
267 3181
178 931
205 652
24 3954
312 841
27 1239
178 3630
173 4925
248 4971
273 869
324 4029
281 3502
69 3841
218 1828
342 4445
190 970
334 4003
50 1880
188 1599
132 3311
241 1755
220 867
15 2789
268 3427
50 3413
216 3966
54 2485
182 4817
348 1947
32 938
314 330
60 1314
262 2113
338 4579
252 1039
316 218
102 3434
127 1893
151 2386
260 1950
90 731
307 404
167 3320
60 257
354 4869
291 3039
354 111
35 1562
153 666
23 3562
103 2425
20 636
225 4518
38 2579
327 357
213 2533
65 4799
358 3925
320 3749
277 4379
238 1887
190 4450
74 651
254 2607
56 557
36 484
105 2408
137 1074
154 448
180 4164
75 1980
49 3617
150 2399
165 1290
63 2704
58 564
147 2326
296 2746
82 755
1 2270
357 1300
33 2535
227 4999
213 4897
340 1124
20 4297
64 2707
78 4336
88 3713
328 1200
308 3437
325 2651
260 120
243 601
147 1114
209 823
131 1336
164 1945
341 4316
94 2099
91 1327
101 3438
19 1783
203 1173
3 599
207 471
318 2515
343 4501
324 4645
121 4772
301 27
332 2577
9 1125
12 2594
318 3652
349 2516
52 3154
19 4837
185 3361
178 1629
273 1349
206 4923
277 1149
43 4661
290 3357
355 2224
43 722
279 4068
192 4182
167 115
69 1254
207 322
9 2912
261 247
302 1198
5 353
78 476
151 2077
25 1455
343 2469
302 3151
115 4434
100 1862
358 2918
275 1955
196 2368
173 957
1 432
77 1642
130 189
134 1781
355 4595
146 4342
127 1398
3 2556
340 3675
85 2080
125 4923
13 2874
303 4700
329 477
350 193
57 4467
227 3192
175 2456
75 4674
355 1920
198 2739
3 2129
37 4148
15 3788
332 2507
337 4088
174 4269
70 4832
267 4303
23 3016
247 2335
176 2412
116 2653
284 252
117 4278
118 355
352 3938
145 4522
97 2963
188 3977
185 4078
351 1965
151 2826
253 1776
115 3163
171 4789
90 4292
186 2002
61 3896
73 1540
234 788
99 361
64 603
78 1438
18 2107
172 1778
235 3585
295 1757
72 2574
105 4722
160 2998
344 49
348 2973
328 3882
208 1369
298 3436
256 3440
87 1109
77 3758
153 2064
236 2338
238 4120
321 4087
348 3924
40 3797
121 1672
325 1958
79 717
183 1859
29 2638
58 3728
323 2129
95 4799
346 3471
26 759
7 3454
266 2871
310 2623
4 3455
32 1940
269 4084
93 611
5 1550
321 11
244 632
325 4969
168 873
7 2371
182 2909
198 4569
95 2908
205 389
27 1618
112 676
206 4489
189 4368
88 1766
37 667
296 3359
114 4595
24 4894
151 3827
225 62
267 2448
131 4574
182 1676
85 352
230 294
241 971
323 280
111 4550
348 2210
243 4867
317 800
92 895
278 4845
224 2865
84 3749
78 4853
145 4623
236 1364
92 498
173 429
59 284
318 3714
151 2953
8 322
274 110
323 2219
179 601
115 2868
155 1063
89 2112
277 4471
284 2013
14 2569
242 3919
104 2523
262 1582
166 4548
201 3069
59 4540
329 609
13 1759
178 4581
312 1094
210 1699
94 3196
37 2196
46 2219
168 4285
103 466
180 3623
166 3081
74 4425
350 169
173 1918
144 3148
240 778
98 358
56 591
326 3387
245 3953
11 2829
98 4826
106 3968
258 469
62 156
153 4980
187 3309
59 1194
270 1612
112 1464
62 3297
179 63
87 4803
123 1674
45 2343
55 3560
248 3798
155 3018
102 3065
295 1620
101 1360
303 1791
224 3605
259 2931
260 1430
204 2794
359 1776
5 709
126 565
277 4720
114 1865
316 4762
317 3554
259 101
219 1156
321 596
214 708
132 3730
140 1746
12 2803
200 749
318 4948
231 4593
186 2849
308 1567
258 33
255 455
52 3551
113 4863
269 2999
30 2342
68 2339
163 2670
74 2861
185 3886
3 256
156 424
206 820
287 679
227 4763
338 3575
224 1115
125 2309
184 670
222 1764
44 2177
23 922
43 777
326 2908
55 3064
360 3443
274 352
221 323
217 1045
139 3581
60 3695
153 3319
55 2805
42 2006
180 2866
158 4312
141 355
116 1244
15 2577
151 1195
277 3434
109 2325
273 3243
87 940
239 1636
314 2664
227 1201
113 2619
151 1993
25 412
108 1136
311 2253
54 3528
97 3224
284 1842
174 2411
77 245
242 2585
173 2387
294 4689
194 2594
17 3457
157 3427
160 2795
307 358
208 4111
58 3178
353 769
154 4306
256 2420
93 4125
354 733
144 3333
283 4004
190 1614
169 2282
273 1243
151 1174
37 3900
233 1305
289 4269
114 1967
212 4840
91 3018
349 2275
51 987
279 448
141 3639
93 3556
96 4
314 1777
78 3886
335 4996
263 796
107 4620
271 1109
50 2678
318 2676
276 2911
115 587
347 3479
311 93
89 540
350 3178
148 980
162 4662
107 2250
79 3383
59 3415
181 1613
264 1365
254 2746
71 2008
314 3959
97 163
110 293
46 3112
145 1122
74 2510
241 2040
127 4206
131 4576
119 1037
301 4214
340 2813
214 2758
166 3218
136 120
88 42
271 1767
20 1518
230 3430
327 1242
253 764
77 3851
344 1279
197 3945
66 4248
229 1216
278 403
293 3622
8 4711
202 4581
185 3606
238 2368
287 4435
143 3563
217 2825
130 2590
97 4024
58 1076
160 3519
300 154
252 4419
248 1553
167 2007
154 91
220 1482
312 2502
79 4956
328 4044
224 2309
130 415
253 2716
256 2603
195 3921
25 2627
51 4894
262 4849
102 1867
135 2388
338 3919
112 4957
153 923
94 2932
22 4825
30 3877
356 4433
65 4455
286 2621
166 1904
102 843
42 2760
235 1308
269 3099
58 4647
270 396
324 613
256 3056
311 3511
94 55
232 4503
237 4454
131 198
265 3105
76 276
138 1113
23 4098
176 104
110 45
267 3013
308 3939
63 637
245 3243
291 1251
28 4554
136 2602
161 2741
178 2508
182 1858
171 4869
58 1747
256 2017
352 3108
269 2694
146 2534
292 4146
307 1137
51 3819
