367 367
94 170
10 1957
145 2117
98 638
157 4781
82 1220
65 4724
158 2099
87 953
57 3846
161 2816
96 3826
58 4851
118 2430
133 3263
179 426
167 2059
80 4326
156 1419
60 2881
134 4151
151 2296
84 3153
44 334
135 698
15 1514
43 779
46 2711
138 536
122 2803
144 1582
116 2118
118 1992
14 3398
72 3128
149 2403
172 4772
135 1349
12 1546
154 4902
58 221
52 3972
80 1347
48 1918
54 860
131 2806
131 4554
82 2856
123 4888
70 3833
74 3294
171 1077
72 2599
137 1908
82 4278
97 3655
78 471
121 2594
138 4690
83 3255
169 3258
17 2347
107 2408
130 4278
175 1856
63 3290
81 569
59 4675
126 1820
178 4890
67 4996
73 3821
180 3227
30 1727
164 1303
16 1001
24 4995
163 3023
167 4854
71 664
118 3325
51 4241
27 1525
159 2181
4 4290
75 1482
78 4946
54 4105
119 4717
136 4953
38 1555
81 4134
27 1508
82 3853
121 421
147 2449
85 3105
48 311
123 2317
159 3780
177 2317
105 2084
49 4516
23 1899
73 3524
50 1992
35 2965
137 4724
8 4153
34 2708
87 3610
65 1073
134 3322
71 2046
50 2416
25 3088
165 2896
117 4712
72 2542
111 2488
21 3823
183 214
177 1142
85 3394
119 2834
44 3344
154 4972
109 2127
33 1506
97 1685
163 2075
8 1207
10 1072
76 3710
58 4121
110 2639
46 3501
170 1157
40 2462
34 4187
164 2549
160 1713
18 3094
81 3330
66 716
96 1145
57 3485
42 238
39 3790
109 876
83 2985
52 4598
47 2301
64 3387
104 2571
22 2965
69 4829
45 2944
9 2752
153 1541
17 2177
77 3933
52 1688
48 4096
175 3126
121 2395
44 3739
182 4307
169 1176
25 4921
109 1813
168 2591
153 848
143 787
31 4486
85 3587
175 1622
143 1117
52 1338
147 3688
158 1795
47 4727
75 4873
161 4345
41 140
105 4410
26 1061
139 4559
4 2870
172 3101
165 2568
33 4490
101 1379
157 2061
161 4634
17 4394
123 4483
4 4808
66 2428
1 4398
129 2797
41 3243
3 1705
8 724
14 1930
68 1446
55 1361
40 3890
128 994
156 4067
177 4105
63 168
36 4474
18 4357
89 3431
138 2616
110 807
62 239
134 16
126 771
47 2589
165 449
81 4759
34 2183
174 2647
78 4898
14 345
157 2905
132 3470
13 4663
144 551
133 2790
152 4939
89 3596
8 1103
143 496
145 3744
142 1812
50 4240
119 2731
115 3174
31 1272
15 3290
5 2264
175 4497
160 555
106 3130
161 1199
66 2976
73 3704
176 3583
99 1612
72 2437
87 3835
18 3839
7 1658
159 1900
166 1865
35 3580
173 397
53 1312
100 2145
53 891
4 1982
90 4722
11 1767
108 4464
159 1365
181 4083
30 1399
13 4439
110 3377
150 831
19 1245
95 949
103 4762
42 4990
18 2146
18 948
95 4434
102 4618
64 1336
127 356
156 3835
59 1583
170 2645
136 2046
73 4209
157 760
85 3842
149 4118
106 176
114 4153
120 3965
97 3193
11 161
40 368
121 1229
4 4401
129 2811
181 2326
148 374
80 3452
23 1458
115 2744
45 1486
57 4142
52 3438
105 2497
125 4590
161 4882
154 1424
145 2926
72 2762
148 3233
101 3144
28 4446
21 2831
65 844
4 2030
39 2782
66 834
67 4394
142 220
121 4591
149 3602
49 3161
88 2483
41 1705
58 3941
39 3040
127 880
94 4235
174 4409
56 1684
8 650
163 2664
67 2405
4 480
42 3927
111 383
178 268
106 1027
171 3830
110 797
95 981
25 1935
65 3881
176 491
9 302
126 967
121 2488
30 3826
145 477
167 1370
135 188
113 3508
125 129
44 4820
115 3849
103 4925
85 4464
146 1417
146 2640
83 447
140 2624
162 4937
