870 870
63 1418
134 3709
407 4751
96 2813
341 755
21 2360
380 3417
261 216
254 2032
349 2407
250 537
42 4622
126 4687
43 4705
271 3762
192 3608
196 1019
153 1496
360 2240
30 4442
234 2797
99 1862
427 2967
299 1490
44 4317
61 4745
27 3449
344 4713
158 744
379 3489
150 3806
354 1352
273 4919
73 2560
374 504
121 3923
348 3824
278 4971
289 1221
422 910
385 4237
157 3375
66 3155
406 74
71 3001
332 3810
6 4515
286 1411
203 4194
48 441
272 901
307 2525
354 4340
173 4511
71 202
102 3727
367 557
99 719
311 264
221 2495
27 1561
319 2908
397 386
36 805
261 876
133 2510
327 3926
52 4600
139 2726
299 1972
369 4961
319 3282
116 1438
127 450
209 979
244 2703
135 584
17 4766
21 2437
410 1251
333 3629
118 274
422 1125
267 2083
224 106
81 2769
117 4535
313 3457
9 4127
432 3566
427 3004
42 4412
149 3572
229 3558
63 2934
187 2064
95 813
193 4358
203 1814
71 4328
378 1204
252 2882
419 4310
251 3095
366 2150
176 2681
292 2128
101 300
265 3839
199 3534
4 2529
162 899
93 1503
26 3709
27 2309
132 729
263 1249
98 4505
400 2456
105 3492
22 3948
9 3871
250 3685
87 1158
309 3668
280 3014
344 2815
429 2854
156 2876
409 2417
115 1156
74 2127
293 1395
205 4141
210 925
403 1041
270 3625
344 3114
84 562
43 4427
236 1582
51 344
116 4739
290 1669
282 3351
174 677
272 1387
3 2359
261 1132
316 3064
198 3902
320 269
105 2486
114 2436
303 2243
395 1301
28 630
70 4602
197 1721
122 3727
422 2218
284 1331
431 3304
129 2287
343 1754
15 865
236 2022
12 1383
401 206
259 3682
431 1152
315 1885
421 2219
209 4923
152 4864
200 4165
432 1499
358 1378
170 2619
388 3760
354 1403
380 3577
209 2179
241 4934
420 2026
229 1620
213 3778
414 2713
23 3538
26 238
70 1552
330 2514
60 2803
315 2778
333 3112
152 394
240 1929
126 591
22 3322
26 4947
382 4411
409 1255
351 1879
34 2714
213 1228
92 969
195 485
210 3077
85 3108
112 1608
26 3556
340 2425
223 871
290 1449
353 4129
42 4634
362 1268
85 4653
47 292
324 901
21 4974
378 2622
148 476
359 2252
266 4945
114 635
165 183
88 425
412 4929
319 162
238 3540
219 3418
359 2634
324 1237
133 1459
305 284
222 69
375 4813
181 2897
143 4299
341 2011
396 2375
133 2205
236 1886
167 178
207 2667
388 78
244 4332
21 2477
20 1811
229 2135
156 2875
64 790
342 3663
102 1691
210 2674
17 4872
72 1053
261 4653
14 605
233 3286
338 4316
434 4591
137 4946
431 4509
209 3748
393 4812
63 480
288 4066
402 4469
64 3418
386 6
211 1177
170 2387
298 4393
181 3618
171 4352
92 1453
392 3950
401 4458
135 3635
386 1815
58 578
57 3440
153 2080
238 1246
103 882
357 3704
343 2710
260 1779
260 1820
357 3353
210 3855
93 3867
165 2256
51 3783
135 2206
24 1308
4 2981
55 1734
296 4032
159 339
238 1320
81 1110
415 4645
276 1579
398 220
399 2510
105 1077
325 923
216 4636
100 1985
346 4097
60 4679
56 3331
337 2167
228 1374
155 2436
336 3619
128 2294
29 914
380 2881
288 2483
246 3102
407 1977
409 205
146 240
342 3703
409 3778
302 4394
57 3582
174 642
75 1929
199 1616
223 2396
15 3326
332 4275
51 2260
362 4188
417 2637
212 3721
187 4167
153 3999
134 497
81 2574
329 1799
166 691
333 2746
342 3355
337 1777
358 2417
11 1320
98 4626
266 2702
27 1831
38 3796
138 186
152 3574
302 518
120 181
196 134
333 4902
98 4342
147 3156
415 2327
396 1971
288 553
337 2792
92 3828
217 3953
292 879
156 3452
368 152
193 2544
284 4744
228 2308
255 4583
21 4151
152 597
138 1569
141 478
80 252
259 944
373 1257
265 2842
284 21
311 4900
232 2067
274 3133
109 833
49 1423
64 696
38 347
376 2398
27 85
152 3023
410 4281
302 4559
349 1539
294 3164
302 1611
8 903
430 2733
239 2624
389 4071
388 3531
76 3335
372 1494
73 2970
161 794
312 4370
82 3228
396 1190
93 4829
69 1568
172 880
74 1733
151 4840
189 1821
56 475
309 2948
288 2795
98 1049
256 1370
412 1075
85 2411
412 4747
187 815
402 2948
404 3869
94 2099
403 727
273 1262
229 3881
209 4104
65 1691
130 2174
120 1877
275 2095
298 2528
145 4230
180 2273
163 4544
53 558
271 1063
132 458
299 169
305 4576
31 239
36 4152
243 3561
388 1543
31 1334
292 3051
61 383
28 4657
304 342
18 2392
330 197
402 4554
296 2604
149 1207
245 3738
374 2470
363 4692
274 2107
75 2089
104 400
408 4220
108 4570
223 3407
62 3944
327 4955
292 208
262 3010
185 4806
405 4069
334 4876
263 2395
234 649
225 987
251 302
160 374
254 105
289 2557
193 3685
52 273
429 187
81 4656
19 3288
216 3250
173 2264
23 3500
113 1672
285 1953
362 2719
388 2497
328 4366
128 4548
352 4661
116 3631
307 4115
271 2910
91 4891
260 2105
101 1045
170 157
91 4018
326 1377
96 4058
25 3604
416 3543
96 4130
194 1408
103 4630
110 4732
307 2499
282 3505
312 4750
204 2860
191 3364
375 2447
300 879
297 2086
247 1747
282 528
337 3024
149 3670
258 3419
208 771
424 3220
15 1035
335 1677
259 999
138 4428
368 165
376 3465
186 2742
378 2617
262 1812
134 148
32 129
28 3883
371 2243
1 4599
111 4515
306 4427
66 4153
43 2038
248 172
28 3843
102 936
226 1460
73 4959
274 3948
54 3573
126 3649
37 4894
9 1190
74 4265
183 3224
319 1674
410 2399
293 803
173 3754
74 4140
300 3028
248 4091
184 4290
17 316
33 2099
272 4216
223 2694
266 2849
299 1371
71 2962
408 4485
215 2930
397 3271
151 4117
317 3283
261 999
134 1093
220 2405
76 78
30 2756
361 3935
220 2266
281 2191
117 104
275 4517
315 1098
109 1958
57 2170
83 3506
157 3885
308 102
237 4086
257 1287
301 453
312 3579
421 4125
230 3978
275 3484
171 3049
405 2183
149 4488
71 1129
147 111
158 1183
298 2102
267 3871
88 679
229 1385
235 2194
152 1581
317 3917
320 3331
266 687
398 2530
75 2340
346 4419
381 2618
153 4289
432 2292
285 4115
94 1539
181 3042
75 310
386 1684
426 323
71 659
79 2703
140 3279
15 4326
252 3047
96 4384
65 308
428 1550
415 214
169 2804
397 1685
370 1894
135 2495
296 2485
338 936
197 4207
314 1522
177 47
346 3656
416 2498
114 3118
189 862
255 2851
139 1904
408 2965
381 2226
106 1247
402 1242
17 4709
318 4621
367 3001
412 552
281 582
331 1425
423 828
426 3439
320 2449
299 813
283 1270
233 3133
28 2211
181 4486
124 4208
87 3567
426 2337
142 4866
165 4787
276 741
166 3211
393 248
358 4469
284 1576
45 1309
419 3917
286 299
424 1266
156 2046
128 4646
238 3205
146 230
257 2515
316 2048
409 1263
321 4743
313 1648
382 1012
220 2912
72 1769
340 2957
44 3246
20 2955
96 3697
159 22
214 4648
366 1979
247 1279
375 4856
356 423
232 4583
159 4466
172 545
123 2593
243 1660
343 4686
245 846
299 4945
420 1627
97 245
196 4338
253 2481
148 2178
66 3294
368 1792
11 883
63 4987
72 2124
181 3450
216 2417
392 3168
84 4336
421 3612
103 4836
163 1462
66 4303
76 2096
227 1370
251 4102
203 4395
333 571
303 3719
404 4692
191 4241
117 1743
86 1705
254 4871
382 4290
349 4008
54 4557
324 425
241 1295
380 492
428 4912
237 2091
424 1578
18 435
90 4276
173 2174
39 1354
98 2365
153 4088
417 2538
158 1679
367 601
58 1873
402 4891
211 1151
157 2189
78 344
197 480
58 1315
191 3075
256 674
60 2839
192 4741
148 4255
139 2077
283 526
151 2832
281 1089
198 3139
355 3992
322 1851
299 352
128 3874
97 2220
111 3690
285 3884
382 2590
64 2793
254 4871
262 468
92 1778
375 311
176 685
145 4175
400 1117
42 4761
260 3120
15 4316
13 4041
313 2932
364 652
150 3226
120 132
371 382
128 222
246 3412
149 4847
194 3078
41 2412
220 373
184 3522
283 4035
413 4387
330 2279
73 3656
179 3947
255 1892
348 2778
427 2669
110 648
295 3868
196 4523
185 1476
78 2825
261 4411
120 555
70 2684
121 3146
306 3805
104 3428
53 2896
323 3021
369 239
339 2261
336 4779
307 2092
238 2048
172 1972
95 1539
212 2429
263 2501
343 3010
186 2914
153 2548
271 3655
241 660
341 2678
95 349
66 3941
24 4538
346 4916
120 2888
37 3917
225 1287
155 113
20 3708
71 4643
369 3013
323 3327
123 2855
388 4172
372 2463
395 1250
38 1638
2 1807
47 861
401 395
154 4332
