405 405
191 2589
51 1547
28 2399
88 3907
25 3765
28 3185
75 4042
11 2190
91 3441
151 2831
13 4650
104 4343
39 285
26 2676
24 4809
149 4995
71 4093
32 2836
19 1836
58 3882
126 1105
193 3291
202 1441
130 2027
109 4075
82 165
120 750
199 4871
4 3415
107 4332
85 3379
159 1597
127 4701
95 2460
182 3074
15 3046
144 2045
192 2220
27 2780
106 1737
34 2893
15 4826
46 1024
117 4254
65 3004
102 3607
200 178
199 3662
38 2168
38 261
147 2529
71 2110
188 73
9 549
77 3917
19 2992
116 2916
90 679
88 4560
62 3698
14 4600
99 3838
115 2202
160 4199
122 4068
81 1383
132 298
131 3213
71 4413
86 3412
92 1146
170 204
49 4336
4 2340
93 635
175 3368
169 951
30 759
102 4812
202 2567
18 3100
129 4572
194 2168
178 2563
108 2674
81 1131
3 3217
164 1674
139 2710
16 1069
52 2167
41 4540
146 3964
51 2396
149 4619
132 868
29 1160
192 3347
186 1481
66 1975
134 739
20 1533
95 4817
44 1776
29 1406
159 1571
92 3503
49 900
169 2970
123 1972
17 546
55 3315
68 4242
15 1570
170 4059
115 4111
56 100
43 4443
58 2054
104 2770
199 4353
115 807
99 1362
11 2682
151 4315
174 849
59 552
119 535
106 3236
73 2425
82 4530
87 4014
126 1159
202 3733
126 1156
119 4294
170 1988
62 2003
197 3827
68 634
96 3980
14 1862
15 3712
185 4540
149 3607
94 764
167 1652
54 4334
105 726
119 177
153 3549
174 4643
93 4588
69 2563
27 1406
34 2994
197 975
139 795
96 3483
140 1848
192 3754
53 1395
43 1298
78 4320
189 3092
43 2968
56 271
164 3485
142 3160
7 4281
38 1757
72 4496
7 4023
109 3011
156 279
127 1847
172 29
28 1733
115 757
80 855
180 4987
99 1057
7 3043
1 1463
97 770
188 4065
160 1633
67 1898
72 2500
193 1078
110 111
137 2176
66 4175
100 3152
164 4455
80 1819
67 2986
164 3398
184 3800
179 899
60 2844
173 1684
66 2423
16 4774
40 1574
79 4086
3 2636
66 353
144 1685
48 4515
105 4778
172 1294
120 436
193 2236
155 2498
147 1282
197 3166
41 3634
93 2140
111 3760
22 1649
166 3305
107 4133
68 1051
6 596
78 2084
84 660
170 4325
37 4564
16 1091
17 4194
113 2837
39 1808
81 2079
91 2561
147 1651
49 2263
202 3901
155 1105
68 4615
98 2027
87 124
104 1793
143 1932
125 4017
160 3100
76 834
10 3849
188 2995
197 1416
53 4874
53 817
35 4291
167 4171
196 38
193 144
26 3002
132 701
76 2741
98 4416
145 4743
199 967
87 4379
69 4495
8 3024
118 913
62 1596
184 1315
57 138
90 1336
121 877
169 4833
121 4897
75 2563
179 3023
17 3711
37 2904
152 2782
77 3194
149 3149
190 1438
187 1049
5 2490
128 1266
158 875
81 2144
49 3090
64 3728
132 2674
189 548
9 4560
25 4875
177 4232
191 3122
178 2176
89 61
80 2060
112 4601
168 2097
62 2661
145 2879
118 395
125 854
168 1965
3 1248
13 3733
49 3879
83 2756
40 3810
68 3698
33 4489
99 3891
95 3302
160 670
71 3434
74 465
182 1854
93 1332
71 908
76 1519
107 2623
29 397
70 4714
3 4139
88 2974
106 2929
140 2360
130 1159
151 1441
28 1753
63 3561
72 1129
30 2983
26 2093
97 1419
44 117
50 1029
134 283
163 1897
155 2679
69 2741
159 3033
187 4206
14 4780
115 8
129 3698
103 4420
182 4843
56 3651
125 4559
175 1858
52 143
27 787
92 1104
138 4916
155 2863
10 2396
82 2264
94 3344
162 1208
131 4695
38 1614
97 1989
85 3245
9 4606
125 3777
85 1859
188 4405
197 459
197 1138
88 2163
46 4224
195 2207
172 4887
58 4735
145 2034
121 415
103 3265
6 364
192 812
107 1718
96 2342
32 3666
76 3989
26 1010
27 927
20 1165
109 2936
70 2345
48 2122
166 3584
183 2543
12 3874
65 4702
158 688
101 853
144 1881
160 3994
166 3647
132 483
100 942
97 1528
7 1091
183 60
202 4028
