863 863
380 1830
31 1050
189 4548
32 4088
302 2959
66 4772
354 1941
233 2777
263 4575
114 1993
318 2577
62 2574
51 4949
49 2109
141 4247
206 4221
421 4848
391 4787
363 440
72 4324
367 4438
201 3215
156 4964
18 4155
317 2479
138 241
66 1310
296 2236
357 3331
115 4363
106 2432
244 4673
64 1294
223 126
229 180
252 528
212 3152
245 4676
172 4511
106 2035
51 1158
321 3272
309 3735
108 809
396 1987
22 1437
276 1664
359 1221
246 3489
204 4334
189 1343
337 4040
338 3685
244 3832
92 1066
112 707
6 2627
100 2160
280 1217
366 2117
101 1552
214 4103
24 530
292 4918
378 2639
205 2891
79 2679
271 4033
154 4667
169 4582
122 1458
423 4173
43 2459
48 2380
260 3139
387 83
5 2155
410 1129
292 3741
123 4918
330 2847
133 4852
143 3320
240 858
360 1763
327 1716
312 2516
60 3700
49 4824
94 1359
138 3542
330 357
217 1984
17 192
118 759
46 2388
171 3003
55 1189
6 1608
322 2851
86 1088
94 162
310 4800
18 3066
79 2916
361 1292
208 4706
170 2009
381 2043
100 927
294 48
206 461
305 1
186 1966
98 4337
377 3122
15 2150
269 2533
6 1165
427 1328
234 2094
17 3660
109 839
3 4727
217 295
199 4179
300 1556
77 762
143 1052
213 2556
173 4621
345 2780
113 3197
263 1275
357 3128
419 3168
134 4395
30 2817
84 631
190 4172
87 2101
15 4557
109 939
48 4963
48 2325
277 2226
332 2918
398 2887
85 1737
32 1831
6 98
252 1380
63 689
387 3234
23 3241
325 3152
178 3257
20 4853
392 3230
200 1775
398 294
49 2295
177 4816
218 2989
344 2651
294 4224
431 744
284 2850
124 991
318 1053
27 533
421 4862
402 383
310 2190
296 4792
360 2825
242 1603
141 3323
408 4641
259 452
191 473
94 3646
186 1893
227 3395
65 3420
25 970
252 426
62 4236
186 1164
308 934
79 2803
11 484
48 425
318 4471
47 4528
269 1564
182 2914
230 4562
415 1920
314 1502
109 1316
183 4065
185 2714
25 4644
20 3336
52 1881
367 2836
88 596
193 1536
215 219
405 682
370 4587
184 3367
325 2568
71 780
229 4164
170 346
149 3384
31 2833
254 565
90 4625
299 2848
376 4879
148 4346
180 1883
109 2338
403 1431
49 2757
350 53
115 4619
100 4558
304 2618
204 3912
2 4908
108 2850
374 2194
391 2713
309 4840
194 2067
99 261
322 18
373 1101
363 2158
305 1016
349 4227
313 362
309 2560
161 2046
28 782
352 405
253 3020
49 2005
393 4047
338 3627
58 2054
155 1410
232 186
312 2073
125 2207
163 1001
12 1339
106 1210
429 4736
313 673
115 1864
37 4651
102 4945
61 81
166 4154
125 1162
320 2330
202 210
108 4987
359 927
352 3480
155 4177
245 3592
13 3235
172 2145
187 1727
268 555
230 636
134 2702
48 1203
235 110
399 834
184 3515
378 3245
341 4332
57 2946
72 3050
367 3350
164 3036
120 111
202 4571
261 4670
207 2446
394 4406
324 3115
23 4549
149 1932
261 1080
392 2608
130 3179
51 3493
216 4808
250 2325
242 927
431 3803
217 1298
211 4044
26 367
247 3602
336 1451
8 4716
315 2930
385 3638
113 2406
272 3023
212 1528
268 279
403 1294
163 1358
21 1905
410 2630
276 465
130 3466
172 1313
70 1689
207 4158
93 4126
243 1272
347 2088
124 4795
99 1877
218 3418
296 4625
234 2053
76 2913
152 4963
235 3536
386 312
37 971
294 1139
255 4356
405 3281
373 1827
421 1509
51 645
146 531
122 4839
46 3245
201 4047
28 2641
96 2550
162 4746
1 4185
35 4633
282 2485
333 4406
379 1877
306 4688
354 3579
348 3315
60 4407
267 4306
389 2019
14 2259
187 4133
152 3631
156 4666
126 921
298 4564
203 29
406 1954
209 918
63 2183
54 3186
399 2206
46 4084
299 994
187 4228
111 4832
298 4861
127 2102
259 4687
135 250
359 673
96 3131
252 3937
278 489
191 84
230 2652
65 1354
145 127
314 4981
155 446
340 2870
150 2585
117 2890
221 2283
316 1074
206 3923
2 1521
150 2792
317 44
275 3913
195 1613
119 2307
31 1730
114 1911
120 4082
269 333
154 4533
392 2678
314 4933
267 3431
157 2008
388 524
11 3714
231 519
400 4185
59 1347
291 2504
249 1709
161 3390
337 1840
31 3913
84 1639
386 3207
390 3059
44 82
139 1445
426 2462
406 4401
282 201
33 3623
288 1359
289 4731
91 2841
230 3820
182 4898
6 389
79 121
239 918
285 768
406 4878
202 2676
26 2633
327 4670
410 2297
2 2469
144 1999
357 3253
394 1948
273 3563
53 1870
290 1256
358 4472
13 293
405 4660
227 1270
106 1286
196 1751
139 3179
89 4196
32 3642
89 2955
20 2700
130 2753
137 518
239 109
387 2351
390 1866
391 4795
313 4723
173 4696
365 3438
383 4379
386 4032
78 4280
307 2839
12 3626
275 3354
404 490
225 939
378 3661
119 17
45 1945
400 3156
354 3887
400 4376
371 4511
232 4530
353 3738
83 4613
331 2724
280 216
55 1463
386 3649
2 363
5 2656
371 1975
319 550
156 556
350 1773
79 424
90 1100
68 289
275 4530
351 3315
175 2073
125 4458
264 1142
391 2881
141 4669
356 2919
164 1356
411 924
75 835
165 249
57 210
230 4028
100 4280
64 3915
192 2211
38 178
23 3826
352 2829
99 4167
148 1216
116 181
289 2021
168 2517
118 31
147 3937
216 3369
202 174
177 2537
212 3703
375 2096
79 538
327 4878
415 1760
200 1096
284 2205
338 4273
289 2382
389 1530
252 2269
20 4158
207 2284
75 4686
190 2361
74 4846
313 2000
175 467
74 4535
123 3634
286 1180
208 1511
303 931
342 1327
115 662
365 1723
90 254
398 2996
254 1204
289 3378
163 4359
34 3489
45 185
94 3422
420 3814
170 258
346 3398
283 2359
407 3098
288 2282
270 2740
65 189
174 665
134 4017
172 3598
131 2275
58 4707
204 1664
289 1664
239 4181
323 4096
268 2816
246 4367
332 1037
316 4548
368 2381
10 4381
149 628
160 4323
109 4093
411 347
194 1822
306 2141
230 3327
273 3568
347 2606
410 937
281 387
75 3340
190 1113
155 3960
20 3991
229 2747
278 4599
273 1255
313 3978
170 130
262 1116
71 2606
90 470
72 3222
292 4483
118 2042
114 4478
406 654
101 2821
67 3951
217 3159
392 787
218 4645
287 2602
334 4869
187 3836
387 1564
426 481
57 135
352 2
244 2726
225 2063
328 4486
59 4963
296 470
214 4750
376 1353
207 932
316 4217
71 4255
33 4330
135 1975
332 4419
137 3898
413 3069
38 1835
74 4914
293 3385
90 2014
227 2282
2 2782
105 3166
21 2734
299 4988
266 1943
305 205
19 660
64 1632
169 1853
365 4126
52 675
70 1795
382 4065
122 58
421 636
403 4281
179 4771
19 405
27 1032
369 1826
280 2398
85 4389
289 57
64 961
123 763
418 4080
340 2243
393 4807
313 2786
276 1919
28 1802
312 729
180 3411
284 3556
311 1216
274 436
136 3877
192 349
290 1273
104 2476
155 2488
110 1851
427 1037
191 2087
362 3388
5 338
363 4819
272 149
53 1292
79 4743
336 1081
253 1815
114 1076
16 3964
12 3313
255 4344
227 3238
207 3669
422 4880
416 2898
266 4142
210 740
2 4014
413 2361
411 2260
401 1961
171 888
17 1403
353 3913
268 3651
373 4740
179 4784
20 3932
399 4453
81 290
31 472
14 3970
123 1357
41 1972
75 954
397 652
162 2324
9 955
115 643
41 571
163 293
227 783
214 2257
42 1492
378 4376
7 2510
265 2993
328 3884
315 381
359 3255
426 4353
270 4703
185 3716
354 1056
124 2034
246 3700
49 4777
24 3258
168 616
416 2132
99 2818
275 1417
404 1390
4 3041
58 1233
362 997
273 257
47 4260
202 3005
376 1292
78 1481
284 2875
103 1119
402 642
220 3709
391 3219
26 3833
100 3202
311 998
123 1287
62 1052
290 4761
345 3358
221 4827
243 412
403 3975
187 475
196 780
334 2540
367 2401
56 4860
82 999
417 117
371 4356
155 2433
383 278
307 696
149 3853
162 4237
271 1650
111 2512
94 3817
394 687
407 99
124 3696
259 3759
73 833
273 2187
359 1799
205 4186
201 2683
376 4838
35 4203
406 156
116 3212
377 2757
328 4592
429 267
278 4270
134 3346
315 1771
73 505
236 1776
161 3540
247 3227
65 3221
40 1644
344 4300
78 4502
283 383
352 4383
90 3723
41 1318
313 230
73 3540
414 1192
318 1657
292 771
372 94
311 4450
276 1169
209 1881
402 1002
377 4836
349 1058
195 2417
316 3611
165 3234
17 2411
195 4533
10 930
388 2677
379 2851
181 1088
10 4441
136 1150
107 4307
328 1133
75 1838
219 3867
293 4713
118 1842
