276 276
10 1463
74 1300
49 1143
33 2897
2 1185
12 823
63 2717
20 3515
83 714
65 548
123 1065
47 845
24 3615
71 3058
135 2132
3 2247
20 2272
33 739
30 1376
22 4001
27 3903
30 1787
118 83
81 4480
62 910
76 96
87 1491
48 2242
14 4357
98 611
108 4482
49 2255
47 630
121 834
32 4467
18 677
85 4284
73 4487
39 955
117 1702
63 22
102 3836
46 303
82 3406
31 381
34 4339
69 2793
131 2075
68 732
19 4507
129 1222
55 2296
106 4143
50 2950
63 2234
68 3179
17 99
1 2520
117 3212
63 3783
87 2840
120 1226
29 640
32 1529
98 4954
124 3723
66 4482
56 4062
119 4009
116 1973
67 4509
112 3184
25 3294
89 775
7 3946
93 2119
91 2124
62 4764
137 1017
88 3594
102 1490
15 1702
108 3568
50 4632
63 3367
33 4820
36 2388
101 525
2 2576
45 4334
102 428
65 4447
57 3178
60 999
111 4471
18 1370
102 276
61 3930
137 4356
38 2936
73 2881
9 891
63 340
34 1265
65 4526
75 142
90 2924
81 3131
132 4365
95 420
31 4041
45 2233
133 2081
21 4627
1 3
113 323
105 4889
34 4082
106 1115
40 4622
14 2887
44 2036
87 3232
6 865
105 4192
94 4245
127 1479
110 1624
18 4729
109 511
101 1075
119 1422
135 3511
106 1841
27 3212
75 807
18 66
19 1837
57 629
99 4344
114 4991
66 4705
92 127
137 1529
33 4060
119 17
35 1419
133 1279
135 3584
99 2508
80 2683
31 1958
18 4955
132 1662
49 385
47 1556
20 2639
131 2905
42 579
137 2566
99 2227
94 3713
36 1291
96 687
93 301
113 4117
132 1009
93 3530
45 2038
126 3699
55 1268
14 248
28 3380
74 1086
35 1200
13 4632
97 4187
40 1964
90 1904
73 2542
109 2810
78 3221
65 3035
105 1870
98 3864
95 1415
74 1357
102 4558
37 557
38 548
22 1446
21 3526
49 1247
105 438
71 1834
89 188
93 196
135 2437
53 4033
44 1147
7 3242
3 1773
45 3979
1 1165
115 569
37 331
35 4273
104 1938
34 3127
108 1887
4 1962
53 4363
34 115
55 3245
129 880
22 1421
88 3438
34 648
134 2745
134 3656
37 4826
26 2426
19 4469
115 4642
67 1970
107 4380
110 719
6 2059
136 3227
16 1716
114 1963
96 2943
43 2565
95 2600
22 2865
76 168
60 3121
114 2308
95 1421
95 57
7 4796
112 1409
137 3622
4 3868
110 3965
123 3697
80 2149
66 1974
48 4658
114 4464
64 4943
136 2772
46 4265
51 3331
90 4592
74 131
62 3540
109 65
72 1982
47 3120
98 3910
24 1261
63 2314
3 4328
13 2213
97 1933
119 1700
33 4587
16 4934
65 3954
131 942
23 4474
99 2996
74 3793
17 3460
55 1586
