103 103
40 4519
38 3495
17 2729
16 4248
18 4180
18 4719
4 508
49 502
2 4476
22 835
15 3038
23 2854
29 2784
13 1040
28 1735
50 3907
44 4439
33 2230
25 518
41 682
15 4679
9 4999
22 1626
35 1547
17 4969
45 4354
8 2458
29 4528
27 2493
36 3227
8 1391
38 1508
12 2599
2 772
16 2285
12 3056
27 771
35 3367
3 2369
39 1557
34 4689
10 1002
17 3727
16 3164
36 4365
4 2096
12 3930
25 874
24 686
35 379
40 2839
13 2333
30 2554
22 1265
18 1222
46 1557
35 4036
33 459
7 1781
43 2583
42 1577
26 4820
46 2933
43 4687
31 3434
2 2563
27 3991
1 4398
27 3093
8 291
48 4214
51 3790
7 3407
46 4308
28 327
35 4371
43 762
40 1795
27 3888
22 4178
37 204
9 4739
38 2131
29 3471
43 1611
25 3630
23 2644
43 2131
14 3639
40 4849
4 3757
5 3847
33 4193
45 2512
24 2883
13 1724
23 4940
15 2094
49 4650
45 3864
37 2321
26 1878
29 903
