563 563
212 4909
176 3627
259 4856
142 4516
163 615
243 3576
17 314
135 4601
116 284
90 3681
193 4152
13 2658
230 280
75 936
11 4164
237 752
249 1036
252 2968
206 4464
173 4436
40 815
30 3573
168 1501
265 3986
28 420
80 2152
71 4923
93 4684
220 3787
190 2677
258 3379
148 4053
207 4740
78 3096
222 1034
198 1154
206 1032
163 662
165 2588
233 4463
269 1863
265 3568
66 69
61 3515
250 4611
245 1684
59 1029
5 3613
64 544
66 3453
105 908
196 1621
47 3331
144 3862
85 4438
129 4165
52 4914
188 2061
21 2651
251 3477
94 3820
142 1745
151 3453
172 3929
38 3480
182 1305
140 2855
152 3047
236 2865
172 634
187 2696
213 2200
173 3202
35 2534
14 159
69 3005
225 971
178 178
250 4115
139 3391
80 549
25 2901
250 942
262 235
212 369
109 4868
175 3099
137 3139
89 2882
85 761
101 4696
194 453
84 2425
190 4833
187 773
156 2049
107 48
214 489
129 500
46 4202
247 138
40 2028
262 1047
69 4634
83 4675
85 4888
49 3304
34 3341
149 2137
60 2667
178 3548
199 453
189 4979
197 1858
209 2354
65 926
127 158
148 3527
254 4218
8 2844
255 85
7 4778
100 1984
122 4288
75 3833
56 3007
171 2003
188 4896
111 563
165 36
53 4812
157 1448
178 925
58 426
87 895
17 3605
171 723
51 2341
188 1730
169 3248
118 141
205 3881
41 4625
12 36
151 2276
61 3696
106 531
15 3495
72 3699
116 4250
226 1993
163 4014
6 457
260 2500
241 1229
249 1857
114 636
267 1667
5 4747
57 639
146 1090
99 628
47 419
73 2659
156 2463
52 3692
222 2560
165 163
162 2076
234 2329
112 1823
113 1325
108 4584
71 4691
239 3996
52 3080
145 4746
210 2713
37 1937
180 3885
266 2952
86 1141
134 717
1 1660
276 1591
57 4064
31 3204
31 1067
228 4323
180 1572
209 922
94 2853
78 1543
259 1319
66 4352
261 4648
85 4275
24 2332
224 1125
180 309
120 3451
93 2756
43 668
208 2293
241 46
135 3010
186 2907
45 1599
119 3911
275 4515
36 1322
73 4248
17 18
79 216
93 4058
241 4481
52 403
199 3847
248 348
175 1495
77 2160
75 2812
171 1819
128 1866
107 4241
273 715
96 3598
170 3848
220 2200
221 3022
98 4288
113 850
139 2582
138 3600
252 1706
135 1825
158 4043
258 4470
209 4647
3 3637
214 3987
272 3822
275 3609
82 4933
75 2275
277 1015
128 3847
233 2903
105 726
103 102
10 139
168 2119
167 4967
170 1379
271 2842
218 1858
220 2577
100 621
1 3423
115 2791
21 575
18 3623
243 3636
48 2110
280 130
240 3830
244 4860
225 2244
77 3556
3 4986
127 4985
165 2412
146 1425
63 243
124 2185
24 2803
195 4222
67 1176
214 2373
269 4508
253 509
270 2450
172 2628
55 405
96 604
256 2043
184 3721
213 1657
234 2905
16 2471
18 648
227 2774
11 1510
182 1472
187 3165
186 4531
28 1261
168 4407
24 1093
121 1445
18 2261
172 1011
170 3194
152 1105
234 1840
177 578
219 3325
142 4848
134 2510
24 3028
237 622
194 3981
31 687
153 4387
28 646
97 2551
130 4157
126 3030
269 1456
11 4818
252 3682
7 4011
12 4753
115 2948
211 583
128 4344
16 4730
43 965
182 3544
49 1799
10 3802
58 388
232 1306
274 881
213 4987
201 3479
65 4449
178 412
56 3754
51 711
189 4106
22 999
51 2729
203 4291
139 1516
98 1798
99 1369
52 224
31 3080
115 2192
159 2484
184 1164
203 3806
129 2949
77 156
132 1085
147 2896
203 3086
148 3400
53 3464
182 3197
25 1890
32 1597
189 1865
228 305
132 414
82 881
162 3329
143 577
34 3471
255 1075
257 2662
72 3784
141 2900
224 2801
121 2737
191 506
24 288
200 2070
245 4024
5 908
157 992
77 284
51 3384
138 3387
180 2123
130 2773
7 2351
28 2128
247 1389
176 1035
253 3119
165 2164
35 3643
220 3882
150 3235
60 2168
22 1636
203 392
113 203
165 1951
159 2051
219 226
209 778
153 2416
19 2397
265 3248
218 464
209 4736
54 3838
80 4693
2 1902
243 2870
154 833
229 4250
244 4906
132 2902
143 1793
213 4031
267 1803
14 1925
178 2911
79 2182
108 205
279 3005
242 3007
90 4105
245 3913
130 3257
210 2278
42 4387
206 4981
232 4977
170 4199
110 2360
1 3982
150 4983
106 4211
208 1935
126 1657
63 2554
137 4306
125 19
107 3452
81 1679
189 3509
147 1211
171 3953
163 3823
35 2213
5 3112
119 2332
15 501
22 2142
61 135
125 2918
167 1363
19 4727
265 3935
254 4591
16 2621
114 582
191 3748
192 1166
274 3298
225 3333
15 244
250 4853
152 3607
107 4641
30 3889
6 2512
228 1325
24 1329
97 2086
41 401
61 605
162 2535
98 1779
265 561
268 3131
47 4831
273 4688
96 4177
230 424
154 2834
271 1083
212 1227
113 4097
100 3090
61 2864
178 3721
125 4083
173 3823
36 3515
237 2438
54 1753
227 700
195 3645
91 2045
42 4838
261 3569
166 1033
184 4873
41 3727
79 3967
187 4954
179 2478
85 2493
129 324
104 3044
105 1113
85 91
220 4148
117 1466
27 4118
166 3821
87 3444
76 3283
229 1982
245 473
184 4783
31 2469
45 2971
179 2450
238 2235
217 440
236 2573
11 1959
179 4487
29 4927
125 3168
46 495
16 444
30 1299
257 2114
175 1775
214 3953
156 1391
78 1344
194 3349
63 886
144 302
125 3423
116 1971
130 1308
249 3285
273 4561
17 4179
65 4951
158 2336
235 2268
141 2331
208 2185
150 3692
112 3243
280 4320
215 2072
4 850
109 1587
262 4106
66 2081
168 4644
