522 522
187 1996
235 935
246 4489
122 3821
11 2593
137 3128
57 2282
105 4245
39 2454
240 4431
167 3466
42 3686
144 3901
158 3663
71 478
166 2311
152 3834
113 4081
150 3653
189 3537
193 4307
188 3453
178 4288
124 1526
224 3665
172 1747
82 2721
16 194
56 2576
242 747
130 5000
214 4880
159 43
247 4882
155 3347
143 4771
228 4426
182 917
49 1976
73 1908
234 3211
52 822
183 1140
239 3449
70 630
31 25
170 1028
136 4846
233 2784
48 2143
223 1699
34 1505
253 3002
101 4180
19 826
251 2616
29 2742
14 1504
87 1979
176 3518
247 2873
112 4330
53 508
22 3013
198 1380
192 4375
215 2009
224 324
29 2499
160 420
143 2118
137 3011
3 3036
71 3846
187 4299
139 2836
237 2983
108 2799
21 4192
14 198
112 597
201 4804
89 3400
247 1373
150 2074
86 3102
80 4682
109 911
151 2676
21 2507
151 4985
239 3861
215 888
255 2665
130 3101
199 3217
60 2887
164 3692
66 3677
227 1717
240 4057
5 1798
62 376
26 4530
139 422
49 732
111 512
141 4590
190 2761
156 4983
161 94
81 2865
106 4465
157 3386
215 4685
229 3935
1 2168
224 4561
39 775
76 4933
102 640
234 2110
142 3797
199 600
244 425
143 987
133 2856
101 1750
16 1008
82 2540
180 4662
49 2641
188 4544
33 399
124 4027
226 3327
88 1957
138 1635
79 3250
199 2497
228 4128
42 1789
192 1014
71 1441
6 4052
118 4230
85 2857
235 4393
38 503
18 2510
175 423
158 4005
215 3980
128 1486
117 3707
136 3558
32 1454
239 2171
58 1870
4 2741
1 1966
106 1832
251 4772
81 520
58 3129
82 207
105 2995
62 651
175 1341
16 608
142 4381
12 989
198 1526
126 3399
80 4718
20 3888
13 2205
202 3998
202 1998
104 2781
253 440
97 3184
114 4901
252 3419
88 2402
23 3756
148 3109
83 337
228 4113
91 2606
197 3982
171 1178
160 4283
254 3475
112 3512
259 4100
117 106
181 1386
77 3352
20 366
131 693
119 4965
67 3411
171 4309
113 3859
58 845
156 2440
233 2870
112 1920
84 3689
166 2346
25 3745
62 2772
42 1096
252 2540
213 1805
145 1482
177 334
27 2321
201 4643
165 2398
152 4797
211 3800
243 2708
164 4765
141 2993
115 4085
209 121
52 1326
76 1235
87 2294
236 587
158 178
60 2568
139 4221
215 1822
6 4305
255 632
115 1731
53 4408
82 1620
254 1417
237 1580
204 2841
73 2239
27 3110
2 2872
16 4184
76 2202
131 356
221 1430
3 4409
16 3011
141 1528
171 4573
154 4554
134 4621
124 3689
24 518
168 4991
158 2808
247 2676
142 2153
148 1083
240 1525
76 3027
26 3356
234 687
242 339
210 8
10 4932
10 1854
22 3565
107 540
161 4590
68 4644
215 4174
67 1919
33 1053
94 1192
160 322
102 3617
54 757
145 3876
54 923
30 4404
208 1178
14 3013
89 484
146 979
161 4955
9 476
27 4113
152 2829
198 3037
63 4415
175 645
2 1187
10 2941
243 4861
250 1825
254 1732
42 1016
183 460
177 481
169 750
170 817
218 872
65 2178
91 1756
131 3042
109 3823
239 328
181 4206
205 649
145 2148
33 1363
112 4099
258 889
70 4794
73 3446
244 123
225 4217
158 1632
128 3527
71 901
180 267
64 2066
67 2630
91 4064
184 3681
248 4507
239 2550
130 4772
33 1788
6 410
90 1766
226 1980
256 661
35 1519
182 4502
231 26
83 215
46 417
126 333
150 362
8 4004
93 308
90 4646
175 184
243 2281
189 2791
137 2426
72 4546
113 1004
189 2809
214 52
146 4336
215 4636
204 1231
108 4968
119 1295
178 2419
167 1700
124 2890
142 1374
60 724
91 808
92 2178
167 1224
196 1552
165 4342
189 3350
126 4720
48 2561
163 395
222 1330
231 1451
191 611
128 1554
87 3612
227 1943
43 2709
247 2065
179 249
191 2137
76 4924
179 401
94 1341
242 2356
22 1482
107 4367
33 2382
135 3662
77 3207
52 4975
127 1220
246 561
215 1581
201 3550
82 2487
93 2951
52 1463
141 1588
91 3555
131 1189
188 1790
172 2843
213 4787
109 3197
223 2992
117 1205
73 2657
101 3417
151 3130
123 4051
194 4512
122 1261
222 4816
146 3496
257 2396
83 4439
230 642
222 4379
130 4550
156 977
259 3366
252 1287
242 2053
180 3119
114 4503
144 241
26 3236
243 3891
218 2401
7 663
141 1215
116 4271
30 2085
175 4360
135 4572
220 3890
11 3807
151 3723
190 4822
109 3831
240 1995
186 3082
127 2474
154 2850
44 1093
64 3622
254 2504
249 4691
139 3257
46 2938
33 831
248 4066
218 4746
140 182
199 2410
241 2524
4 2835
178 4102
235 4088
87 2331
258 4979
104 4672
33 1760
138 665
170 1357
15 287
190 986
137 63
61 4847
66 1670
210 3026
10 3194
26 4842
68 3321
242 4959
4 962
252 3264
75 3852
15 1148
137 4931
138 4667
47 4390
173 4409
157 4375
3 1904
85 1548
124 1875
116 517
260 2257
166 66
171 1430
82 511
40 1657
206 934
115 3091
234 2833
56 4123
185 3593
114 3316
252 725
12 3992
51 914
22 4586
171 4144
105 871
207 4171
134 845
56 3780
78 2731
117 3992
2 327
43 713
178 4237
216 2927
14 4675
116 4909
