893 893
285 720
49 3114
93 4072
357 1979
245 550
323 2974
189 738
48 797
119 4162
271 4308
23 4734
69 4372
47 2941
75 4485
158 4993
412 3235
304 2223
40 2788
392 3605
357 1283
301 3661
301 3014
440 961
105 4122
300 1258
332 3944
221 3516
146 2896
185 4899
123 797
54 1502
394 4565
151 2684
15 2295
163 3117
10 1734
313 4501
445 2153
255 164
52 3542
155 1747
166 3190
175 4629
194 4547
85 4933
246 3516
407 3664
154 3191
86 826
244 2653
54 192
145 2250
45 2029
378 1181
142 585
156 4330
116 342
89 4808
46 163
174 1914
165 1239
341 4882
260 3440
154 2107
14 65
395 4683
192 834
276 3252
326 593
21 3114
125 3545
250 2174
425 2413
174 2511
185 3044
17 2326
121 4577
105 4896
258 550
99 4724
246 4057
148 4469
356 4714
16 3838
112 1913
1 3454
365 1913
429 2534
389 3134
405 2132
436 1081
404 1255
15 3889
53 3788
118 129
409 2120
173 446
428 2790
406 4376
347 679
254 643
97 4645
191 4794
136 768
113 4690
377 4652
42 1398
297 1299
392 3997
327 3006
112 3729
6 4021
41 3883
418 4407
346 3038
357 3630
303 3510
209 323
50 4729
23 3522
196 2739
197 1822
308 4847
105 2122
155 1803
3 2337
165 3512
82 535
168 2150
97 866
369 3741
301 4438
6 2276
274 787
88 186
81 1593
255 4752
423 303
182 4730
315 640
296 3083
95 2417
112 177
248 4513
51 4882
39 4410
291 3830
329 4684
365 2976
73 3924
147 2019
201 4881
80 4369
100 1445
392 1054
398 2967
160 1592
100 673
69 166
143 1910
436 4792
57 4839
414 831
322 389
135 2876
35 2695
55 3440
312 4218
96 1729
286 1770
392 2888
260 4192
160 3608
327 2078
322 4480
299 2130
69 2546
363 825
71 1695
344 15
327 2314
231 381
409 3431
186 1257
398 1214
253 3711
160 1949
144 198
259 4924
277 3754
20 2163
95 4262
232 593
437 3742
137 2792
199 4845
36 3218
373 1969
260 2513
9 1872
354 335
30 2560
40 4041
196 4972
213 721
33 879
147 4181
46 118
241 2897
200 4080
302 2375
364 4010
393 3671
388 291
384 4471
93 4479
33 3662
163 1030
190 503
176 393
427 2268
134 2377
427 4451
15 4367
65 1662
135 1045
437 2190
352 4615
370 689
45 2336
153 2673
415 3142
4 1587
214 932
50 2623
75 1303
236 464
379 178
327 3562
273 3375
313 3334
45 4405
39 3236
276 3006
58 2145
237 1158
266 3296
149 1245
331 2192
327 3501
12 3931
304 4759
434 4685
170 3536
136 2328
301 3525
276 257
24 2426
137 2583
279 649
99 4558
438 3583
347 2159
65 4527
241 738
308 3433
22 1798
89 1772
426 4191
123 1596
394 1359
401 3165
162 4828
197 2120
239 1941
30 1978
347 524
430 1757
177 2524
172 3372
185 3840
230 4804
147 2951
441 889
281 3211
152 1275
136 1625
51 369
248 1732
287 643
374 3386
446 1582
320 3609
284 3789
407 4991
296 4940
269 2388
33 1292
393 1608
177 2265
326 1069
377 1301
135 4671
167 1078
326 4872
258 4937
276 1477
253 3565
268 659
22 714
293 219
42 4429
21 4329
288 4801
64 1487
148 1262
111 2568
157 2506
364 4978
224 4408
348 1322
62 2311
50 3772
392 2408
138 2493
250 785
148 3152
305 1707
142 4042
210 4545
14 3704
201 3188
425 3656
393 343
244 2100
256 2486
136 2206
161 2117
240 4737
232 4444
145 1465
238 1131
359 4971
318 1561
64 3095
377 1036
64 2307
437 1416
136 4480
68 4907
431 210
435 2099
219 1815
261 4581
416 2816
42 3915
430 2527
330 2802
335 4780
55 2920
2 2087
443 3669
103 2225
111 4485
273 3637
230 1120
94 203
188 3378
253 988
446 4652
160 4340
67 4984
67 829
17 2777
420 451
368 103
247 754
310 3787
340 1845
379 1991
423 230
158 157
348 4501
23 2036
78 4954
62 2892
310 376
404 3016
275 3503
130 3028
312 4716
46 2971
236 1637
321 2863
212 3309
39 4621
115 2861
148 4388
66 4154
47 4051
127 2598
89 3380
342 3689
288 1072
303 3253
115 1160
326 892
39 4381
394 3438
107 3531
203 3967
47 3559
141 4854
62 2983
92 302
210 235
260 4157
163 882
66 4627
304 1959
114 2325
76 2616
375 800
413 244
178 3544
218 829
203 310
56 694
182 3872
155 2860
276 89
312 2587
340 1341
156 3413
233 2818
8 2486
425 690
88 2090
119 4636
98 438
286 128
300 1462
269 4518
10 2517
403 3983
57 4086
170 4939
90 3531
94 1114
222 1202
32 2617
167 184
17 4711
439 594
318 4192
374 909
232 2982
95 4907
342 3311
371 1175
271 2914
7 921
291 4789
285 3850
143 4748
243 282
363 213
66 3399
309 3797
141 580
183 4868
391 2450
277 4378
104 3262
267 692
265 1729
230 2177
123 4091
321 437
140 3016
352 3435
338 1462
98 1439
271 2621
22 384
99 1930
424 1086
144 848
83 1026
22 3062
37 542
437 4545
226 1682
149 2714
145 2309
409 871
408 452
310 3834
355 1938
441 4121
389 4933
60 2556
359 2727
383 3142
405 1107
304 636
252 4195
212 1184
367 4538
349 3807
77 468
274 2833
415 1538
317 2547
50 3268
163 3363
243 4792
276 1957
306 765
93 1485
430 4868
277 3219
347 1429
272 3297
225 1068
168 4183
255 2467
416 2217
431 3891
438 4849
177 1643
312 1408
415 2624
214 302
209 4647
204 1719
445 3273
22 388
119 677
244 3842
202 2025
435 4282
81 2597
136 2381
222 2183
131 2312
72 3426
177 283
159 3628
131 4792
156 825
291 837
87 676
26 2797
78 2451
272 2521
384 2427
12 2988
105 3517
408 523
353 162
74 1609
183 3347
408 4932
326 3453
225 607
25 3643
257 4103
93 4396
439 4094
13 1133
8 4833
322 3160
2 3595
232 4242
314 4178
113 3183
389 3389
269 1036
351 2738
317 1394
52 47
336 1314
350 3105
205 4978
151 348
409 1314
8 4237
300 2959
397 305
84 2859
223 1947
191 1025
137 1391
56 426
99 1634
18 832
147 1963
48 4094
299 633
100 69
74 2644
297 4293
440 912
292 3257
325 3405
10 406
13 1888
432 1506
158 3652
349 2885
181 682
322 1396
186 2057
219 1241
123 4519
146 697
133 2421
121 2803
434 516
371 2788
278 4158
388 2153
30 4988
207 565
224 2052
89 3800
167 3061
263 1837
32 2337
363 1500
394 4701
41 1630
428 4429
48 965
232 4381
2 1543
418 3710
240 2882
295 413
405 2788
173 4098
133 1113
253 3077
152 652
135 4659
170 3633
88 4073
235 4635
146 2459
296 261
10 3037
25 1585
49 4117
194 225
118 4948
411 3727
242 479
247 2831
216 1166
284 1538
271 3629
117 1456
104 2957
286 410
238 3218
189 1298
328 1207
239 3499
118 2833
25 4683
274 2193
133 3061
249 627
62 321
215 4388
276 3439
207 712
97 3461
382 4136
418 937
207 85
194 4805
397 38
131 2168
403 3220
62 4724
70 1359
127 2580
352 2054
14 1527
23 2507
402 1539
123 4050
233 4845
221 1360
342 1538
3 4122
427 1211
441 914
254 2133
261 306
342 2606
261 1418
182 1649
186 4460
106 264
158 3661
351 2951
150 1135
75 4848
4 2269
279 661
361 1202
446 634
197 4076
370 4336
222 1271
41 4023
50 3821
131 507
420 4835
48 1308
342 1465
381 4993
368 4326
338 3915
343 724
11 1783
56 1959
429 1493
224 4803
51 3717
126 3648
361 4576
218 1628
292 3817
222 4169
146 1921
317 2918
187 1466
378 3032
34 4343
135 2051
291 2616
76 1678
367 1760
444 2976
236 4083
387 4926
122 2460
280 252
191 2146
285 2379
60 1658
222 491
300 1941
252 1663
118 532
445 4754
317 581
259 3179
434 4178
92 958
219 1182
96 3929
345 4698
259 4589
179 539
28 3867
271 3924
245 841
232 2295
225 51
322 4549
418 2911
253 735
315 3712
357 2833
240 2140
31 793
273 872
113 4487
144 1938
47 1246
47 3467
423 2556
17 4514
138 3823
270 965
293 1111
202 4514
250 2324
394 1167
298 2162
101 3656
139 3822
50 1354
238 1752
356 3574
330 3228
387 3970
327 2848
240 3047
42 3873
273 3998
337 4896
54 945
392 2371
239 2599
147 864
237 198
166 1429
332 1662
180 3559
300 4168
333 866
372 3330
132 478
255 1321
260 4404
314 4578
246 1435
204 2941
355 2140
224 3661
273 3610
57 3129
17 327
399 2176
349 4101
153 1729
169 4390
244 3546
275 3766
47 3101
64 245
117 2987
109 1644
19 1948
360 2901
424 3886
276 737
345 221
424 2099
204 3582
376 2935
77 3578
125 668
263 1257
239 509
229 741
77 511
266 3376
161 3299
143 2363
236 4469
16 2957
267 1293
9 2047
69 403
408 2123
167 3232
61 4693
315 2154
180 1925
319 4335
327 2145
169 3853
127 1949
423 504
56 1343
70 1746
270 3365
104 2442
98 432
413 3790
424 628
394 2802
361 1498
319 3105
286 3652
13 2808
161 4639
343 1683
175 2994
412 2747
130 2139
405 1396
104 3564
285 4200
176 1954
235 1075
