869 869
104 1737
215 623
414 54
380 3232
416 1843
387 211
342 984
226 1241
207 3951
116 2499
344 2851
213 2763
115 2469
35 1513
395 1906
177 1319
78 2299
64 361
29 4190
243 253
286 518
90 4360
98 2188
129 3589
335 4950
411 3774
262 704
123 3111
190 2085
194 4266
247 2869
166 709
200 843
45 1207
351 159
390 4640
163 4894
76 4777
343 2665
288 1563
70 4208
33 1278
185 3214
406 3676
359 4828
328 4104
309 918
252 901
43 2818
324 2953
28 4542
345 889
213 2549
151 3190
204 4168
31 2313
365 369
220 1094
326 3156
148 2462
132 3040
317 2172
341 1097
354 1860
171 2106
373 1355
293 4202
401 1299
411 3571
163 2681
355 370
408 4190
141 4934
206 291
167 1134
262 4751
106 3767
187 2239
399 1391
104 2042
283 3622
86 1671
161 1301
161 4600
406 2179
183 2124
38 2005
134 1818
412 765
266 739
294 3532
385 3335
60 4154
71 1034
113 4217
82 2875
249 1533
377 3360
299 3540
17 461
294 1285
141 3876
97 633
121 2885
278 575
202 3432
37 3363
123 3360
364 3322
69 2466
10 870
53 632
274 4160
268 499
134 4330
247 4028
35 4482
8 2241
133 366
209 889
333 4832
362 3008
350 3479
159 3971
322 1504
335 2704
9 1837
160 2499
8 1108
303 2315
358 3830
420 1313
115 4059
78 4843
193 876
51 2239
74 3726
396 4291
141 3123
129 4333
96 388
179 2996
394 4178
243 3380
96 1480
417 1739
147 1455
399 2898
228 2222
431 4146
164 1340
36 2308
128 3597
285 2685
63 70
332 1633
71 485
173 4931
179 4987
147 682
42 2836
417 2270
252 2521
301 41
222 3643
189 2897
164 167
372 2269
65 3097
5 1820
246 279
88 458
60 3442
293 3337
366 4889
378 108
180 247
251 2281
332 4562
387 943
327 13
369 4710
226 1179
357 875
425 3695
277 1188
137 501
86 3866
188 2087
178 1248
379 4906
383 2847
102 425
62 3159
318 4379
239 2388
386 916
393 2107
204 300
252 762
369 4107
295 4288
317 913
196 4485
7 4547
423 1514
185 870
40 1929
389 4172
110 274
426 3171
417 1941
409 1174
11 2295
321 1469
401 482
69 1261
193 1226
421 1467
368 2200
111 1863
230 1832
10 753
401 1421
106 206
220 3970
212 3138
26 1839
165 237
319 2954
191 4818
28 2438
343 3450
9 2674
15 2076
65 1295
177 4984
261 2889
246 2804
388 2621
282 3630
49 4883
263 2613
344 3638
175 924
86 3448
289 4833
279 3324
412 3591
287 3072
148 4040
309 3670
225 3235
379 1871
425 3772
195 1631
396 2366
263 4714
42 4086
243 516
40 4935
289 2483
203 4430
339 175
323 4899
9 3943
104 3266
153 2296
104 1512
70 581
64 996
230 4541
28 2964
105 2955
344 3670
22 4793
385 3755
388 4746
65 2155
79 3064
80 4992
296 1898
409 2182
385 4628
22 4862
219 2819
289 3674
378 2704
69 4926
156 2545
117 1421
218 4121
64 841
84 2820
62 3484
431 4466
361 3598
247 4888
82 4681
378 1796
431 4915
14 3328
253 784
401 9
194 3458
124 410
275 1019
118 122
76 2812
125 821
167 635
409 1481
127 1797
65 2746
337 373
30 2424
119 2251
181 3700
38 2222
292 1435
38 2973
309 3351
42 3367
379 1870
302 2763
388 4977
307 1216
66 525
102 2591
262 3965
121 2865
73 2686
83 2331
361 2856
198 1342
192 842
186 1234
184 3246
306 2307
224 2567
45 36
296 2512
93 2978
153 2536
244 363
234 908
36 169
288 1207
256 2047
22 708
369 3856
307 3850
147 2676
69 3297
34 2632
149 3952
220 4691
83 3315
388 985
302 3058
82 790
240 1102
222 4259
169 4907
50 2220
388 4165
190 1232
95 4121
87 2912
205 4975
148 74
203 3474
306 701
284 448
393 4823
326 4209
32 3226
279 1920
175 2216
244 2380
314 3399
285 1657
127 8
253 3743
397 3432
89 4277
205 1560
237 4619
43 4501
413 2242
287 3918
262 4656
203 1043
255 4033
68 1370
178 799
378 4265
389 426
406 2645
121 1438
332 1465
413 101
129 2216
270 1715
393 3658
296 354
384 1022
396 4970
348 1071
33 4648
360 2258
397 3478
128 510
167 2931
141 2462
390 3786
140 1072
228 1916
112 2246
318 1058
138 2467
320 3166
335 213
97 4115
112 9
316 890
160 136
124 1254
10 4090
159 371
262 687
304 2121
156 4195
329 2813
12 726
393 3965
5 3381
124 2503
134 364
183 1330
407 4330
406 4595
6 4555
4 3121
430 3692
277 2702
283 3747
242 2016
24 1652
301 953
305 4553
309 218
153 2807
127 2060
43 4574
108 3124
332 1999
119 2305
216 1875
297 883
246 4886
91 2386
293 786
107 3618
327 4974
70 1287
141 4800
167 1920
251 3320
306 3948
308 2428
202 2067
181 334
144 1336
387 1352
205 1816
30 2787
375 3942
297 2566
250 1888
95 2430
332 3139
118 290
128 2245
309 4139
285 3052
9 1005
89 3831
256 4361
372 3761
265 3482
316 4251
101 1946
379 3228
302 2512
298 4124
29 788
112 320
234 2084
174 1493
282 4053
348 2243
417 2740
146 857
347 25
26 3395
298 2133
357 23
359 2751
215 1912
353 1678
266 3097
345 469
399 1207
282 863
398 4826
163 3382
382 4607
431 39
264 426
106 4710
57 1486
177 3880
154 106
413 210
32 4148
239 4119
355 4301
76 758
145 2044
95 1678
337 2099
147 1892
351 1790
249 4884
291 2086
114 2789
330 2977
273 848
300 1588
187 2011
357 4665
380 966
134 627
85 3617
115 1156
45 2191
36 165
254 2233
338 4099
301 3477
383 484
324 2690
94 2559
29 257
158 827
385 1748
211 1649
269 3796
352 2924
167 1937
105 1457
250 2114
54 842
155 1740
51 3258
86 4325
302 4973
253 4894
262 232
243 958
142 1243
112 2620
305 4831
13 168
178 2377
85 2254
82 3245
357 3274
93 1992
363 2725
269 4985
128 4721
132 4289
408 4519
131 1144
354 1404
44 1726
107 4342
219 2020
35 66
247 732
17 2476
100 299
81 3464
32 63
401 845
5 2278
303 4624
159 397
73 2159
190 571
345 235
305 4092
361 2322
334 899
299 4307
275 1783
84 4133
321 898
165 2852
288 2900
90 1174
347 3677
71 959
118 3960
221 1020
361 1379
430 3054
91 1314
11 2331
22 1287
163 3793
213 3230
149 4608
352 588
367 398
236 736
303 3478
226 3437
331 351
177 1182
342 2657
145 2512
168 222
381 3114
152 84
27 1524
177 242
97 3497
318 1977
384 644
167 528
102 708
250 2924
390 2503
243 1918
370 272
128 1728
299 3134
45 1813
22 4487
241 833
113 4717
133 836
160 1751
282 1944
223 3592
4 4156
88 4136
167 2838
264 2368
406 1337
71 2470
371 1984
217 1199
358 3303
257 4588
78 4406
199 3733
74 1388
108 899
134 1904
384 2675
40 1016
86 564
212 777
284 1508
246 2401
286 2340
412 216
68 27
98 4852
270 365
116 913
39 4712
330 4839
177 1481
59 169
26 3922
396 2069
65 4687
84 2204
97 3841
210 4761
329 1779
75 522
378 1079
367 1059
163 1350
295 1821
419 4516
191 4437
202 3936
388 1014
162 3855
393 1481
372 441
398 1166
81 117
273 62
24 4489
59 1183
373 4374
82 2245
98 1726
415 4855
85 3938
28 2984
56 1242
391 1081
294 2188
433 3078
298 2419
33 693
59 3979
51 1123
143 71
295 4600
368 3583
356 4843
136 1234
167 994
80 4641
7 4415
406 2058
38 816
214 3597
417 612
133 2709
133 1456
410 4404
184 165
224 1756
361 4034
139 481
266 75
343 3544
217 4538
153 2022
128 1668
213 1581
191 1028
165 2923
321 1802
362 7
8 3099
297 4939
156 4248
227 75
288 3691
325 411
157 1312
297 3469
412 1130
261 2742
353 1543
119 1217
133 3064
175 2929
153 2302
242 1071
316 203
259 1515
28 2826
315 2463
288 310
162 1790
21 4364
48 2319
28 491
242 3990
131 3387
55 368
143 4270
157 4572
337 671
222 1745
159 2174
265 3010
414 531
323 2392
259 3683
86 3822
278 2709
371 220
292 27
389 2898
313 1648
340 1429
108 4056
269 3317
80 2430
276 2530
216 2334
80 660
243 3200
432 2603
98 2067
311 2747
21 3603
242 1856
376 2848
336 4826
431 3277
307 147
172 2662
423 343
328 1610
415 3486
407 2661
401 3613
308 1350
147 444
193 1457
350 596
430 818
54 3946
232 370
400 3589
5 1585
175 4206
393 2065
326 1388
107 4290
100 999
1 1429
68 4588
396 4892
280 896
111 2033
93 349
234 1035
408 1178
119 3880
131 1211
185 4087
291 1490
286 2762
91 4309
244 3145
60 1988
351 1947
211 1746
317 2167
365 420
12 4981
246 3595
253 4180
84 2964
20 2394
372 3993
129 4281
35 2520
342 2146
33 3076
381 4342
415 4558
60 3729
