338 338
148 1455
16 2541
105 708
157 1373
33 2269
83 303
68 2663
150 1883
26 1073
165 3712
122 294
103 2214
164 2795
93 3181
77 3663
58 905
43 2547
98 4982
118 1599
82 2972
5 2438
161 1251
74 2320
118 3096
79 4279
165 4180
49 3405
29 4277
48 2357
98 20
151 2673
154 1947
39 4336
47 3215
136 357
4 2072
92 3033
35 4404
104 616
79 3595
25 1784
65 326
113 4396
6 2631
166 2113
36 4654
83 3138
124 1670
157 3106
93 639
32 3830
129 3441
39 2483
49 2345
158 3278
124 893
78 4251
69 4524
19 4452
103 1105
4 1787
118 1685
1 4481
59 3231
24 4981
168 779
74 4419
163 1664
99 4882
6 4641
94 2210
19 2127
116 866
46 118
144 2162
158 3223
115 4812
152 4797
17 2941
56 4198
163 303
39 4034
113 623
82 3400
70 547
80 361
86 1286
105 3647
125 1352
132 3835
156 1601
102 1158
35 3609
23 2833
107 4474
167 4405
117 3203
57 904
39 3416
112 1273
151 3362
149 4311
52 724
77 4321
131 3738
63 260
69 4437
112 903
75 857
78 2604
111 1577
2 3201
73 2807
119 2097
92 4855
163 4665
131 584
79 3642
162 4094
83 2295
53 2197
46 521
35 2404
28 3971
20 550
109 66
96 3972
120 1613
148 1207
90 1844
74 4593
144 3361
5 1521
21 4530
64 4013
6 3180
129 3102
32 2776
154 4025
73 3808
51 2060
60 1015
131 98
118 4959
158 4638
138 4808
128 4237
19 2324
162 3182
96 418
120 3876
77 2933
162 3169
66 4212
19 754
100 1051
36 1379
37 1002
2 4501
66 3174
95 2867
130 1196
73 3338
156 421
78 943
59 4345
56 1330
55 2097
101 2644
153 1522
16 2974
29 405
17 3600
73 2215
58 4746
156 502
138 1492
95 265
39 1212
26 3823
15 937
45 1532
40 2667
33 4506
140 2145
51 297
91 1577
42 771
79 2410
52 3860
134 4182
19 3621
141 1117
99 59
39 2247
71 891
75 2450
36 2759
71 76
60 861
166 1504
78 3375
154 2693
118 733
72 2373
163 4555
144 4994
39 1257
123 1409
135 2479
145 3953
40 3344
141 2765
135 3757
1 1982
53 1914
22 4212
32 2470
43 4463
121 3170
88 1047
132 2254
137 2226
48 3291
106 4174
148 3257
83 202
54 3556
167 2899
47 2275
87 3764
89 1363
19 1026
57 3366
137 370
102 37
56 4971
54 675
91 181
36 2806
167 4290
23 4460
98 2862
112 393
164 2139
147 1630
108 300
82 376
66 4136
36 4133
83 1846
67 4964
140 172
77 2745
99 3517
19 556
83 728
112 4344
63 4284
76 3211
28 1017
161 3627
96 1439
123 915
142 524
112 1587
73 2117
11 1966
163 3550
13 4954
156 483
94 3401
137 576
160 4405
11 3552
94 4220
150 2505
76 1857
90 603
23 2528
26 4228
165 2695
106 2429
148 668
27 3772
157 4483
23 4957
45 4023
143 3178
65 454
61 2225
146 560
76 174
135 2316
168 2127
115 2164
141 1112
48 3332
54 842
16 503
58 574
94 1667
49 3991
103 38
20 2789
109 660
142 3635
7 4202
92 210
144 3079
20 3290
145 4544
104 2279
159 250
151 3956
91 2677
101 1720
162 1019
152 2957
34 3217
133 1406
103 3609
53 523
133 4426
104 1970
11 3390
84 4556
132 2248
38 2626
20 953
14 2934
76 3509
25 3261
131 59
47 2985
25 4938
138 341
6 4514
