583 583
134 1700
235 3052
7 1644
236 4249
233 1247
101 1757
11 1033
170 1303
81 3581
12 152
245 232
75 3156
170 4375
185 1900
94 4282
170 1549
119 2966
184 4863
157 3664
153 4962
81 855
11 4565
154 3373
290 2232
219 2983
141 2721
110 1033
255 1628
8 1612
28 1
256 4890
73 790
176 4705
106 3716
80 4955
17 3360
220 355
44 1710
67 3782
50 1654
27 2124
220 1444
229 756
4 4937
177 3151
239 88
240 453
29 1857
152 270
260 1633
23 2539
68 518
102 2679
159 2696
283 2814
122 3557
39 800
200 4795
77 3536
218 2431
73 4228
54 4107
283 1705
268 3771
235 3565
25 3316
126 3994
94 3490
16 501
50 4681
273 4320
80 2391
28 59
150 2707
247 4928
166 4780
17 444
8 2875
182 217
261 2689
8 3656
144 3011
117 1097
173 790
111 3346
126 2015
120 887
6 4683
182 3726
225 94
15 4482
255 1101
271 3359
39 3290
91 77
146 4420
88 4667
282 1180
95 386
100 2100
166 2592
289 4595
12 1194
162 3380
239 4239
231 3187
260 4381
201 1631
206 1715
50 944
134 3058
129 1913
2 1702
31 1035
108 4744
61 833
64 2769
189 1597
220 3368
84 2732
203 2231
262 1722
137 18
79 2571
287 682
191 3121
150 1088
158 4404
114 4426
178 874
164 3174
102 1348
4 3359
28 3620
240 3027
111 4496
34 282
209 4022
255 55
194 1831
111 4446
250 1107
288 4988
45 2036
48 3524
29 3324
87 1505
172 4013
180 4323
218 2709
276 3364
251 425
156 2346
247 428
133 3752
244 798
205 1103
271 1929
78 4618
154 1052
57 3070
35 2245
186 4049
24 1555
267 1870
101 3316
113 510
162 918
166 3907
264 1764
177 3605
119 4716
195 2352
70 3015
112 532
159 2672
208 4826
16 283
242 4562
232 3189
146 3233
72 4629
38 796
49 3363
252 4486
102 737
10 401
270 3594
192 2983
193 4565
224 101
253 3399
43 3201
173 1119
103 423
12 4873
164 119
61 2708
221 4428
270 4731
240 2849
28 816
253 953
199 253
246 4868
178 4958
214 3411
80 4331
66 1181
49 4390
209 1075
179 224
87 1327
93 1358
116 1718
138 3524
12 2736
89 2109
13 2784
95 3858
202 642
240 4937
78 478
286 665
180 2335
221 1128
71 4595
152 4741
135 678
189 1684
25 838
90 3682
78 880
69 71
26 2893
170 4900
199 1760
80 1773
213 2821
44 4563
172 4080
269 2680
57 1181
102 4321
13 2270
271 4731
85 4788
177 1381
58 3639
190 4758
21 1218
174 3908
63 2246
42 1241
241 4231
64 4769
220 2519
92 304
250 1156
192 1332
175 237
38 518
267 1182
20 2001
204 2493
146 1542
129 612
38 2171
99 4682
285 471
125 4319
269 42
114 4616
163 2878
237 3959
288 4842
237 1036
95 2061
23 3935
224 4256
17 1406
163 1669
43 1263
109 3454
201 2649
123 4906
48 4164
10 1926
84 4689
244 1423
103 2750
56 4277
198 2455
71 4701
181 1259
192 4842
266 3071
233 4368
287 2312
105 1163
39 1108
94 4824
133 4658
224 35
105 2047
234 923
214 2263
260 3134
182 83
52 1924
248 4880
68 4658
191 969
74 2969
246 830
92 2730
15 1191
148 1311
75 662
145 690
162 119
102 4483
168 3659
112 838
238 4702
147 3909
177 95
88 2560
196 4394
13 3956
108 2348
18 4939
29 1176
200 4085
221 4859
19 2267
73 2651
113 4542
134 3026
173 2708
19 52
235 2836
73 4121
2 855
230 2240
284 2092
50 1299
171 4338
2 3412
77 2389
274 4080
77 2576
168 4314
46 2002
52 3603
243 3853
263 1494
4 292
140 2821
13 500
134 711
219 4042
20 3978
56 2078
28 4296
116 1420
67 3919
250 726
12 1876
211 3081
240 26
47 56
1 682
248 3034
16 1358
236 212
82 3276
105 2458
278 2911
185 1998
14 3890
239 46
138 1028
137 248
70 334
239 3184
171 2830
274 1789
244 2477
168 3252
128 1569
90 659
223 2722
117 2725
175 4900
231 929
147 4612
17 2792
35 4553
45 4871
256 3498
46 1475
201 2185
121 1337
272 2093
279 775
266 1757
101 655
127 1011
282 3926
112 4369
242 3829
191 3060
246 843
266 4337
87 3855
164 3047
116 1570
177 3362
183 1159
11 3945
26 3975
209 4536
168 1674
158 725
267 3677
177 275
37 3665
88 3621
47 1807
257 2427
138 1978
51 4502
68 3615
8 1595
143 2401
128 2200
256 1273
202 3229
195 1896
38 1746
191 652
286 2142
78 4978
2 3906
55 4963
226 3285
219 3488
7 1991
6 4831
182 4593
142 2624
107 386
58 3207
201 3523
5 916
215 4734
37 2269
57 1654
275 3640
150 4581
53 2898
183 1167
268 738
160 2080
30 890
198 1547
99 3964
25 945
266 2677
91 4821
169 2911
227 3248
265 1437
245 2718
205 1624
221 2302
40 3054
76 280
286 1316
22 1936
116 3498
92 3912
141 1801
25 2579
5 3838
176 2126
17 623
173 2320
124 2449
72 2231
247 1233
283 3093
219 635
62 3755
18 4032
100 1352
9 2590
134 2668
274 3108
127 875
26 3282
204 2227
248 4916
200 4171
262 3177
273 4311
153 3642
219 2654
62 1039
253 4447
72 523
236 2524
177 560
82 4739
115 2690
37 2109
281 3893
248 4759
38 1438
191 2857
34 679
119 1464
274 2719
291 3152
22 4363
170 2742
102 4156
221 2672
274 4635
104 1094
278 4388
81 2271
45 2256
279 1872
119 456
122 2399
112 222
54 3645
123 661
133 4105
175 145
132 632
142 2264
166 4771
214 869
107 1844
250 1458
9 4969
223 2489
32 4624
36 2135
219 161
241 1335
145 1471
263 54
250 1096
107 2667
51 74
58 645
47 2869
33 210
115 702
236 1127
90 584
262 251
73 1667
188 3775
112 994
14 1870
26 1542
283 3160
80 4970
36 1413
90 1918
257 1136
45 184
142 3874
128 1506
122 1193
120 1996
110 945
214 298
