122 122
26 3648
10 3869
51 252
7 2590
28 489
36 4179
56 4969
59 4179
44 958
53 4486
54 2166
30 981
43 1300
5 644
21 1584
57 2764
35 1787
54 676
42 1073
32 391
48 1035
4 3582
25 619
46 3489
39 3026
49 1947
47 3913
12 3633
51 1329
52 1848
29 2754
44 855
23 4650
51 3299
16 3786
15 48
41 2208
29 1490
37 2108
39 2589
6 735
42 4303
35 4980
38 933
29 1715
54 4632
31 3253
18 1593
55 3084
11 603
30 1006
27 3264
11 910
24 272
9 3968
13 1648
22 490
25 4880
14 124
47 2296
22 1045
2 4264
20 3764
26 4006
8 3618
60 1082
25 4758
24 3938
19 3343
57 4157
10 2364
36 1231
28 3708
29 2349
6 2559
44 1979
3 990
32 1785
19 3993
3 2013
2 1793
49 3989
11 2390
57 3632
55 3816
47 944
39 1557
55 3747
40 4607
55 4235
52 4872
51 1775
41 4181
48 3217
32 449
33 4809
1 46
27 3722
51 4580
45 1018
16 4518
27 699
48 2971
40 2722
42 131
23 1478
59 4086
5 3148
5 1453
27 1601
6 4138
43 493
9 2172
16 4834
17 2916
16 1843
49 4676
44 3259
35 2156
38 728
32 1011
9 192
