618 618
273 4449
264 2854
299 1470
156 3362
149 3285
265 4545
230 112
135 1033
87 3276
148 4977
140 1138
17 1839
251 1896
64 3436
160 966
61 4072
279 1254
152 3184
71 4716
111 3204
66 2140
79 3726
55 3664
245 1277
220 334
46 573
222 4453
11 1463
147 2072
66 1579
181 2180
292 2859
15 2782
130 636
106 4259
130 2721
74 3421
241 13
63 3277
214 2455
92 3235
22 395
206 1371
222 242
129 119
228 3174
21 2148
226 3738
93 2483
291 3614
127 180
199 4312
245 2177
300 1659
187 2213
4 29
68 3061
177 4736
108 1244
81 3868
29 3923
43 3981
145 3516
215 143
85 2063
45 985
109 2493
5 1303
161 3730
298 3674
203 2159
195 1091
179 2699
65 3446
123 4318
210 1334
150 1954
88 708
25 4101
299 300
258 699
84 983
195 1574
254 2108
110 2369
228 1539
308 614
246 3047
34 4038
272 4393
119 4574
77 4055
139 2999
162 4405
174 512
20 1326
230 1544
72 1645
29 4751
88 4077
160 3790
35 1329
154 2429
236 1971
99 3335
288 2927
14 3193
70 2169
224 924
301 775
125 2269
160 277
134 2747
225 1097
15 1680
97 1749
81 4436
39 450
104 219
13 3775
128 4334
235 1751
208 4210
63 4209
74 3417
90 4096
42 3027
130 3737
207 1437
65 2508
46 3027
191 606
205 560
172 4798
144 857
149 2793
199 2089
298 421
57 1371
92 4267
226 4415
197 3356
232 3179
106 3065
150 3174
29 1765
31 3647
94 4665
288 1616
304 4469
235 3447
127 4759
271 3271
246 2886
268 4739
160 3631
78 2798
92 1767
279 1483
215 555
57 1240
273 4894
165 4691
160 138
298 1386
218 1332
92 3541
242 1816
14 3510
250 760
228 2595
25 4935
269 2360
213 2125
30 3434
71 2604
1 1549
299 4526
72 2058
202 63
227 683
241 830
20 4734
27 339
103 3915
245 4862
176 2126
98 1872
12 1095
246 3835
77 2584
93 2928
230 4380
263 256
216 2896
279 4971
238 1900
202 4686
103 381
70 2816
299 3802
189 3628
198 3216
298 4636
150 3354
247 4892
24 3096
91 4032
213 506
186 4199
241 971
10 748
102 504
101 4544
17 27
155 4721
270 4754
146 3881
148 3577
118 2308
191 2420
60 3227
88 2606
136 4070
146 3558
144 908
101 3455
233 820
45 4997
76 1405
150 4992
66 4152
143 933
229 2914
115 1522
256 4455
54 4173
160 1578
128 3215
138 3014
139 4664
57 3358
103 3424
242 2878
144 659
16 1325
203 1003
37 2828
26 2724
34 169
111 4189
6 1454
111 4667
31 2900
39 4649
18 1425
281 1372
285 999
287 4852
100 1831
85 1866
177 2173
278 1305
30 4538
213 3192
93 3622
130 4952
204 67
287 3203
306 3321
246 4243
118 3235
27 1201
293 1118
266 3547
26 4574
53 698
14 4020
300 840
280 975
185 356
76 1024
154 1141
257 2141
46 3152
21 3468
112 1799
291 1097
123 3002
145 1227
64 4931
264 3221
55 2468
147 63
275 1577
182 3788
272 2147
84 186
210 1997
146 4123
70 1363
102 483
146 4013
245 4261
208 1995
239 2198
120 1138
193 1910
163 3111
46 2392
74 821
166 4307
96 1809
291 3614
103 4146
155 4678
16 3859
224 3286
108 1697
304 4766
202 3106
165 1582
189 2913
264 1238
163 4097
140 3922
101 2202
267 2331
262 780
208 1551
34 538
22 99
132 1618
3 401
53 939
111 2062
248 3070
266 3094
102 3918
228 1189
121 955
183 2256
160 297
128 3776
46 932
79 4620
231 1227
282 3387
48 327
76 3411
59 3707
47 1543
96 2525
99 4230
298 1821
177 3952
114 1176
269 2239
280 2875
52 814
95 4975
76 2745
208 3206
55 1280
81 1385
283 1923
138 3976
199 3412
12 36
155 3204
245 558
60 1983
85 3207
251 4172
240 4065
226 2563
275 227
294 1499
7 1622
41 4782
60 3969
226 3479
47 4467
206 1276
145 354
59 325
303 4058
55 745
305 4035
229 1887
246 400
121 1776
307 1809
129 1366
128 2489
151 2328
112 4735
245 3939
254 4877
162 3228
293 620
29 2874
266 4820
87 1502
34 757
130 1820
275 1502
239 4920
230 3249
262 3094
239 811
284 995
231 521
156 4844
284 4180
186 3097
151 3143
92 853
207 4266
142 3030
9 4451
19 2753
283 3977
102 4439
166 4774
40 461
224 2012
175 229
116 4459
132 3940
307 4340
125 44
263 4709
25 4318
129 462
250 2476
50 2371
112 1432
279 758
40 3535
107 3606
112 4446
293 2168
308 4809
296 1054
248 528
304 3467
180 591
31 224
20 2097
38 4913
233 3693
16 2292
156 3266
243 4427
302 998
155 2978
193 771
263 2921
214 2242
279 1315
196 3118
87 3845
105 4886
216 3953
157 4975
187 3740
79 3578
46 4190
204 4743
269 221
72 2604
303 4303
67 63
66 2990
274 3951
170 3969
56 3918
121 618
238 387
130 4217
39 98
90 1133
254 2374
105 1472
125 3525
85 542
275 3
96 1669
203 2871
149 9
146 2252
210 4547
174 426
76 4962
20 4373
160 4645
163 4215
124 1969
282 2714
261 1434
300 3762
127 4044
205 3611
174 652
71 1401
182 1729
89 4396
143 3842
274 3299
302 2342
223 49
99 3491
196 3870
132 2703
137 3561
243 2109
74 3206
107 4685
205 4983
85 1445
130 2866
159 285
259 757
74 4613
280 451
181 3641
171 4126
222 2493
70 3464
261 1402
258 3254
269 3385
257 3330
107 361
49 3793
197 3846
44 4069
183 1584
36 3921
143 2445
250 2604
166 4315
193 2924
7 1898
270 1786
177 2337
229 1186
191 4712
27 4665
5 4400
131 1218
139 234
10 315
241 2173
106 1184
71 4554
268 3146
70 2909
70 3741
264 2120
190 2557
92 1147
20 1630
271 622
198 507
46 3502
158 1749
308 3308
82 2312
297 2457
44 4895
71 3163
192 2807
16 1195
39 1080
9 1455
29 755
264 2327
275 670
120 3317
240 242
184 1787
105 645
209 760
206 506
98 4012
279 600
223 3941
145 2157
210 2655
23 447
299 2503
46 1650
111 1811
97 2381
90 1164
228 129
37 2400
59 1941
90 1011
15 2969
293 4914
264 4541
164 820
182 1967
101 3222
296 1750
302 152
87 2971
141 2769
243 3304
85 808
258 2897
247 147
135 3563
140 926
84 85
