989 989
291 2005
57 2788
281 4315
26 170
335 2283
154 3390
164 1346
101 3735
118 892
175 1611
116 2162
343 327
166 4222
447 4687
225 3776
342 3062
359 3636
427 1976
344 2130
46 2685
190 552
46 3582
250 1815
389 161
268 4324
275 3825
346 2552
383 4260
55 951
85 919
409 433
272 4850
182 3508
225 3365
293 2416
3 4700
265 3757
273 1238
328 4093
323 4189
321 48
157 1292
99 188
394 3080
254 2466
20 1575
394 4332
214 1284
181 367
213 4924
8 4979
342 3403
373 2451
379 4702
113 1755
100 1913
156 1440
184 2420
432 1706
291 3859
163 1765
81 818
319 2349
145 3064
11 1387
45 4573
14 4155
254 4205
20 609
413 1272
455 3584
43 2909
336 309
241 4090
320 4794
323 774
279 3250
65 1925
280 57
38 3528
182 1805
398 832
200 2832
113 2691
362 467
128 1597
84 1946
69 2112
104 3208
285 4033
167 749
489 4542
247 254
183 3715
92 2101
413 557
357 4765
327 4781
459 516
152 2565
166 1503
90 3098
490 2726
242 919
111 1264
110 1692
129 2356
144 4872
428 2290
269 1818
55 4319
20 2685
155 3724
136 679
339 2334
168 4994
370 4259
278 2685
440 3087
343 3450
74 3239
70 2995
190 4143
393 3311
37 3129
451 2937
252 4479
179 95
382 3741
461 2219
402 2562
342 3881
64 3167
67 4294
170 1604
464 1797
44 2719
8 3741
250 1531
494 3818
111 3129
206 2730
300 1789
239 4850
24 3621
442 1412
168 339
295 2436
104 3756
312 1722
186 1873
379 3007
404 2955
416 942
239 1712
47 4604
467 3243
376 2867
159 4146
486 831
114 3301
45 1565
57 3911
108 302
116 3604
408 4276
212 2659
15 1470
148 2431
65 1126
111 1557
415 1760
480 73
384 4736
277 2827
488 4447
286 3338
98 3668
92 3548
40 2795
301 2688
268 4708
400 317
135 1330
142 4032
37 2991
339 1632
262 3126
199 758
391 4131
43 1362
132 168
85 1705
194 4402
418 2426
473 4127
212 2398
286 3402
283 4537
206 2113
181 4981
77 4298
351 2537
309 4636
428 1787
321 2009
64 948
59 4071
186 972
133 1429
250 4638
116 2625
283 1404
437 634
333 1049
231 3359
470 4855
150 992
197 576
76 642
319 4037
385 4707
101 4504
254 2512
437 1152
420 3220
484 3132
82 3133
130 2036
273 3333
66 3245
239 165
49 450
404 4656
30 1701
117 4135
406 4022
461 2296
268 2589
199 926
61 4157
340 1450
470 853
343 238
234 1714
486 3549
139 10
8 2630
272 3894
208 1857
105 3953
338 2040
494 4624
99 4783
98 2189
435 4675
210 4900
222 1512
81 538
61 868
282 265
5 3746
389 1209
478 2446
25 2034
107 1034
361 4381
103 3751
199 3308
462 628
393 3290
389 4985
337 2246
141 2872
41 2438
213 3100
154 3070
257 4856
275 73
227 2285
168 2776
110 2944
355 2484
127 4233
194 603
441 1343
484 3869
99 4549
482 2636
12 4971
324 3144
34 81
452 3054
233 177
306 1052
346 3625
351 967
431 2812
339 1286
306 3498
487 2194
197 4952
204 2539
288 36
41 3190
428 2949
326 4848
104 1178
26 1577
421 394
321 3689
88 914
414 2871
148 4469
23 4510
103 3299
135 4051
331 3937
86 2833
166 2265
298 3218
56 850
420 3681
443 1989
379 911
211 4505
476 2788
164 2812
35 4898
344 712
23 100
267 2812
240 959
26 2876
425 2668
349 1256
422 3270
1 467
473 671
292 2805
94 3961
295 1419
311 2740
72 4726
473 3668
492 4831
28 4738
9 4989
82 1445
350 3060
427 2892
273 3528
255 4797
304 309
213 4549
414 468
57 3822
390 3817
294 2187
131 2683
430 4456
234 3836
478 4621
68 3595
75 4108
54 4946
40 1324
65 2748
383 3639
12 1029
426 373
285 3959
480 755
241 4436
347 2974
345 3491
4 1574
453 863
93 3007
448 2013
61 1740
300 2112
344 2783
403 679
422 2933
415 3799
6 549
122 629
213 4781
53 4878
421 1762
293 613
218 684
339 2021
439 3631
268 2680
39 2016
316 4394
72 2578
409 3509
464 1677
177 3616
222 2554
113 4615
66 4
461 3921
249 2200
482 2547
474 4704
489 1024
296 3616
340 1355
257 3979
374 2383
123 632
113 4805
420 93
412 2297
117 4185
399 2487
210 508
361 43
480 1611
35 2754
171 590
282 4543
360 980
74 206
177 4939
87 794
142 1640
382 3784
328 928
143 1443
100 3867
368 3869
19 4044
380 3584
458 2175
315 4072
9 669
392 789
8 1060
1 251
262 2116
283 2511
135 3550
256 30
378 854
478 1156
379 2860
178 761
441 3503
408 3787
128 3457
197 3351
278 289
286 4793
407 1485
317 1776
370 883
105 322
105 1020
302 1763
65 285
478 2247
282 1923
157 657
75 915
230 2816
15 852
91 4103
97 638
190 868
272 4885
455 1515
479 4155
460 1322
488 2312
250 741
249 2074
174 1518
22 1225
194 2256
314 1566
99 3785
450 30
206 4350
85 722
76 1712
59 2772
81 4496
19 2087
295 486
340 1895
35 2729
277 2825
443 85
246 4660
101 2940
298 3920
77 1205
357 4853
458 4636
276 2946
489 837
212 4931
96 3398
419 2235
174 3921
10 4756
28 152
420 4802
62 4556
462 1409
351 1368
153 4102
414 897
157 3954
270 1859
264 2922
428 1431
449 411
281 602
481 3136
435 695
98 1353
472 3810
156 4935
198 1252
197 3876
363 1526
433 3674
176 1324
409 1056
310 4075
435 1522
2 253
453 3995
90 2357
17 2458
20 1917
87 4913
126 98
267 3224
381 4659
465 3631
95 2437
387 2070
401 3254
138 2072
83 3659
400 1313
9 395
186 436
76 4491
9 3127
414 3774
302 2852
15 98
15 1346
268 3134
108 903
471 3206
184 4572
58 2133
308 1616
198 30
245 4812
164 3154
235 4329
104 2625
321 2210
32 4932
220 2316
271 3316
172 769
262 2626
91 3879
226 163
396 634
482 3325
29 2196
306 1825
311 3205
140 4651
131 4363
145 3790
122 562
281 3463
334 1938
386 3801
427 1599
131 3778
363 4529
146 3370
371 4133
280 720
161 4481
313 3982
37 1719
167 3082
285 4646
174 1578
414 4123
91 1408
149 3745
280 1700
22 1695
193 1482
172 516
161 4944
168 3838
393 755
194 2721
343 3481
386 2744
237 2305
423 3500
270 2901
234 4119
454 4074
473 2643
123 3496
142 2360
378 403
278 4790
161 3495
400 4430
320 1242
26 4881
345 4333
469 3867
461 1
309 4832
130 4369
5 270
113 130
118 1521
90 3902
174 1013
196 3288
18 2163
472 1496
214 2824
204 3447
357 1307
193 2418
238 3907
303 3826
39 2676
409 402
405 2989
423 2767
230 1049
278 582
18 3391
421 3285
3 4571
8 1805
24 977
217 1246
1 29
310 2341
170 4489
26 1111
296 753
209 1869
231 62
297 1864
75 4586
393 1723
455 3178
278 77
5 731
419 1748
40 662
201 3004
354 3965
187 2607
273 2786
281 4541
274 1415
473 1521
456 3054
110 2128
361 289
285 2257
123 976
323 2539
98 3241
71 244
84 2423
450 2904
481 4412
356 199
445 1918
178 3791
171 2705
158 4626
249 3583
207 4789
304 1327
111 2553
211 3421
258 350
279 1354
478 1952
374 627
270 4767
279 3940
174 3383
58 2998
172 3033
86 2951
117 1340
216 2313
398 3035
45 3010
387 4283
318 4787
340 2964
214 1195
423 3732
15 4295
353 532
163 3222
337 3921
78 3341
261 4680
126 1356
235 377
318 2550
191 3777
190 2119
112 2013
149 538
5 1073
344 937
171 367
213 2194
341 858
151 1626
291 3313
389 1814
343 4580
52 1232
262 4681
4 2147
472 865
290 4394
442 3151
309 4961
196 1430
397 2657
32 3415
11 909
194 3693
46 1330
321 2131
437 418
403 1511
227 993
401 1042
445 4512
412 3986
421 2130
216 695
252 643
3 158
418 1472
296 3056
473 2255
416 4620
402 4738
399 1575
359 103
386 1791
488 1742
375 2022
345 3635
298 3409
15 598
21 3660
216 4212
266 789
293 2957
439 3796
280 820
31 2892
114 3043
285 4468
469 1854
409 2610
169 4034
8 2359
317 4352
376 1252
289 4782
256 4951
319 1434
67 1580
476 1640
90 2898
411 965
341 4367
262 217
455 4014
432 2917
32 760
43 3478
437 909
67 2875
315 1921
101 3337
354 3390
432 2889
232 4540
104 2974
326 2754
453 2631
116 3827
144 3021
181 1309
147 2533
350 2138
331 3348
389 837
55 2345
232 1869
286 4295
408 2627
463 1741
78 3303
31 3053
352 2393
26 2544
238 2607
222 1228
415 71
194 1000
264 1496
39 4109
305 4225
42 4599
453 3483
132 3150
271 3293
96 539
137 1808
324 3776
433 965
488 1335
295 1221
336 3554
143 3871
363 2953
214 3496
390 3378
56 3834
251 58
36 2153
279 2996
98 1793
211 1298
185 2488
305 3394
458 3937
336 3453
112 935
114 809
37 3049
23 1128
419 321
170 4038
202 144
330 4584
207 932
190 4080
11 1562
73 742
474 219
248 4086
263 4942
63 2679
249 2153
269 71
95 3516
33 3720
18 4166
227 195
395 3585
438 3144
350 4684
412 715
346 1702
175 4321
421 590
478 19
8 4303
121 1029
151 2985
309 677
67 1618
37 3579
99 1969
94 4069
219 3207
243 593
321 1710
428 986
303 3098
340 3349
201 585
268 1819
144 4948
64 1635
107 64
181 968
42 4078
85 3612
63 232
18 1735
252 1918
426 4716
431 3315
309 3413
474 1714
271 4955
96 822
365 16
343 509
215 567
76 4121
70 3172
177 2311
153 1166
334 4644
400 1268
143 2919
390 3715
128 1596
175 1980
161 1904
459 3885
236 1620
18 3126
424 1510
374 2770
193 2638
408 4630
344 2584
479 4800
134 716
201 4105
295 3020
365 4050
312 1368
199 2564
428 3383
269 1570
484 2357
205 247
151 3742
431 2675
43 4669
51 4043
266 4248
261 4831
379 4314
410 476
317 538
458 4106
402 4427
364 1775
431 641
491 2128
116 3006
150 3722
129 1735
470 4865
99 675
265 754
438 993
92 1713
110 1778
463 2239
222 737
424 2745
