342 342
123 4538
140 4316
163 3467
93 4757
34 1339
39 1021
110 4665
15 1577
143 2083
164 601
169 2875
90 2739
102 1455
109 2142
132 3730
50 2991
86 4893
154 1367
85 2512
169 2094
161 703
115 3912
26 4433
26 2805
68 3617
114 1476
147 4903
101 4287
155 3608
89 2343
149 2455
58 3456
79 3096
19 67
128 1192
62 3631
76 3595
119 3318
117 1458
113 2884
77 3730
18 3357
117 3990
136 4733
39 3990
110 3563
19 1382
46 819
142 2994
146 280
52 872
116 763
105 476
156 3773
151 2153
69 1083
129 3338
89 3395
134 1846
26 1570
116 1412
14 2768
80 4963
91 2833
76 1746
98 4268
94 1447
139 4008
63 1175
86 134
91 2503
81 4646
152 4693
129 3357
110 1235
128 3271
14 2809
55 2349
65 4407
81 2412
48 2912
108 3416
167 2728
96 3884
20 2971
117 1369
109 4075
132 1741
90 4585
55 4893
35 3480
81 2848
81 928
158 3746
39 1301
2 3167
132 3505
133 2109
33 2204
41 2605
67 1402
27 1536
2 3555
162 2840
28 4375
86 856
112 3787
13 4893
141 3282
164 2370
169 1718
150 1047
7 2410
148 4442
135 3051
132 362
143 1996
82 4989
155 698
40 1571
143 564
144 2997
108 4368
22 4681
146 1648
84 844
132 2859
92 4266
101 3567
76 2428
162 4101
105 2640
2 1408
152 3752
55 3216
3 3390
78 3130
18 988
22 1039
103 1085
107 109
103 636
129 2927
34 3887
165 1519
118 327
62 1549
27 697
6 2334
47 3798
117 1112
83 2865
152 2733
120 169
67 3923
104 3686
109 1460
36 129
38 3564
125 1562
101 1202
127 3822
65 2258
73 3474
31 3740
38 4876
133 4904
101 379
108 805
168 1220
103 3554
70 3541
44 2317
107 2677
115 308
105 4780
51 1832
157 2679
149 998
95 2732
150 3681
28 3874
70 4371
13 4025
33 3154
168 567
35 1667
7 4663
95 2647
7 3721
50 3479
124 1781
49 3732
113 1533
5 4495
84 179
166 598
154 2487
94 1700
166 1516
155 2448
59 2078
23 1072
123 539
64 3517
165 4945
120 1694
153 3716
151 197
133 225
104 3510
118 3547
2 4178
66 182
29 4168
27 1422
65 352
9 129
4 3593
140 2747
7 151
169 758
123 2465
69 3606
81 327
116 4318
122 3947
15 3851
54 2778
77 185
116 4584
56 908
112 3884
81 2008
94 3772
60 4812
40 3084
51 2842
108 1154
41 3000
73 1255
60 2511
83 3091
58 745
104 2243
149 170
44 3950
150 2767
74 2469
48 115
100 2092
87 1254
135 2329
44 2185
64 2565
145 3047
72 1527
68 1306
165 2743
53 4491
46 4574
157 2187
30 281
76 1884
64 3229
105 2650
43 1640
7 1879
164 3917
42 3582
90 4975
139 2203
47 414
70 1448
79 4052
119 429
55 1853
35 2107
54 2705
124 4509
6 4385
16 4496
151 1558
13 348
80 4258
63 3592
109 175
128 2203
121 165
103 1016
22 1130
46 1727
162 2927
137 2964
80 2737
160 1420
60 2788
139 1158
83 43
10 4428
45 3067
127 1019
7 1785
68 2069
103 3274
82 4501
141 4582
127 2506
31 2739
146 4416
23 977
111 1833
73 4144
138 1047
31 1461
99 2574
78 2786
85 3945
21 4556
25 4712
11 2396
132 3507
113 677
129 2492
82 4772
84 3982
14 2546
114 3194
94 3340
49 323
143 737
159 1627
23 1814
76 1670
55 2509
16 541
27 1627
6 4108
132 2836
4 4879
94 2153
78 289
