863 863
149 4336
115 1704
91 2280
387 1583
108 2103
10 1933
374 3620
38 3963
421 4489
357 725
163 569
306 1206
15 2171
167 2759
225 1525
270 619
210 4596
394 195
74 4157
310 2473
252 2355
131 3522
394 3992
250 1587
311 520
330 1893
243 802
320 1571
60 2019
72 3695
311 3373
74 4583
89 911
287 865
413 98
320 3483
142 3715
12 1441
349 1620
311 1510
49 4887
370 244
362 783
281 3170
132 4838
223 1669
7 3626
367 4075
40 3037
318 1869
167 293
320 4108
77 342
22 3312
6 2994
15 2217
30 1794
362 3591
202 1779
364 1395
52 1029
305 3119
67 400
178 4973
344 3888
382 2336
264 856
315 2223
114 869
289 1753
370 662
268 3789
276 4752
185 127
21 1392
431 1956
359 3359
29 4994
94 1248
58 4739
352 2570
80 1609
134 3882
391 1551
262 4611
316 558
250 855
419 4824
424 4684
389 1863
65 4122
165 2958
67 4759
406 2004
34 167
199 2090
173 3080
134 2779
88 1504
95 604
216 4481
253 3041
232 4541
146 2797
272 3962
307 3493
340 144
139 29
388 1301
97 1113
307 46
294 1997
329 1396
349 857
257 3482
77 3684
143 779
157 4452
182 2473
344 2969
331 2771
35 1969
11 1257
360 3687
266 315
44 2151
323 1460
75 3802
226 4263
339 2706
261 2945
201 4595
337 787
399 4968
237 1022
80 2181
18 3643
13 2682
261 4046
41 299
298 4550
264 2281
210 713
114 1883
176 3827
398 783
389 28
153 1819
56 2646
417 4382
187 672
366 3759
209 905
102 2269
294 4493
248 3393
14 1437
296 2324
287 603
396 4867
79 1406
231 2271
409 4565
135 3022
58 4940
336 4345
352 1840
325 2835
269 1834
244 1620
247 4306
71 2470
280 1356
351 990
171 2536
72 4385
284 2808
319 2559
303 3269
412 3819
171 4852
25 3196
327 2965
269 4563
191 2135
150 977
379 1960
185 4014
344 2791
416 2126
90 4802
27 3933
193 3933
419 2107
120 2613
265 2980
260 645
46 565
422 1375
243 1632
361 2447
197 2569
60 2373
247 2378
107 1906
188 1734
160 4248
105 4157
255 2821
332 3864
120 2740
90 3244
243 3645
222 4845
210 1671
327 2406
7 3224
77 3592
149 227
5 3414
308 3840
47 1776
89 1704
360 3477
169 1692
2 4105
36 844
116 4635
21 600
411 4102
333 1593
401 3359
104 90
145 3583
348 1463
264 169
114 3966
155 1103
70 3436
83 2451
100 4723
83 3832
282 2788
132 484
247 266
85 2758
178 1607
268 2628
147 4367
115 414
340 4560
373 3185
181 3840
382 3472
234 2103
332 853
333 4020
225 2621
249 2464
280 1185
315 989
131 3990
82 4210
249 3124
379 4583
313 767
293 3579
387 1841
244 4237
193 3308
22 3112
363 1516
262 2338
97 1284
279 3372
141 3264
372 2297
171 2690
389 2945
396 3761
31 1777
199 1055
3 3733
416 2711
286 1017
93 1904
160 4867
147 4471
240 2085
105 4009
318 4534
168 2373
61 648
427 1506
88 1882
165 2295
14 149
205 507
29 2853
30 2860
241 1226
305 4120
279 3505
26 888
90 2679
22 4179
89 4143
193 1473
213 2429
280 475
338 1214
398 334
216 3987
405 4773
312 2152
12 2893
255 2685
225 4651
62 1309
256 1185
199 3618
245 1711
158 2212
7 1612
36 1614
48 4489
290 1413
310 4761
334 3794
41 3419
63 482
402 4339
237 4827
109 1995
22 1232
309 4706
316 2671
272 3683
351 2960
203 4813
375 4459
16 2195
323 3835
64 964
394 3387
340 4035
167 2592
261 4552
162 1929
188 139
309 2805
167 4320
370 2193
419 621
161 4722
371 1702
376 3461
282 1865
360 2003
164 3849
40 4205
331 2074
282 3197
363 1189
101 4390
25 2161
379 271
192 2625
153 1224
225 3310
60 4203
354 3947
297 1683
412 2146
193 4074
38 1328
186 2497
31 1386
97 3557
104 4074
127 1828
103 251
283 2633
193 4411
352 4197
107 2050
391 3459
294 1808
117 296
116 447
183 4398
365 3549
33 4255
227 4410
174 4496
289 3370
75 1926
101 1661
156 115
77 2133
75 4163
316 3626
355 1654
8 4692
136 234
72 1806
42 3056
57 4021
126 1317
427 4480
141 4645
387 2638
176 1676
30 1249
338 1336
408 960
402 1824
164 1584
131 4354
403 4324
290 111
331 1208
152 1284
122 1255
188 2506
352 2367
143 3320
1 2132
372 2125
103 2306
424 4137
310 3843
49 2268
322 4108
381 1640
48 4512
76 489
30 1403
64 1454
392 1207
223 2812
89 1702
254 427
87 2904
70 4584
220 4170
302 2635
26 3120
254 4285
395 1593
117 1571
252 1954
390 2135
219 427
288 1672
391 4115
15 4658
222 4682
302 985
424 4785
425 1520
18 454
315 2597
167 24
361 2530
87 3071
415 2776
102 3827
259 4597
429 3505
105 3756
423 569
80 4427
387 4435
93 819
177 1670
269 2742
19 2736
388 3279
345 1673
321 475
97 1966
331 4290
38 224
246 907
121 145
253 217
168 4648
208 3028
203 48
87 1587
107 2520
312 2769
43 2825
293 4022
92 2966
261 2063
38 1325
331 4312
236 2648
253 1532
263 4335
93 3956
58 3070
189 4211
339 4740
95 4228
404 501
70 2071
14 3736
371 1693
430 327
149 80
350 1907
174 2369
276 1602
76 338
263 831
127 2228
25 3860
428 855
152 2346
36 94
31 2825
207 2199
386 3099
236 3074
329 3282
161 3692
295 2415
111 2836
200 2447
36 2121
239 4733
168 3542
317 3888
116 3498
425 4539
55 1144
192 3483
355 244
100 759
26 424
116 3788
137 1416
389 2067
213 4777
395 1294
220 2627
395 547
245 2297
175 2743
122 1246
239 359
221 3097
296 2235
275 2559
192 4400
316 1006
273 3500
331 2020
325 3024
244 2359
185 335
154 2626
334 551
396 4279
394 3136
337 1931
43 4072
217 2113
234 2651
66 1568
34 1082
286 3431
235 4930
242 1535
1 1500
143 3118
374 1303
325 3130
351 664
6 285
130 2968
48 4819
171 4822
169 4536
345 2934
226 3256
347 369
8 3619
286 2611
170 3823
418 593
41 4683
41 4045
43 57
242 950
257 3285
416 1763
379 3271
7 3677
424 3093
255 4967
96 1289
298 146
392 1562
372 137
25 4264
328 3441
137 4322
70 2654
365 4953
54 3525
91 3206
90 1256
404 2592
408 428
231 506
206 4551
12 3470
365 1339
252 2419
281 3493
13 1643
353 3942
404 95
223 1674
326 1162
300 2816
238 1538
86 4850
362 2742
222 2377
245 4741
152 4103
10 104
206 896
269 4728
311 2437
126 4284
64 807
57 3153
53 1440
339 3828
190 2736
237 3318
382 4273
135 472
93 3808
138 3574
293 345
111 4882
262 3570
199 4783
382 1747
88 2574
38 2152
176 2267
249 925
235 2593
191 1364
86 3927
255 4439
359 3418
183 1905
127 56
97 3815
213 2725
77 444
374 2853
278 4657
408 2232
301 4513
317 2456
259 4756
118 4414
296 3311
134 962
53 843
28 4251
5 2194
148 3311
172 110
307 3544
204 329
283 1690
86 1831
294 4927
71 820
295 638
303 151
111 3195
206 342
237 4655
388 2737
131 2849
245 622
308 4546
423 2718
393 2791
72 4285
74 4812
118 1157
135 4941
242 4086
95 3921
161 3200
388 1606
79 356
266 798
118 423
379 2397
135 1867
316 2459
315 651
69 1328
17 3273
123 1504
211 1101
76 3951
11 2641
280 3363
116 4047
24 2050
61 4419
364 4832
418 604
75 4064
383 4219
421 4517
255 770
93 1381
389 3244
33 3870
302 16
341 1617
429 2619
215 1970
331 4268
410 352
293 4726
426 625
101 1780
105 1009
156 1175
319 287
427 4314
143 130
405 382
348 4198
295 4094
174 3099
346 694
182 3320
246 2101
72 4441
139 2681
69 1739
399 3428
348 192
246 2758
283 3444
416 1596
254 3486
178 290
282 3282
362 1232
221 3353
296 3402
321 3910
121 3830
359 3251
31 2958
80 1369
36 1339
161 279
14 2269
177 3126
418 2996
383 3476
287 2563
176 4061
33 734
130 2519
253 786
178 2221
240 2652
322 790
231 157
357 508
281 2008
124 1520
72 52
372 3438
33 2333
41 3340
104 429
368 3106
91 1875
215 2666
49 3545
289 1205
401 4653
211 183
214 2158
249 3550
51 1287
242 3000
210 4920
121 2661
162 4641
282 2568
350 1353
38 71
228 2383
135 1912
411 1703
103 1926
67 3168
257 3355
411 781
250 3813
344 1031
183 2512
49 1128
361 2257
180 3237
333 3211
73 2169
368 171
10 91
247 833
13 4837
5 1650
152 2244
60 3033
404 3446
240 2694
426 3664
314 530
392 3333
187 700
89 361
109 3996
392 3111
140 3560
275 60
420 3644
198 1357
108 1182
11 479
309 4622
400 3123
205 4808
413 584
247 2559
80 3004
262 1503
266 716
112 3466
311 211
224 4204
