776 776
243 2821
135 1359
83 2971
387 1986
243 27
147 2647
141 4950
34 1829
222 3896
133 1073
12 358
133 2286
354 3422
264 4681
32 669
371 3521
207 2541
132 1385
362 1640
296 995
379 3590
330 1241
255 3546
55 2741
96 4809
77 2866
17 2186
302 3077
132 2732
334 57
382 56
170 2477
129 2170
147 2699
212 3008
327 2452
10 955
318 1
94 1660
14 4004
82 892
12 3977
193 1535
332 2710
94 612
336 2352
100 3447
37 4631
110 2008
115 2350
235 3071
194 4130
211 4353
79 2320
198 319
192 3254
164 1434
94 102
335 1340
343 966
255 4857
377 3135
114 1491
72 638
159 3388
132 2556
315 3203
345 2206
205 1823
186 4021
108 303
297 1819
314 3903
200 1508
84 2367
86 2238
43 2755
382 3019
167 4078
248 3358
53 2062
186 1801
194 2051
124 421
27 11
214 678
69 1889
245 4445
197 1303
173 1604
65 4128
303 3634
199 4541
280 1478
171 2464
302 4558
115 958
27 1806
12 2434
317 3353
271 2545
251 2698
346 772
258 2154
363 4493
19 1035
288 3224
128 1866
84 38
26 3651
382 4949
101 3804
62 1327
2 4108
35 4780
60 4248
23 2676
275 4178
180 2769
190 4028
153 2794
185 3212
211 4532
309 2602
78 1914
186 1122
272 180
126 4976
47 2694
142 3870
361 1324
130 2723
199 1778
319 4536
359 1106
369 969
16 2528
208 4423
214 84
251 1639
255 3072
254 582
169 2744
5 1580
285 3833
51 1239
178 1365
347 2921
375 4543
292 1296
373 2001
157 2836
30 2163
384 3236
343 3896
239 2735
122 813
230 2770
289 3326
37 2799
81 1499
79 4661
373 705
334 2022
246 625
259 4107
219 2671
44 4220
220 3816
94 630
129 3546
218 2951
359 3481
255 3187
127 4258
200 1962
117 4959
310 557
313 1325
232 2713
11 4020
158 1733
126 4878
148 1883
264 3146
161 4398
224 4778
274 4153
42 1225
33 4849
367 1749
160 3315
31 642
52 4655
276 1309
153 508
113 3732
254 4986
114 514
68 2450
7 1300
249 3937
26 2546
57 976
61 1559
175 2480
239 4729
115 2740
305 1982
118 1047
197 3437
56 1183
148 2435
203 204
13 3206
61 4497
310 1717
39 4267
338 3522
87 2186
18 2549
142 4940
109 204
193 2016
154 771
102 3067
262 271
325 4307
332 4663
91 1763
11 3810
27 44
223 4168
80 4664
19 4001
211 2063
106 2561
2 1162
1 1956
373 227
341 2987
196 1490
277 3171
24 667
356 1752
312 2352
84 4383
53 3028
286 792
48 319
59 4010
72 3092
243 4556
287 2571
366 4328
261 2076
67 2602
213 3931
323 4555
203 2647
354 4202
237 2510
6 4280
122 2576
29 4443
330 3462
33 2744
240 3215
216 87
35 24
27 916
114 574
332 4533
108 1957
245 3737
42 2440
158 3434
135 2047
71 1804
274 4661
254 1391
76 4596
233 4619
315 1782
197 1859
31 3840
230 477
87 3947
255 2877
123 2939
136 4499
214 2096
138 3787
271 45
10 4651
367 737
367 4594
74 1740
294 1507
220 374
230 1493
264 2240
183 2571
330 399
210 3885
283 3536
226 1650
344 1424
247 4713
277 1381
135 1537
114 434
327 4079
210 3323
8 3860
286 4413
127 2924
140 2183
107 2288
11 1077
148 3107
250 830
88 4132
298 3397
4 2132
242 3773
201 2001
284 2983
91 3062
50 4439
173 4253
104 3201
280 2758
254 306
182 1309
369 2247
107 3012
220 4600
254 3927
387 4491
189 2424
191 841
151 466
263 743
314 1137
350 1071
200 4795
45 163
352 1751
366 4862
345 1695
130 3496
302 895
334 1074
338 3877
298 4184
198 530
45 4084
107 822
94 1931
13 2016
131 1499
66 4552
266 3763
90 1494
360 4619
254 1271
150 2891
174 4824
46 3886
85 2408
196 3070
380 4234
194 4198
107 526
295 2378
348 437
276 3745
5 3471
73 1066
311 388
193 4802
313 2884
72 4452
216 440
43 3386
223 2641
293 1080
243 4452
20 2125
99 4625
83 1337
225 4458
138 3643
310 3226
319 4877
245 3443
244 3324
376 1427
166 4239
257 48
127 264
259 1728
181 368
214 137
71 3296
46 1362
133 1383
53 4570
296 4103
128 4755
353 3991
345 4750
128 3292
270 3960
122 2555
315 2982
64 225
296 3183
235 1047
323 1017
240 2049
215 2155
328 2956
172 944
48 3043
41 4742
291 1573
149 3641
305 2374
367 1403
187 830
235 4527
318 1249
335 104
241 2540
212 356
15 287
158 1198
61 4021
25 3252
239 1995
16 3385
333 1731
179 3693
13 2719
275 681
374 1071
182 2934
78 907
180 4002
116 1322
255 488
286 2000
269 1842
141 2997
206 1087
155 4061
384 4014
374 1971
60 2643
291 3194
180 2810
255 3550
267 3947
384 4792
10 2024
262 1664
198 362
15 704
382 2882
253 2035
82 1002
192 4354
225 2695
63 3324
169 1803
44 4353
311 4391
71 3736
182 2540
107 2962
29 3278
347 194
175 1583
112 2896
129 4853
311 2041
185 2288
168 618
320 3566
44 933
156 2693
211 9
23 870
213 3097
374 2375
122 503
299 1931
373 4999
156 174
141 434
324 4059
162 4041
37 2685
378 669
279 3543
317 676
222 2876
385 1600
214 1673
27 1169
131 3350
381 1834
70 3445
228 3126
23 1164
237 4013
49 12
16 1010
197 4663
328 1231
143 3503
275 2356
208 132
377 2335
312 3315
227 3702
197 1011
165 1433
200 828
345 4964
40 1113
121 2941
333 1737
350 179
186 2786
275 2723
264 2359
373 221
232 3354
192 4724
166 4845
212 4560
134 1303
21 1148
15 4201
4 2247
42 3011
100 1239
319 2754
320 4984
72 1109
193 285
119 2370
85 429
212 3223
12 4157
23 3326
49 476
246 4471
121 3281
347 1481
15 1366
101 1703
376 2986
167 71
251 3448
223 4066
107 328
344 3242
46 4017
102 3485
189 4147
247 2071
283 2899
294 1867
131 563
240 1465
209 1371
134 4985
386 525
98 4750
148 3313
73 1682
347 2393
244 2748
341 122
144 3426
135 2273
192 3249
312 4872
213 1447
318 3415
340 419
64 2701
295 1666
235 4805
231 1873
31 46
344 2515
239 4021
383 4549
255 3414
54 4414
159 3632
14 698
202 2366
89 1060
385 2506
170 4025
264 3357
364 1595
207 4493
336 453
42 191
11 70
117 2135
217 3372
305 690
130 1767
41 934
105 4356
308 2740
147 3150
69 262
229 4861
172 3856
59 4451
98 795
379 2043
30 2999
99 269
371 2411
10 3057
55 3080
229 4087
360 677
160 2344
348 4458
386 1164
272 1328
319 4426
197 265
199 1118
3 2802
261 525
85 1148
59 1781
128 3098
262 3382
107 2486
348 664
71 4775
48 2054
65 1439
335 2258
183 4585
25 4282
245 2493
312 2171
367 3869
40 2672
213 4092
386 3127
246 2697
304 1098
71 3924
327 1427
251 4332
62 2448
384 1931
355 3014
223 1700
102 1429
231 2053
294 124
237 2881
86 2770
43 4704
131 4515
293 101
153 838
173 4039
37 3167
161 2911
334 2190
319 2618
228 1272
361 676
273 1487
249 3561
176 2777
264 747
259 3170
330 3243
207 4752
155 3303
282 3492
364 4769
238 1844
147 3659
135 3918
150 4915
267 2527
160 3227
115 1231
300 1159
178 2771
129 3155
74 4043
109 4796
139 4521
206 1258
319 1750
78 945
142 4176
371 3016
24 783
354 769
16 2983
213 4314
94 266
195 4385
130 3852
187 458
360 4760
155 2007
348 2958
337 4527
32 2672
61 1778
200 4673
343 3405
248 2102
348 1412
193 666
369 1412
163 3835
20 4385
174 3410
300 949
8 2746
336 2540
368 3414
41 2485
5 292
322 2545
94 4146
168 1417
155 1966
230 1809
29 2630
362 2264
207 4508
174 2338
29 4217
262 3209
278 1664
156 3314
283 3697
45 601
103 3762
247 2884
258 1942
254 2344
98 3360
333 2436
98 330
339 4313
109 1680
344 1514
269 651
28 2297
365 1629
330 4100
