624 624
9 3025
153 3360
172 3047
125 25
292 3127
67 1746
237 4286
205 4819
185 3363
267 2381
31 2388
306 2389
146 326
135 2350
56 4056
207 1341
82 2332
21 1865
310 567
274 976
269 2767
22 4020
108 227
306 603
249 2956
161 727
226 3498
141 4568
147 1516
8 2945
65 3823
202 2686
253 2583
197 1690
207 3395
31 1590
106 2145
151 591
175 2342
222 3492
48 4373
246 3402
241 60
136 2196
139 1816
183 1498
199 1548
238 3793
128 941
271 3638
130 1581
42 1923
215 4273
245 2288
216 1237
230 4448
86 3557
51 3814
55 4193
58 4977
202 3006
16 924
237 1991
72 3539
78 3297
41 4587
255 2121
203 3362
243 4609
182 4464
230 105
189 3948
77 1514
170 1146
159 2374
147 4243
308 661
59 4099
206 1094
61 4772
128 4071
98 3335
276 4833
30 4006
170 377
219 1191
215 3591
101 1556
70 4994
119 4332
267 1130
125 467
257 1503
180 4974
48 341
79 4646
30 842
32 163
139 3908
141 4944
141 3025
32 3650
88 2781
236 4392
158 2132
264 4203
292 4474
132 3904
94 4056
174 3510
115 2729
211 4180
38 12
262 4547
232 58
50 4454
301 3102
271 3243
157 2623
87 3895
141 2244
262 3612
212 1837
89 1540
147 4607
208 724
243 813
252 3505
204 4597
44 1702
233 3875
217 157
74 2177
307 1950
117 1135
133 3234
235 4915
54 4018
283 2857
250 3581
142 3611
96 2340
235 4799
128 1317
260 3255
177 1930
238 2323
309 3012
27 1048
277 1363
295 3256
212 3156
236 2436
182 1742
216 4267
128 200
36 3901
290 3126
306 1274
258 1768
87 421
58 868
120 2602
273 1062
228 745
43 4684
123 4206
257 3626
64 505
78 214
185 3580
138 674
11 2491
197 2830
87 4940
243 694
282 2446
275 1522
228 2187
197 3217
16 2380
56 1016
10 3275
154 2891
230 4787
257 2987
270 1984
241 1518
113 818
215 2494
301 909
140 1087
306 1022
43 568
255 2839
188 965
190 2955
11 4010
34 2023
154 1726
196 4880
79 2580
215 4275
169 858
71 3464
98 3103
225 356
60 3785
44 1159
209 498
163 919
57 34
262 1149
259 3140
123 1685
235 929
37 1090
297 1611
163 3232
103 349
133 3702
250 2937
98 3846
259 4137
18 3937
135 4271
44 2182
152 945
57 2669
294 3759
274 1921
114 103
136 2992
167 2467
296 2851
240 1102
219 3511
132 1053
43 2397
144 2285
298 1361
6 2373
8 3465
54 3295
280 3047
294 3543
82 1241
127 1101
143 885
177 2890
273 2327
162 3199
132 3006
299 635
252 2573
78 4793
189 733
82 356
253 4498
180 1398
158 4081
100 1893
218 783
180 2202
238 4407
28 1965
38 794
144 3417
216 2172
63 1019
306 1933
215 4245
238 3425
50 4330
234 3162
147 272
74 714
94 4399
207 2089
191 2567
92 560
45 787
40 3219
115 48
239 3388
106 3333
180 2762
278 28
206 2858
100 4592
267 4576
234 4156
152 4130
180 3779
273 725
83 239
16 3928
192 3472
146 918
36 3661
147 2626
271 3795
119 352
205 3542
51 4515
260 1649
113 525
296 3052
3 4353
137 1410
161 4352
176 2790
189 1568
69 2119
63 4491
150 3403
6 2305
141 505
273 1565
42 187
259 4762
121 2633
181 3902
294 2963
123 2687
307 4366
304 1093
276 1898
290 2639
57 2371
93 873
161 1145
126 2474
201 4060
287 4135
69 694
201 1962
279 2044
129 432
63 4359
91 3548
128 3039
228 1774
185 2642
216 3911
24 835
17 594
166 3649
254 742
116 4781
229 1674
131 3748
155 2754
229 2730
101 2247
239 3970
133 1233
196 512
147 155
174 2915
128 2644
190 857
27 1030
95 858
247 3706
103 4040
71 2063
138 4284
164 4825
257 2522
307 4303
200 3018
141 1859
228 1406
89 2045
225 2881
280 185
272 1376
210 406
203 2871
241 1851
50 3678
304 3276
244 1568
131 3625
204 2721
150 486
305 597
160 1377
14 1584
70 4782
154 36
231 4573
200 1191
162 2258
126 3283
47 1901
164 917
261 195
163 3438
138 985
227 3090
136 791
311 1778
286 1160
15 3856
98 3968
186 527
125 2884
60 4335
96 3421
44 3839
198 4778
194 1091
257 4787
257 3523
305 211
304 2003
20 910
17 2010
30 2969
267 915
65 802
281 1217
80 3731
298 1599
152 3497
20 1450
35 4863
75 4978
187 686
151 128
179 4601
254 1309
250 3371
73 3989
57 2891
37 3524
171 1025
104 4535
309 2448
248 3813
220 2992
45 878
209 2214
103 1485
173 1768
172 1717
200 4443
200 1450
51 1106
100 1353
161 4817
223 436
7 2289
3 111
129 674
33 2063
160 474
147 305
291 3186
261 1635
246 4082
244 2030
239 4583
127 4162
276 4606
112 2032
101 1839
57 335
180 2328
145 1382
180 1826
51 4964
185 2808
34 4192
81 4170
220 4185
265 4347
116 4139
48 3003
271 3120
162 3983
267 3127
11 935
34 1229
224 4579
234 2517
194 492
249 4997
201 3336
12 4451
31 2876
200 2558
147 1006
205 573
94 1449
23 1349
206 1429
54 3432
249 725
130 3577
183 3140
19 741
200 4738
54 881
94 1853
221 3530
129 3312
148 4794
34 4430
18 1638
146 3181
1 500
263 907
55 207
40 2285
196 4825
90 2949
155 2517
118 2695
41 2900
79 4689
67 4701
220 359
15 376
282 3969
249 1380
191 3606
46 4332
9 488
263 363
197 2918
299 2498
164 7
141 391
262 3113
201 3306
299 4352
260 4691
141 1403
204 729
104 2497
148 1889
68 2689
195 31
295 219
16 4772
11 1173
175 2684
157 2235
197 2970
284 2152
96 1879
222 4590
307 1366
265 2916
234 2625
97 4960
295 1098
302 2796
127 860
90 3221
247 3564
86 2440
152 3326
213 2455
158 2839
17 3108
91 2844
119 1476
63 2252
116 2953
123 498
300 4872
48 1774
242 1515
135 1680
193 3703
29 2410
54 699
125 3902
13 697
171 762
181 4086
307 4421
190 4195
254 4288
127 3085
4 322
283 78
59 2556
45 2317
110 4182
146 1692
243 3960
84 3757
266 4984
289 3475
25 1177
212 1456
179 1255
207 2855
290 1139
89 3306
48 3846
255 1407
304 272
247 4079
203 126
39 4672
36 4219
149 3413
273 4244
136 4817
64 1806
61 1962
140 2963
193 136
299 3448
163 2844
115 191
303 3164
204 357
