409 409
6 3503
79 33
200 4236
129 1954
51 3676
125 1152
115 1060
193 766
188 2892
7 801
174 2606
109 1185
186 1368
141 1391
53 2527
200 335
2 4070
189 1052
172 3722
142 1285
38 1715
7 2770
141 786
114 4993
90 2212
48 1847
34 3769
63 2906
28 3772
198 433
81 3758
200 1697
161 165
57 2616
172 825
189 1580
136 3865
197 2013
159 1181
116 2719
198 1680
120 1835
32 3944
96 1021
176 4796
59 857
90 3098
134 223
26 74
13 1123
81 935
24 2233
55 455
185 3799
139 1921
55 3228
87 1428
28 3733
203 4751
114 783
46 1570
189 3536
168 3055
40 1609
53 1601
142 510
84 3532
96 3059
87 4366
173 2479
21 1380
12 4855
179 3475
89 2007
103 3620
20 3754
140 4671
122 2098
140 1952
203 2332
24 3572
134 2325
198 4613
54 2765
95 376
72 2930
41 1708
202 2632
15 2115
144 4929
123 2305
68 3786
183 3283
180 3717
45 2888
78 2052
34 2026
126 2192
1 4802
6 2110
107 3275
123 2524
52 2503
142 4286
15 296
83 142
121 1018
49 2699
80 2926
195 2250
129 64
180 1410
146 3057
147 1800
184 3016
164 1896
158 3728
70 4327
135 709
75 1350
181 163
96 4965
121 3063
110 543
154 1838
141 2365
40 3343
185 3619
34 75
122 4055
196 1436
140 3272
82 551
130 2424
99 168
115 1482
185 196
6 2657
47 1125
20 2307
46 2451
10 4187
151 251
133 3976
15 2572
199 3795
164 2832
147 2262
182 459
99 4209
50 430
107 1987
145 1334
164 974
39 1082
149 1442
123 2011
110 4488
125 4217
156 577
103 758
39 3649
195 380
156 481
43 1291
56 1363
4 3989
54 3400
65 3765
84 4328
172 2889
5 3641
84 1807
71 3270
191 2390
1 2452
16 994
95 4578
178 1976
88 1992
42 273
1 4986
22 594
5 1054
83 1023
71 1513
101 258
27 4303
51 4144
24 743
48 2126
115 150
167 4918
121 1262
36 2934
199 3510
143 4632
111 1316
5 1510
17 4925
103 2362
16 4066
146 798
52 4878
17 900
1 3219
29 2405
186 2698
137 2341
126 2373
61 1130
16 1331
176 624
85 3488
22 3645
170 1802
67 989
184 3172
22 4266
106 592
10 3092
121 4587
105 830
76 4426
158 3677
96 4788
2 191
80 3809
146 3999
76 4421
83 1809
24 49
18 209
166 3391
40 2842
37 2622
125 2292
40 1621
55 225
174 4826
81 2455
6 50
40 2885
118 2943
138 2889
187 3768
96 2719
139 1423
60 207
153 4510
10 2966
54 3265
111 1210
51 2404
51 69
47 439
112 4669
108 3815
133 4209
139 1809
16 4241
157 3805
79 4469
187 4653
182 3938
78 1261
137 2970
27 3409
48 1506
1 4245
55 792
25 4249
113 246
80 1272
55 4433
22 4199
151 1135
192 836
102 4113
188 1194
37 924
50 4318
100 337
35 4574
170 4871
34 4185
50 2987
9 2204
155 3629
20 1930
191 4524
46 1672
88 1189
12 3827
74 4570
64 34
134 4210
148 1154
3 2496
97 3383
44 1635
98 1857
68 4505
135 2419
106 3349
106 1030
78 4233
121 4755
147 2589
27 4294
167 3677
136 538
108 4174
186 3557
11 4577
9 3074
70 3217
128 4564
187 1519
129 4293
185 4764
203 1
108 4039
90 2339
174 77
145 2654
173 4031
11 3904
116 3482
152 4428
63 3840
127 4830
1 919
104 1154
125 425
27 1091
37 3179
158 1849
202 3489
52 4691
5 520
152 3798
138 3605
42 2654
32 4816
172 3888
17 204
88 4124
75 1061
132 3117
120 4369
84 2776
48 722
181 937
43 2975
148 4161
23 4842
172 2868
190 3489
85 674
181 506
154 273
173 444
88 3187
31 4914
138 3742
124 40
199 1664
182 2112
46 791
89 3307
88 4007
117 549
26 4756
182 1162
21 4005
27 2843
17 718
142 539
190 3138
101 3681
153 4305
71 865
113 4988
117 596
10 1983
204 1487
90 755
174 4875
124 2241
18 2234
112 357
95 27
39 3333
117 3075
152 4812
161 1104
182 3875
21 3894
44 2812
147 3694
144 1284
79 1502
77 2727
187 3212
19 2532
90 2732
133 1874
132 4443
