730 730
277 4896
55 2472
306 4373
62 4968
316 2641
288 2969
101 100
64 4993
3 3117
319 2317
169 1364
112 2454
106 204
158 2908
330 4197
149 4806
87 325
313 1229
131 2375
247 2883
124 1579
50 2173
4 3091
8 506
272 21
141 3696
36 1828
290 1907
138 4053
187 1256
56 372
35 1769
204 1164
235 3775
304 1531
335 3161
22 4363
249 2480
69 1882
94 4519
43 3236
215 412
261 2474
40 2923
70 2061
29 1004
331 2749
266 1120
44 687
171 267
175 234
130 4683
241 1708
146 4763
10 2384
83 2650
42 1686
243 4419
287 4532
158 1286
347 2526
127 3008
316 31
303 3463
25 2761
304 1620
152 395
131 2912
278 2965
120 2613
162 685
300 3701
323 2201
334 3386
211 338
359 4819
294 4590
287 1643
178 2026
130 2452
73 4783
126 2979
132 2140
67 2588
35 3671
167 2193
168 1883
214 416
184 2812
147 2174
265 1648
251 1733
359 4284
237 564
85 943
87 923
276 3199
201 3912
168 3889
200 766
95 428
87 339
83 4808
26 4510
233 244
313 4584
78 4451
178 1431
56 1681
167 648
194 3875
183 928
219 1151
151 1107
314 479
126 26
55 3115
357 4881
16 4054
285 2561
94 2064
134 2633
132 232
345 2852
315 4563
307 3173
87 3130
93 4569
112 2271
119 1084
180 514
141 4241
41 1207
301 790
139 3553
141 689
337 678
363 4995
211 1149
308 3544
353 2830
247 3583
283 4235
89 4062
15 4519
174 3310
124 2090
142 1124
67 3553
142 4246
76 3214
308 2483
128 1187
198 2178
311 4190
55 1200
22 4245
193 2079
322 1306
308 4747
92 1328
180 4399
62 4205
229 4937
211 2209
167 430
143 2999
263 3290
83 1335
289 2112
182 3872
299 1992
39 3635
118 2328
260 898
73 4847
330 1802
183 1591
147 401
1 4862
355 1776
144 1842
46 247
283 4712
9 3703
22 3071
41 1732
297 261
339 2936
352 4286
33 3399
241 2872
99 1030
207 4968
299 427
149 4349
279 3303
296 2787
142 3458
193 2223
56 4495
313 736
326 1952
25 1692
291 169
106 2758
331 3272
25 831
176 1494
124 1435
53 2308
161 1422
103 195
25 1132
64 3299
43 2358
42 2454
173 2945
162 1699
160 994
335 1571
133 2173
290 770
40 445
47 4657
280 4001
210 1162
95 851
131 4981
215 1950
264 2899
90 2618
128 4698
114 2130
226 4022
4 98
261 1973
253 4443
69 3256
33 2251
126 989
97 3917
297 4779
285 1092
182 3776
217 2482
50 266
179 35
237 3235
73 959
88 3735
348 982
329 4822
122 4345
86 2768
170 1155
182 4901
170 4556
260 2811
334 3774
190 3644
122 3711
325 2556
143 3727
324 1663
129 390
281 1228
331 3329
197 3404
13 1709
51 465
93 1808
165 4745
226 3559
328 2999
140 1128
235 2710
277 1890
160 116
278 1241
56 4533
93 137
167 4215
91 2888
31 2022
252 747
171 2227
112 4977
79 2661
149 122
195 2484
171 4059
342 1634
30 2048
150 4834
114 4247
207 86
15 2440
31 2922
128 4628
144 2051
163 1998
336 3560
188 3848
337 1495
359 2399
265 4034
237 3180
342 3908
225 4827
231 1361
200 2083
100 2473
25 1801
299 1238
275 2418
40 718
344 428
19 3792
275 2509
70 2562
230 1399
175 3122
325 2880
128 1135
85 1489
134 987
246 2936
284 213
55 2617
5 1914
274 532
259 1836
217 130
6 3434
89 4098
22 682
60 4421
101 226
73 1124
8 4203
362 1671
110 1946
301 1806
259 2456
259 372
281 453
172 2447
71 352
175 2560
182 1540
253 2074
298 207
32 62
44 4069
128 1459
8 3597
289 1925
271 4118
133 2505
111 249
155 3078
203 4104
60 296
87 1433
229 2679
225 2115
255 597
348 561
283 4826
359 260
296 1564
317 144
23 4978
285 52
142 2586
236 4439
119 520
299 4359
292 948
244 773
228 2106
166 2757
244 2007
305 12
53 4492
68 987
38 4308
260 4158
207 1160
43 1987
345 709
250 2743
188 2934
259 3683
8 2730
361 259
73 3211
36 4291
236 1628
288 3256
326 472
19 3790
8 1474
288 4328
324 298
209 625
8 1813
243 2216
247 4892
185 1334
47 1582
348 1074
119 3681
333 1105
173 997
47 1267
47 3218
207 3220
26 613
277 1389
225 4314
186 1876
303 2604
275 4215
269 1728
74 4600
116 1162
246 350
234 3405
34 1097
58 1478
357 4100
294 2395
36 2739
336 3977
215 639
232 717
253 3132
286 4813
131 884
28 4985
196 3615
254 2623
18 1684
212 3743
46 3251
223 4856
41 2940
220 4805
188 4455
201 1867
83 1354
362 1695
331 2513
14 187
6 3141
346 3189
182 3704
315 543
179 3967
198 4400
24 3835
65 4589
42 4808
293 3357
166 104
73 4753
271 4606
341 4400
83 2661
329 2150
314 432
128 567
349 2987
341 2287
273 3006
183 2192
302 48
259 3129
92 4525
73 637
20 1667
135 2588
26 1415
18 2692
158 1463
254 3634
95 1567
105 78
223 3798
113 4952
322 4347
361 4873
56 1789
226 2139
134 3752
316 4013
268 3864
68 2324
319 2859
180 1874
286 4342
125 1164
83 2952
323 2040
15 3477
118 1222
222 439
245 3
341 1979
102 3124
325 2655
213 1230
178 2451
288 544
184 3353
114 1037
186 1146
23 2999
321 854
220 284
305 4230
180 3105
113 1649
12 3140
211 4275
25 1106
89 1184
319 4170
214 24
161 4310
116 4379
183 4458
164 448
287 619
12 3996
175 2352
113 521
109 983
116 3565
22 2761
102 4778
99 2887
206 4233
152 4745
41 4298
207 1874
222 3098
103 4007
62 3357
64 3254
361 3864
197 3295
252 3971
262 755
181 3170
216 2370
216 4699
240 814
69 180
172 339
68 3990
80 196
149 3129
287 3894
166 324
285 763
75 3960
10 429
297 4450
353 1918
104 3361
303 3137
282 3843
94 4006
179 2178
188 1055
235 1944
307 4480
43 57
340 3691
169 3746
310 1139
342 4639
312 4097
355 4950
337 3640
224 3453
198 2754
194 4337
250 4196
222 854
275 2834
148 3474
298 4271
155 2148
72 2332
73 4264
65 481
76 468
226 2261
23 4809
116 1446
146 1815
31 3608
30 1362
140 1761
190 2681
69 280
26 1222
342 3295
62 4377
177 3085
335 808
342 4031
101 4462
21 2241
340 1227
138 3791
61 1114
238 2454
195 771
363 1110
165 273
277 4359
110 3069
2 2894
145 1424
299 137
226 4051
336 3920
257 1285
234 2049
338 2682
219 942
271 879
224 3429
351 2517
244 2771
271 1940
154 503
34 2745
118 1674
361 784
241 4136
353 1158
46 3019
179 3316
116 3693
293 4766
88 1963
109 1723
91 3470
74 2952
283 670
173 3435
159 1967
150 4891
232 1582
53 3221
199 3559
11 974
333 2274
98 4019
239 2851
7 1070
134 1420
335 1332
124 1781
171 1211
92 4016
289 3262
200 1878
59 684
313 1107
160 3178
226 887
179 3307
19 445
184 2442
311 3662
243 3010
254 281
178 3327
239 2070
73 2853
180 885
144 3002
301 3633
20 2281
138 4271
224 1101
289 1216
325 1974
270 3477
91 739
79 3256
136 2250
133 1413
141 205
103 1773
115 231
44 941
110 1973
284 272
159 200
343 2070
244 4656
137 1070
196 4179
288 2173
244 659
235 2249
312 2024
269 1580
8 4397
48 2161
340 185
115 4658
345 887
71 68
351 2719
80 4161
39 581
187 742
345 3183
263 1222
84 4315
49 3188
