376 376
79 2501
98 4578
159 3456
66 4216
83 671
89 3586
58 3382
98 3380
124 2627
33 3694
43 1505
68 3867
25 2357
80 2121
87 4824
153 327
83 3610
148 472
96 3798
23 2227
185 1915
29 1856
135 1739
122 200
106 1392
149 1207
111 2013
106 2162
4 258
162 648
62 464
105 1926
182 157
116 660
19 3357
13 4862
122 2907
120 877
161 1647
32 3997
77 1165
178 3635
10 4595
134 4234
54 1552
135 1645
83 665
119 1677
168 4475
58 2551
79 2846
95 2588
136 72
39 4283
26 4341
108 4991
7 378
134 3528
102 1186
121 4050
121 987
3 2705
55 2324
143 1016
41 4071
4 3335
26 2588
15 3266
183 3602
38 4351
144 3633
155 1860
99 2867
166 2437
97 2759
85 4217
94 2837
54 1527
131 3447
82 711
128 313
154 1738
102 1559
169 4135
108 1788
107 4885
104 2853
49 3517
5 2195
114 4609
129 1854
164 4722
168 2736
185 2431
45 1236
183 1177
135 3638
109 891
168 4865
118 1305
167 1901
40 1561
92 2529
161 3624
135 1150
91 25
139 2857
185 4989
139 4236
4 3189
122 2473
156 4605
9 3609
111 1044
38 1842
3 4096
130 3920
85 4562
173 4955
154 1958
6 3942
147 3127
185 2047
81 25
169 3506
120 2808
152 3130
65 2142
133 2121
97 1865
81 2371
143 1713
115 4135
15 440
118 680
12 743
111 3749
44 3015
120 4350
75 3846
125 2574
78 4869
113 3348
15 3784
29 1715
169 4861
130 3324
129 719
48 4192
4 4609
184 2695
70 4944
135 4800
10 3853
11 2953
147 2571
145 2129
85 1436
137 371
82 1850
117 774
159 3275
163 3998
22 1045
25 1418
140 3898
129 2484
183 3587
180 3654
40 1714
170 3524
185 874
108 3030
76 3120
38 1959
93 729
172 4211
126 633
135 3316
125 3185
127 3442
140 1228
146 2363
129 3385
140 2577
102 2115
60 3918
182 915
51 4903
59 582
85 1021
153 2949
155 1790
80 3983
71 3129
105 3898
183 4762
39 114
120 1476
113 4797
92 3450
9 317
178 3818
13 938
65 1859
133 2771
44 1568
39 1560
93 4446
85 1876
178 3315
131 4800
16 4039
185 3331
99 305
85 4722
14 4681
58 3122
46 2383
127 4880
103 3177
169 1920
155 3153
137 3542
154 91
26 4375
155 4803
141 3445
18 601
44 2906
43 217
6 2002
171 543
182 2123
148 4267
117 589
171 3473
102 4145
187 2629
48 3436
145 3114
60 2696
143 3100
132 1482
41 726
46 280
115 4142
93 2588
12 3865
105 2010
178 866
175 3470
157 2600
122 1037
173 1964
175 843
122 4933
98 4118
45 2681
104 2080
75 818
31 1802
156 3678
26 284
23 4646
134 2615
29 4140
165 1551
45 3738
69 3440
32 4643
15 4755
102 1252
172 1878
167 1219
71 3574
185 2028
18 2033
72 3090
20 4871
170 2543
149 1862
185 1905
107 2312
173 3442
176 3196
55 1771
50 3919
73 617
94 2443
56 1712
158 4996
86 4708
9 1644
64 2549
157 2661
43 2740
123 856
115 4147
161 3309
44 4259
112 1719
130 936
85 4679
21 4076
180 4934
151 3845
116 1859
163 874
82 4750
51 3842
132 2135
133 1804
158 1480
126 4439
111 39
149 2205
69 1776
89 929
87 621
108 94
131 3880
69 4772
183 899
30 3905
32 1632
106 3618
186 2587
18 4078
99 2312
146 1279
162 1004
116 902
111 3221
40 2979
142 364
25 4927
17 4632
182 4474
19 2775
76 84
91 1790
7 995
32 1523
55 2374
184 645
131 1467
181 3583
21 2132
40 1453
99 4369
121 4420
16 4316
169 2707
168 1483
122 3023
149 4961
87 3230
117 252
5 559
137 4407
123 3380
141 3720
176 2889
51 4977
17 4762
137 4064
106 939
93 858
90 1514
117 1690
54 4701
50 681
54 1076
175 74
25 62
