677 677
108 3977
242 3742
171 221
79 1060
249 140
300 4764
298 2520
162 3341
88 3328
178 2121
182 666
27 514
211 2862
21 1367
319 3995
107 4305
155 454
119 3087
10 4493
326 819
78 4562
271 2659
324 217
317 3526
59 991
256 816
274 3517
117 3107
167 1081
278 4370
326 4256
245 4626
308 355
320 1495
172 1583
320 2537
266 2610
276 4605
79 4453
313 3880
14 1371
126 1653
253 3650
80 616
176 507
189 3025
328 4629
151 413
261 1691
288 1997
335 4629
59 1544
233 3397
157 1296
112 4487
166 2515
7 2954
308 1168
214 3700
186 3363
258 2793
194 3185
82 1071
85 3659
319 2228
166 4168
141 4882
309 825
255 2183
34 1382
28 3939
110 4860
272 3724
329 3128
84 1663
199 1898
137 417
238 141
3 620
156 4456
241 481
301 1491
185 2100
70 2877
178 2176
171 1411
100 214
216 1797
337 1306
318 1442
40 1905
320 4346
96 3772
220 3503
277 4852
311 268
233 4562
330 369
86 2792
312 2049
253 2639
151 4335
10 2426
247 960
68 4097
167 3529
21 2416
277 2847
235 1323
309 928
212 925
335 3850
106 4530
100 3599
62 4607
259 3967
245 584
301 3698
198 401
117 1870
174 3632
74 161
161 2559
288 2291
300 1024
334 1961
21 608
249 1189
132 1811
317 2740
259 2844
135 3998
97 3995
191 1265
127 407
145 1484
204 4257
8 4790
224 3951
162 1523
178 1218
4 3700
226 4967
220 967
289 2652
202 402
57 981
308 4388
175 1581
163 4110
201 4151
270 2146
237 1415
142 840
257 769
19 2765
191 1568
108 3452
98 4507
235 1188
264 4025
273 512
243 1799
236 4316
249 4559
288 1672
11 2084
26 4476
80 2297
298 3698
83 4240
171 1720
36 585
293 3344
191 2160
60 557
272 4402
12 922
99 4023
270 3150
333 4479
3 2501
172 2729
338 663
151 2502
53 4343
12 545
128 4678
331 4005
214 3077
54 1820
289 757
82 2227
230 444
55 4316
145 753
30 1152
157 2636
87 159
63 1743
61 4351
220 3056
15 1084
288 2835
288 3359
111 2170
9 1818
290 762
141 3656
131 4064
302 360
246 1430
45 4664
253 3629
298 4511
322 2960
99 851
215 4008
16 4567
87 951
80 4592
151 1497
236 1766
170 423
35 897
330 3373
131 2101
249 2075
296 4118
173 1267
138 4030
18 574
321 277
189 41
200 4570
331 2859
14 3456
235 432
270 102
12 2541
145 850
301 3722
236 4994
195 32
260 919
143 1733
33 1376
75 1493
202 4656
288 1975
159 532
243 3309
304 2084
29 4348
60 3291
287 3298
151 1526
224 4763
248 813
332 1966
141 435
98 3476
25 4596
317 1976
58 3360
323 2133
292 1855
192 3807
52 987
184 1440
25 3693
69 4835
36 610
21 485
10 774
197 3052
322 2762
38 4759
119 4218
231 3728
249 4147
29 3191
58 949
68 1192
40 4366
41 3527
41 2971
300 566
190 1914
304 4300
277 118
333 1127
260 3159
251 4826
128 533
85 1905
240 2372
287 414
18 4370
170 3175
162 2084
84 2731
224 4325
148 3411
224 3771
107 4248
275 2625
57 372
47 3918
249 1518
204 4553
203 3500
320 444
87 1486
267 4801
165 4243
203 1576
157 4317
329 2424
97 2934
96 3181
309 1166
94 1711
132 404
190 3076
82 3815
85 1488
267 2336
93 4340
312 1221
5 1899
196 770
72 2203
106 175
306 2060
17 2915
246 4269
245 1428
67 2403
230 2575
90 903
138 1947
172 63
13 356
76 1367
25 1170
67 2714
9 1272
78 2648
275 1394
157 4745
237 2288
120 2315
118 3406
168 1647
271 1386
83 3535
205 2149
82 2535
185 3485
227 226
278 3727
329 2336
19 2859
255 1965
72 2587
100 3018
310 1805
216 1165
282 4325
273 3608
11 3809
304 2557
257 1128
230 4309
141 1989
226 3944
48 238
265 1160
330 3004
199 2715
132 1661
200 3394
42 970
156 2803
25 2335
156 4994
149 2899
168 2776
107 190
260 2551
180 3764
324 2801
280 842
329 2956
233 3531
71 4524
64 817
35 602
275 331
91 4626
333 1494
306 3416
185 2374
102 1550
44 3801
55 2463
111 4383
111 1117
186 3607
220 3345
243 3633
136 3137
231 3125
201 3113
113 1153
103 963
108 501
62 3068
247 161
100 4805
85 683
55 4178
289 3649
72 3033
35 344
305 126
153 1990
100 1480
82 754
239 3139
18 2716
261 2174
211 3100
204 73
18 1170
295 2141
284 4747
313 1746
45 3053
262 2080
266 875
333 1625
15 86
80 425
312 857
109 1428
138 3024
7 764
174 2027
108 3402
289 1745
302 1042
154 4120
55 2262
169 372
290 547
259 1011
219 2762
297 1099
294 4967
166 4243
146 2921
292 2325
313 227
14 3335
118 1819
40 2197
258 4476
45 3375
290 480
283 1455
304 3291
31 2714
218 86
203 1312
82 4541
300 3131
87 4290
145 4120
106 2964
286 67
315 2098
320 66
79 1734
227 1136
185 3221
75 486
257 970
173 757
42 1672
58 3543
145 1011
73 1789
317 933
55 3082
42 3373
194 3027
99 366
318 4445
100 1723
333 1049
331 3627
247 2783
144 4092
83 2281
208 3801
106 1833
206 4868
67 1996
39 4900
84 3840
79 1918
103 4653
12 4152
258 1831
312 2985
104 669
333 43
52 3789
224 3719
46 405
130 4387
272 2260
25 822
190 2708
71 1981
129 2075
83 3634
138 2810
71 3568
170 1998
134 2687
85 1852
227 143
184 568
277 87
111 1184
38 3591
191 1099
126 4608
331 4411
68 3271
297 2228
229 2859
52 2617
106 1013
142 707
114 3968
312 4152
161 1443
78 2690
227 2091
170 2447
270 2847
326 1616
219 3335
298 3656
153 1692
273 2947
111 1752
4 3733
209 1874
53 4833
83 3356
292 3258
39 1019
240 1797
43 4210
277 3092
253 3862
146 4764
192 187
150 3181
230 289
253 3050
328 568
247 2754
220 3036
4 3806
260 1444
119 1187
229 2238
40 2308
110 4775
332 3497
93 734
59 4732
150 3103
170 2271
333 1789
196 1432
202 3112
69 425
263 2330
59 2296
90 698
137 1501
44 4563
290 1623
119 4906
265 4967
114 63
83 1637
243 4015
143 955
189 1894
47 3372
181 1417
225 1265
123 4258
148 2304
42 2837
249 1989
273 2805
314 1262
330 2587
73 1767
165 4580
181 4937
168 1192
315 1282
75 2989
267 3416
277 3988
35 63
25 83
253 3966
135 3494
254 4744
125 3873
334 1694
201 144
316 4695
86 1090
284 3970
214 3714
313 3798
225 4050
40 2520
165 1787
95 523
151 2672
176 4690
178 1688
71 2820
178 4786
271 3225
187 1912
62 4871
99 427
144 2397
161 342
84 443
295 492
33 155
180 1228
100 409
200 3986
113 839
120 489
91 666
179 3863
188 2301
270 4194
70 2479
267 3371
4 1766
128 3403
129 2734
272 1276
251 743
6 490
139 4523
46 716
43 2287
120 1440
