123 123
36 2553
33 457
39 1292
3 1808
33 3739
42 2781
47 1516
43 1948
53 2943
43 4965
55 4184
50 2199
31 2644
23 4512
44 1914
3 4085
22 3332
49 3891
24 1616
54 4389
23 1971
41 1082
7 3803
3 2129
55 3745
3 4721
24 4947
8 1696
27 629
14 1270
53 3958
17 4892
20 1384
38 2881
46 2451
4 820
53 3178
51 2169
43 1962
56 3706
53 1305
32 1699
60 1213
8 1596
16 2361
31 3302
26 3053
31 712
32 33
33 564
27 4438
9 4202
42 2485
4 1640
35 255
17 1146
32 483
18 4073
4 2791
8 868
43 708
29 4255
32 4539
1 779
13 3525
4 4309
33 3298
10 1948
10 2581
7 3096
2 4557
12 4018
57 1969
15 568
49 719
56 4116
59 1927
10 736
13 627
40 3878
46 2940
6 3346
9 116
32 452
6 4610
21 596
28 230
31 1836
13 3073
33 476
9 4466
2 3976
17 3364
50 3948
37 2125
48 4407
43 53
39 757
20 387
45 2317
25 1301
5 1268
23 789
50 2246
50 2073
56 4244
54 1344
54 942
47 4106
12 438
25 1211
6 4797
50 1832
36 4251
32 2726
11 4021
33 4078
41 1217
27 1573
50 2819
52 1271
22 2467
46 718
