702 702
187 2300
244 991
246 3436
80 3691
344 3673
129 1881
61 2597
192 565
217 2874
78 3546
337 2881
323 267
343 1994
93 2210
32 4104
220 33
287 2547
46 1825
328 242
136 4804
126 2848
162 3385
333 1650
194 3547
209 854
267 75
324 1206
315 269
26 2817
327 2897
95 523
37 935
170 247
154 4404
242 1714
184 1988
187 536
288 1137
107 319
340 4339
234 1880
333 2496
113 4277
211 3869
258 1668
24 587
197 3159
242 215
154 3876
39 4024
199 3338
323 1891
201 4786
82 3448
50 1114
167 1751
79 1537
180 841
229 4393
173 4163
228 2410
62 455
294 1232
290 3789
248 772
252 1892
194 2920
293 2450
215 3085
241 338
54 4873
262 706
203 4466
235 3125
320 4932
344 4800
148 548
220 4431
283 3709
105 1261
148 3427
328 3343
308 3362
123 2383
180 4987
113 2096
326 1957
161 2169
111 1778
262 370
109 1182
48 4416
299 2405
349 4844
240 3999
83 3652
312 2583
56 144
81 80
38 361
54 4912
135 4215
281 1618
223 2728
29 2907
282 3456
184 711
90 3492
207 4685
332 4181
83 2038
124 4627
63 4637
80 1411
65 2479
189 2319
286 3984
217 3286
75 4026
233 1448
278 3168
138 4542
130 4381
290 4145
254 3061
326 4206
28 1028
194 2232
317 1400
140 2028
317 2454
60 4445
123 3103
310 1161
263 2978
292 3931
47 4264
292 2526
183 2686
53 1792
135 2800
286 3673
127 90
163 49
87 4031
63 2438
178 2926
271 13
25 611
300 308
7 141
324 1054
91 486
93 2131
233 3789
41 3754
191 537
212 384
319 1976
204 4637
135 2245
44 930
345 4775
165 3399
333 1287
260 90
84 536
78 3758
95 2928
168 3460
97 2462
292 893
125 136
34 3004
337 4632
20 4305
67 2249
10 3215
98 4965
180 837
63 1675
293 4869
98 3359
54 3986
343 2526
136 533
180 4545
147 654
26 3846
303 2031
113 3235
195 2085
105 2184
1 3193
323 788
157 1582
190 529
38 4540
16 717
234 3988
20 775
182 4918
343 4152
164 3154
107 2829
173 4735
36 294
46 6
135 2472
74 805
276 3084
13 2031
120 4520
219 1426
20 4720
284 2444
268 4821
307 1112
27 761
55 1574
69 867
328 4177
167 3932
329 4342
166 1321
26 4112
242 3960
2 1623
119 2105
324 4789
323 406
121 3798
246 1926
263 4521
170 4992
42 4195
334 2075
277 3387
188 1084
224 191
255 3897
9 1154
175 4174
130 838
344 1366
338 100
102 476
324 2376
220 4432
161 1369
204 2935
77 112
287 1843
287 4935
183 2030
117 2188
226 2481
110 3447
212 3245
273 2983
291 2088
144 1606
135 3334
222 1408
325 891
107 3523
264 2272
50 2134
196 3264
259 465
213 4766
139 2940
62 3361
222 4107
1 2383
64 2064
280 3214
323 4234
229 990
108 3224
74 466
313 4942
263 3945
123 3480
203 616
54 3067
2 1671
166 3131
112 4492
274 12
240 4535
47 1883
239 4916
255 3019
235 4896
291 760
153 932
45 1908
245 3571
114 2120
233 675
178 3913
123 766
249 410
317 110
83 1373
312 674
322 3177
191 100
294 4433
119 4515
248 2637
24 2291
255 441
165 2313
32 2318
33 122
209 1814
19 2093
279 4199
320 2038
324 20
251 2562
281 856
32 3908
264 4760
178 3585
60 3864
105 1142
6 1194
271 2390
107 4379
178 1695
189 2269
214 4395
6 1507
51 475
275 2258
314 4817
65 4982
122 59
277 1194
116 3434
306 2513
66 1494
196 530
254 926
28 4203
213 4415
82 1146
96 3535
41 2811
30 876
319 1333
56 763
80 1014
100 694
69 4950
13 3705
190 2487
77 219
23 1609
196 284
286 1028
219 791
29 253
127 4533
62 2237
138 3876
329 3855
74 3299
172 4064
159 488
107 4177
314 3134
245 1561
314 3904
80 3616
312 1788
207 1807
107 2371
340 114
18 330
171 4315
112 158
343 2910
275 434
187 4195
91 3100
5 3199
282 4576
245 288
95 62
72 2329
143 1337
224 4492
338 1532
194 2719
343 2822
310 4812
78 2001
278 218
34 2582
5 1343
96 3061
143 552
245 4913
8 315
292 3614
92 2415
141 1346
346 1003
22 4208
142 2365
217 2359
315 234
90 325
229 1327
321 827
350 861
262 2185
312 2659
189 3959
308 294
248 4361
294 3787
261 2297
241 3937
209 4156
345 239
295 2202
247 3942
186 3942
26 4251
54 938
182 2692
260 3190
116 2677
189 3999
210 4228
283 4508
93 4511
259 3452
4 1704
326 890
344 4397
47 1213
286 2841
173 895
8 758
70 3342
256 3436
108 2502
204 836
333 3915
152 3530
98 4752
302 3656
254 487
319 2061
110 2021
35 657
299 4811
330 1726
97 4051
215 1617
179 1152
146 3592
69 992
18 37
44 1305
217 4548
14 3644
149 4235
105 4477
266 3401
94 4425
190 2216
281 3732
272 2987
283 2399
223 1071
5 4527
276 1835
123 4747
200 4281
278 1081
57 2468
197 203
91 3316
71 1534
159 1984
60 104
317 2332
243 1093
139 4563
195 2588
286 1989
18 3071
208 624
130 1511
256 2175
164 2518
310 1819
254 1118
72 4226
63 2094
180 2212
50 841
314 2908
208 2016
216 4373
46 365
257 358
316 493
118 3620
322 1511
292 4969
24 4531
15 3817
340 4061
97 1982
269 1919
55 4822
260 353
7 3406
332 4308
234 3174
25 554
63 2487
89 3230
164 4767
81 746
7 914
90 3048
261 3375
157 554
185 4214
303 4440
124 4405
110 4858
139 2057
86 2303
63 1616
324 4123
203 1944
15 4392
70 4434
55 1209
114 522
214 4263
312 589
325 4451
213 858
237 2238
67 4775
229 898
158 3361
15 1665
145 3890
83 1617
171 4633
296 535
15 756
254 2672
347 4822
193 1413
18 4988
44 3947
119 193
194 501
328 3485
37 1925
280 1612
194 3933
250 3679
233 3199
99 2863
268 2963
153 4772
93 1757
286 361
45 4120
12 3496
92 2888
108 137
84 2018
15 3844
176 4652
251 3764
268 3687
253 2112
319 3539
213 3459
71 3562
296 1448
132 1874
20 4575
6 1325
298 2572
207 1129
319 3158
229 4193
292 2989
33 1126
13 1542
27 1658
63 2639
325 1488
139 342
97 3214
125 3098
54 2971
268 4997
136 306
305 1806
34 12
272 197
142 2034
213 4705
315 677
273 1157
89 1482
346 2391
201 2295
272 4739
175 538
267 3471
178 2863
276 815
4 627
294 3589
166 4780
94 4126
147 4126
191 736
167 2557
208 3242
52 2922
241 2097
310 4021
149 1126
166 1526
85 3682
265 1138
233 4059
225 4897
149 503
259 3265
60 194
226 880
109 3897
76 2158
184 819
274 4972
193 4760
189 4423
276 3136
72 1363
201 4100
309 619
169 1134
66 3600
297 2418
288 3867
27 4726
306 120
168 2458
145 4090
322 4909
44 4363
213 931
69 765
17 4237
105 3188
39 2512
217 1411
227 3800
7 82
346 4028
240 4869
314 1658
150 3691
203 340
196 943
213 2481
142 1675
130 4926
83 2307
108 1996
5 1727
325 4317
208 2159
288 4645
24 4150
290 3923
80 1410
15 3644
111 3956
276 2834
131 4438
3 2497
