896 896
7 3280
273 2329
298 3156
244 4090
116 2127
231 2054
7 3162
167 1385
299 2427
157 2379
342 3140
430 1092
84 3076
366 2563
333 2824
383 1182
411 4889
278 4207
421 1626
102 733
342 410
287 1217
183 1840
97 3557
303 610
270 4699
207 2942
129 671
276 2074
200 934
60 1251
197 3650
29 2433
78 1227
288 1640
15 892
295 4862
369 2416
278 815
205 4856
274 656
50 4681
323 2604
69 526
339 4699
347 2755
400 2330
311 2011
37 3979
265 2888
340 4594
21 2683
128 1886
68 523
446 2880
127 2207
116 4299
206 3483
391 4994
235 3394
31 4804
292 3263
351 3412
212 4608
343 3706
96 3060
81 2378
258 2891
378 940
237 4833
293 2067
310 1729
69 3148
410 4194
334 4594
178 3293
391 2654
109 2820
158 1383
297 4006
257 3676
306 1653
58 4309
129 740
33 3029
33 2111
159 1577
343 2719
214 3861
245 3632
185 618
313 3272
208 2453
316 4499
211 802
199 4518
37 3410
441 3585
141 4700
84 2614
316 1068
63 2709
24 3429
97 1383
75 2077
354 95
269 3796
207 3575
130 386
10 1019
374 171
171 3705
352 360
383 3139
390 3477
317 2846
176 2077
317 1905
55 2821
229 828
445 4284
67 1003
38 4358
426 4807
47 4146
258 1432
392 63
94 2221
362 1731
439 4071
439 3670
62 1026
311 132
8 3785
36 376
413 2293
324 4640
4 890
109 4160
355 549
393 3584
74 4267
136 4353
14 264
324 124
44 1714
430 1288
62 907
418 1064
377 1633
437 4043
435 401
81 3898
430 2688
405 4011
215 2942
20 1906
65 4034
199 724
225 4490
429 908
311 819
134 3637
274 1016
193 1642
37 1173
90 443
117 3622
235 4294
142 4012
292 4530
331 1725
385 3984
70 3806
302 608
127 4875
55 2767
208 4554
398 723
239 763
446 696
9 2308
118 4999
357 1045
246 2952
199 3722
321 4190
253 2000
323 259
62 2935
239 3999
245 3478
408 33
368 4103
317 2789
203 2330
166 863
218 2597
8 780
303 1250
223 2854
368 441
29 1272
355 767
229 153
36 4257
14 4956
266 238
312 3842
404 102
263 4003
372 2014
428 2463
374 1869
193 4734
111 500
307 1549
42 4944
183 1317
415 1540
437 786
347 4832
287 4257
11 1707
281 3427
286 3204
90 1270
8 2979
207 1624
257 2714
445 2508
74 1026
96 2598
209 4837
405 1079
349 4350
150 3457
323 292
433 2600
307 1824
115 3441
83 3619
390 3017
255 1113
372 1786
302 4764
278 606
219 868
75 2793
133 2709
377 2535
101 563
444 313
177 4573
166 2958
236 1011
39 4474
190 4020
377 4074
128 2241
49 260
403 1822
342 3091
116 1237
226 2914
332 4491
371 1733
394 2056
330 2787
191 2388
32 4537
84 4201
223 3435
4 4170
378 358
63 904
358 4846
260 2817
265 531
376 1062
189 3794
11 669
178 1117
275 2184
385 1764
173 814
302 4821
119 4302
423 4301
60 3391
151 3247
208 4862
421 4991
387 1421
280 3301
403 3500
202 4393
59 3567
428 3646
176 2692
371 1101
365 89
28 2592
210 3518
351 2282
250 2396
109 1957
338 2657
397 4978
13 1091
17 3187
367 435
85 3182
352 4721
76 1541
307 2613
138 1738
86 845
34 2612
250 2581
100 2315
255 574
431 3484
289 3979
231 4065
26 2643
138 1568
438 1046
296 2450
118 1293
50 4685
68 1045
198 2546
412 4573
336 2467
210 2671
95 3615
340 2586
48 1829
222 406
27 790
221 465
422 4320
384 1918
241 4759
373 4299
206 125
31 2020
391 3885
353 208
89 2388
401 4959
71 3282
195 594
63 4427
58 2898
66 4882
417 4065
244 305
322 4848
27 4985
421 1714
156 3702
404 1829
424 2293
339 4383
96 2989
286 3069
208 1738
298 2650
310 2547
288 3368
87 2164
300 2444
332 2682
427 2834
181 1074
187 2227
427 2276
266 2876
435 2811
59 2931
436 2419
202 1860
366 803
82 2678
262 1763
427 2793
145 565
84 1543
113 463
5 644
27 2310
446 1296
169 3634
123 3721
148 4266
251 2260
392 1089
135 3352
70 4235
300 3343
372 4918
259 2760
231 4541
148 878
115 1783
284 4552
122 3944
110 4276
228 4327
444 2185
278 85
259 2521
190 85
22 1375
221 767
168 4031
272 4729
327 1539
169 4359
128 3824
447 999
39 2349
163 4347
273 3042
145 1709
303 4927
14 3100
216 2225
417 212
359 4683
106 4367
239 3359
203 4790
223 1298
413 285
379 3123
156 3464
100 4054
410 334
262 1831
401 252
420 955
49 950
135 1017
208 1642
298 2931
240 4601
60 33
245 3718
425 4943
119 3119
16 3662
244 3069
386 3910
391 3045
412 440
255 1437
196 461
228 4829
191 273
439 2368
239 4323
4 2563
116 319
178 1129
327 4989
243 4037
324 4085
248 3421
301 2379
406 1145
239 4524
197 426
423 1211
153 2609
141 3927
335 952
431 2764
382 4207
398 1742
189 2627
289 2086
324 4802
351 1976
366 3427
156 3150
111 4628
402 1251
358 4192
398 2426
131 2366
339 480
280 826
213 3648
257 4240
115 3710
161 2744
395 4702
338 3221
359 1534
267 2054
276 1026
368 1992
315 4791
382 1341
342 1028
55 3045
184 209
172 868
136 1992
144 800
100 2224
74 4199
46 3396
290 1861
446 4614
203 1159
55 3445
34 208
189 692
147 38
42 4833
262 3851
46 4075
146 4122
393 2041
258 2399
110 3662
171 2874
123 4887
44 169
85 195
380 3107
128 3611
112 4540
268 2345
400 4935
330 1320
445 874
46 690
214 959
175 270
349 4334
83 4127
58 3917
280 528
343 888
90 2931
15 1348
316 1016
285 363
179 1129
246 2258
223 3367
37 671
110 2306
417 4231
324 2807
110 3358
289 2655
259 969
417 2886
124 1704
66 4492
309 757
93 2052
433 1346
96 1968
309 267
196 3882
2 2370
80 3521
274 2126
16 3341
156 2612
148 3781
8 2932
32 885
152 453
260 169
217 3646
344 1969
385 1695
161 740
425 1566
215 1272
438 421
258 1397
335 4202
198 3053
131 1286
280 893
383 3190
226 116
16 2537
403 2050
58 129
36 229
426 3944
36 16
113 202
23 4350
55 2198
103 267
317 2263
133 4835
362 2519
199 1478
222 1713
321 4705
15 1756
187 2837
242 1118
382 2423
415 108
45 1912
349 4598
359 592
343 2328
429 4378
342 4222
339 4840
216 2522
174 3879
392 767
411 2285
113 1306
139 493
50 396
26 1471
290 3935
243 7
51 836
170 1566
300 1987
296 241
385 139
324 1554
241 1131
372 2966
219 2792
155 2650
118 4521
132 1072
109 2211
421 353
443 369
372 1795
154 2940
315 4658
237 2244
325 1102
283 1360
17 438
312 4806
273 4506
426 2054
380 3906
395 1645
423 16
221 575
313 3742
86 4924
433 1865
151 3401
303 1958
99 2825
204 849
159 2395
5 3723
400 3100
152 3033
442 2259
38 2627
119 2881
371 4494
195 313
359 1671
106 2850
77 4032
74 2324
195 1380
43 3526
91 4767
104 322
234 1963
337 674
121 4909
69 4375
105 834
92 2235
388 3614
272 3231
221 1197
111 1294
6 4529
278 2544
370 4758
121 168
174 3370
137 1154
108 4570
235 1255
331 4421
62 540
237 3587
277 4996
445 1635
182 4769
137 3170
70 4756
334 2120
279 2173
445 4998
402 2257
354 2295
195 4163
218 1189
377 3488
427 4615
419 523
390 3955
260 2041
405 4475
181 3842
254 790
274 3287
431 4176
93 1782
243 4638
170 2109
178 3837
345 410
136 2325
20 554
395 4969
352 3304
47 941
205 3605
387 4329
255 4218
118 559
281 2068
308 4046
136 2978
71 2230
9 4704
245 2232
101 4061
270 2969
11 2808
31 3183
214 3229
346 4505
64 4258
438 4481
330 3254
273 367
326 374
292 4142
304 1918
234 3841
304 1446
313 4506
131 2135
447 1126
226 2464
407 4899
233 2826
351 1232
310 4563
142 4508
413 4267
317 3454
56 545
351 1479
391 3420
22 170
152 3760
31 4514
412 393
243 3371
82 818
24 4787
144 4412
314 4866
189 411
81 1552
322 2230
11 2203
131 2686
120 2204
328 2290
426 1550
322 1316
293 141
242 330
256 3434
307 2010
245 1944
71 2347
121 4810
228 1798
426 145
225 3749
208 3466
13 4851
407 4134
399 3408
230 3963
164 1756
38 4984
124 4671
233 1237
16 62
74 2430
288 1099
162 1677
33 4188
352 4627
210 507
413 1570
260 2414
219 586
70 862
423 225
343 40
298 2502
342 2860
15 2888
169 3666
302 3264
130 3815
239 2334
247 3650
142 2400
22 435
368 2451
122 2996
169 4107
268 3138
42 939
295 2865
222 4876
299 2266
396 2689
240 1015
415 3078
354 2299
344 1830
206 960
149 4986
202 3744
181 2890
207 3798
446 3287
316 4276
180 3097
396 4504
421 4986
116 604
423 1853
172 1256
141 3147
200 1965
339 728
43 3640
6 3427
311 4727
120 2019
217 2380
331 4498
41 2645
293 3070
163 1108
346 3045
14 4735
132 1459
5 4534
96 3757
252 1343
400 2573
312 2238
270 683
311 4891
229 4738
251 2800
297 1614
2 254
312 4692
161 695
142 4420
333 2214
145 2129
