116 116
2 936
57 189
54 3972
11 2636
11 3198
43 3288
25 1992
31 3576
57 2942
39 3484
10 1726
34 4730
7 3808
18 1734
22 2596
2 1480
55 1189
43 2540
1 2484
49 4130
3 1824
55 980
1 4130
44 3074
46 2841
5 3346
44 1747
53 3773
27 3945
55 4261
18 337
2 526
31 2729
9 412
55 343
36 149
52 3083
29 4015
35 4140
53 514
43 4924
28 1883
15 3648
23 1921
40 2277
46 360
13 4404
45 4612
51 4937
15 135
26 361
14 319
35 3843
45 1029
34 3252
39 937
31 1461
31 1207
6 2266
1 258
26 2439
40 1867
42 1657
57 4294
38 738
16 1783
40 563
24 470
9 2371
37 1258
34 4003
33 2231
7 3736
5 1649
6 2581
6 2199
15 2672
2 2316
25 4921
20 4200
12 1147
57 1683
41 1629
5 1877
8 873
36 4069
17 3490
44 3794
21 4104
34 448
12 4945
33 102
19 4446
57 2237
17 290
39 3700
36 4851
49 2907
39 4650
36 803
3 1881
55 4265
27 882
52 1833
28 4482
48 1278
24 3935
15 3809
31 4587
23 3971
37 3318
31 4855
41 688
37 3428
6 4303
51 2550
