638 638
140 615
270 2213
292 3510
42 4686
276 1465
92 1572
175 2339
18 3268
289 6
250 2209
67 2688
16 4463
155 403
289 2944
38 2789
236 2699
244 857
307 3613
218 2380
111 4020
94 3821
85 4538
113 1523
89 4310
312 1550
99 52
271 312
179 2480
288 1925
199 3563
184 1240
260 88
244 182
225 2312
105 2966
158 4459
16 35
50 4442
210 1080
145 2592
218 1466
39 674
226 4495
110 2169
112 980
147 1995
249 533
119 1392
58 4776
282 4897
156 4079
53 4698
92 4120
63 963
90 3491
72 1670
87 279
232 1458
19 3768
81 4596
271 4956
168 3824
23 220
285 1563
37 3651
228 2688
143 3448
243 1215
7 4731
78 3311
160 2563
137 4238
305 390
227 1263
228 606
65 4926
172 2384
163 4146
32 2685
205 798
97 1625
176 2057
184 697
259 4405
215 159
243 4707
9 3364
106 1517
226 2207
294 1838
109 1678
205 4729
79 840
53 2887
107 3239
279 3451
212 602
107 1236
173 2439
83 357
40 2938
269 4160
120 467
243 3405
159 4780
192 272
187 3237
16 3318
215 4042
200 1596
1 4459
192 4687
171 2664
66 4685
250 1095
112 2378
18 1433
151 2060
238 4428
102 1257
239 3699
57 1097
219 1568
59 4503
296 2940
10 4733
310 3325
92 583
95 4692
89 2421
69 2732
312 4651
13 606
293 1045
92 3239
111 1924
197 4617
145 1760
256 1000
36 972
123 2971
136 4712
142 3224
316 2363
311 366
155 2650
292 1366
149 912
82 344
102 262
276 143
303 139
34 4350
96 3110
132 1653
206 3415
265 1113
198 1165
143 2158
96 2529
152 1659
38 789
70 2625
315 3435
210 3786
74 2740
60 2927
189 3181
262 3690
97 1814
227 881
295 797
9 1847
210 729
91 2263
244 3563
136 233
267 4396
4 3770
164 1354
154 3653
70 2247
101 3020
35 404
288 3375
208 2634
255 4990
192 416
152 3159
260 2726
188 1825
294 1846
94 2448
140 4096
226 1983
204 3178
252 1247
162 2172
250 1537
235 1776
95 1885
223 3975
143 4183
308 3695
144 890
211 310
65 2450
68 3432
148 2934
101 4060
22 152
228 2531
276 3497
156 613
42 1909
64 1210
116 2865
203 3211
298 4487
275 3360
115 2510
217 4815
181 2309
171 3866
65 4496
213 3507
274 930
148 2112
306 3683
106 379
49 4534
221 215
318 2788
280 3872
25 2617
10 3770
208 3237
177 4271
164 71
236 771
267 1327
278 3692
136 3466
219 611
282 1479
183 3160
260 1385
114 1463
143 2555
114 3765
176 2581
266 4787
156 4747
258 2361
62 505
205 1598
183 1084
140 122
211 4628
115 376
296 1370
158 2219
255 4222
246 2705
314 906
148 179
130 4435
173 2265
72 2592
225 3104
65 2465
76 2264
50 1898
4 4369
187 90
210 4745
265 1752
24 83
102 2421
108 4518
199 715
134 3098
230 575
169 3789
298 191
255 3404
98 502
196 742
256 445
15 887
265 18
83 3388
56 350
156 2459
72 1476
297 3386
244 84
316 3257
87 720
118 64
176 1166
85 3060
229 4253
142 3175
266 164
96 291
228 2836
60 4393
34 3485
196 2833
46 3598
312 4059
261 859
126 2309
125 1608
171 2703
252 2182
299 1963
284 4428
3 3654
271 1014
286 4439
302 1009
30 388
300 4004
216 3431
307 1423
189 1070
286 1876
204 2989
197 3258
203 3761
261 4857
74 4881
286 2360
13 2745
236 1382
184 538
167 156
8 3400
46 2950
120 4099
179 3671
168 632
275 4845
43 4445
251 281
24 1969
205 1914
217 4034
10 3303
42 1521
241 767
208 3205
134 4326
40 341
187 4003
130 1536
51 1335
81 2086
97 3478
150 201
93 2447
291 226
172 290
185 3276
134 2346
295 3445
163 2597
1 3355
7 833
66 304
287 99
23 2369
14 832
106 1267
115 1061
303 2840
58 4523
303 2223
184 866
264 73
1 3970
112 3780
299 2381
305 2127
233 2669
99 1536
220 4565
65 4339
34 4658
253 2906
265 3519
64 46
81 1769
261 4083
59 1031
76 4586
184 1
76 2235
16 3437
93 4851
60 4765
45 1932
39 3137
268 3970
317 879
119 2717
286 2118
197 512
140 1490
283 1860
167 4918
57 1456
179 1722
162 3247
229 2750
106 3914
251 3107
297 3827
312 3679
106 3699
258 2182
301 2925
137 3836
309 4424
240 1910
129 1540
176 2712
217 1930
45 1837
194 722
26 3830
190 333
6 3262
312 1377
90 2132
105 1696
203 3029
290 1937
31 1524
243 1217
289 931
252 2212
135 2344
233 1431
204 4806
108 1953
76 492
173 262
64 2359
308 682
174 4285
232 1443
242 2691
39 113
95 2300
291 155
183 1123
139 879
162 4730
120 3676
169 1945
162 4345
279 3871
123 4124
181 1772
60 1853
200 4711
253 1134
276 4311
141 607
55 1418
274 1006
197 1515
314 1257
193 1971
75 1391
154 4241
143 1319
85 2707
84 2469
159 107
87 598
47 318
75 1240
41 1119
238 4919
72 3932
303 344
198 4067
200 3978
305 3774
215 320
176 4636
97 2209
149 961
227 1714
164 3748
140 2095
249 1815
125 1644
16 409
212 4939
105 3661
88 2827
306 4291
294 2502
143 4509
296 840
201 4149
64 1034
294 4099
11 2863
180 3666
81 1199
26 1012
261 2790
4 3862
186 549
194 1920
94 4976
297 762
86 2289
47 3720
164 326
73 981
87 1189
116 1444
241 3346
258 163
180 971
66 4675
165 3317
294 2600
65 2524
268 4405
122 2334
103 4257
163 2267
118 3074
145 1115
44 3854
123 1875
74 2880
61 1371
126 3828
186 4860
286 3006
257 551
105 4444
117 1078
57 3322
298 3683
226 2330
115 4499
130 2052
288 2656
188 593
227 1769
179 1457
10 3679
7 3328
218 41
267 1344
70 142
139 2316
228 1687
261 3198
32 2861
212 2503
304 3685
49 2808
130 2179
145 3242
246 2425
161 405
298 3916
252 4196
32 962
241 883
192 4304
234 2183
2 3319
282 1803
289 4332
81 4837
282 533
178 3770
73 2536
51 1174
47 1919
239 1425
241 2060
132 4502
302 3901
277 324
175 2950
196 1578
300 714
193 3193
262 1876
272 3791
293 3881
248 3498
5 2976
23 1205
230 1188
225 2979
23 1355
130 2280
236 1260
292 2356
28 2236
306 4281
108 4336
125 4694
60 755
237 149
224 296
283 379
124 3690
272 4222
134 3196
134 2355
289 2587
246 4803
98 2528
242 1380
73 1657
261 3535
254 2263
70 1777
179 3932
247 3325
248 3934
61 4262
237 4455
