157 157
55 2479
19 2272
63 2731
11 1424
65 1262
59 327
18 3905
31 801
2 3898
70 1424
53 3545
17 4393
3 3092
47 2124
58 1216
35 4624
35 3084
14 4720
14 784
3 2765
1 2088
27 4040
34 2148
46 425
54 598
24 3176
45 4667
62 4463
16 1168
58 2718
48 1767
59 4961
75 3524
2 898
67 4395
43 1541
57 645
46 2953
46 4853
67 1307
9 3243
46 3669
67 1749
45 1616
32 799
16 3706
33 372
41 509
17 1584
2 2853
65 2117
68 381
39 231
4 3233
16 3938
4 825
56 501
42 2302
44 1343
51 527
16 1100
18 4417
38 2209
78 3542
31 2280
54 4163
27 2552
23 3745
17 4868
74 3153
75 943
55 2529
51 825
44 1095
49 2985
49 1279
28 2210
75 1049
56 3380
21 1962
13 1430
25 2744
48 315
6 2934
21 2036
19 3443
5 2827
70 4579
16 570
47 81
4 3670
38 412
54 3540
60 3651
60 1010
42 1633
14 1883
9 2509
18 3986
59 1156
20 1085
55 792
62 4525
70 3264
1 107
66 1183
1 3424
58 4358
5 4046
49 920
28 176
16 4003
5 3111
70 3163
2 4294
54 2364
10 4780
62 4566
20 1227
18 1214
19 1806
6 1593
10 3967
51 2379
25 1475
15 241
11 4013
61 4766
8 1920
12 3448
75 3283
32 1398
24 651
22 2981
62 3939
71 688
42 4149
37 2401
77 121
66 3452
74 4949
56 3653
62 3228
25 2069
24 4798
72 4602
3 317
30 3630
50 3011
71 2047
15 182
44 4763
5 339
45 3364
60 4449
76 3122
29 4478
