171 171
28 3620
1 151
54 3458
4 4701
32 1417
6 904
55 1833
27 543
73 178
75 3660
26 517
56 3088
51 1905
75 1297
61 3273
39 277
66 3408
43 838
59 4385
83 4271
25 1895
42 3775
59 3293
38 2060
41 1050
54 2817
49 1961
25 1763
17 3454
32 4406
79 1161
11 461
62 4376
48 2602
72 2329
50 751
37 559
33 2456
23 1806
81 1584
56 1133
63 4526
35 2884
3 2823
62 2042
38 4389
5 3080
35 2568
30 2123
25 3609
44 426
83 4566
68 625
34 4299
42 469
70 3302
69 4360
82 1009
8 436
77 2811
49 2601
64 1032
37 1645
5 3711
19 2569
61 185
70 1434
56 2743
43 167
30 1271
23 847
48 499
29 3631
15 444
78 1432
69 4168
2 2380
62 2382
43 1110
8 3003
76 1650
67 2489
69 3882
7 4480
16 3977
29 4259
25 1323
82 2324
51 4560
76 901
31 3939
46 164
8 1769
53 2735
23 555
44 4635
37 17
14 1896
9 884
19 4612
35 192
40 1977
72 4540
48 4842
70 1627
10 1219
27 4168
57 4170
17 2899
23 888
31 243
23 2484
34 2251
69 4037
56 4152
82 3468
15 3660
45 1641
66 3265
39 2169
75 1287
22 108
53 3017
67 2073
81 4446
82 2797
73 3423
34 2712
45 3786
65 156
29 1140
45 3843
52 1393
76 3564
6 1920
11 853
7 4052
7 2070
78 533
33 4091
3 2682
77 2733
77 2957
28 2583
40 369
27 1093
23 813
27 1274
40 3461
17 1203
8 2397
35 3286
55 2045
11 4125
3 1464
37 3362
25 1150
51 2180
1 2386
15 3630
79 3920
60 2097
2 1357
35 4091
12 4746
19 4432
63 27
61 626
37 4848
48 1292
79 891
