266 266
61 573
87 1244
111 4193
72 3881
130 913
98 1306
78 820
50 4633
50 3689
87 3499
127 1791
95 4390
112 1124
116 3938
23 2258
117 3648
14 4759
50 4846
20 4774
72 288
48 4036
39 3143
124 1037
35 2533
21 3195
92 982
18 4671
14 3869
24 677
29 4994
125 236
9 3953
132 2817
60 1694
37 1353
107 4613
90 805
108 415
4 1393
32 416
32 771
80 528
61 2174
5 1503
1 4644
38 3436
130 1224
126 3920
68 1331
74 4834
38 4618
126 2783
75 836
82 679
128 965
112 3004
98 852
75 205
27 3567
88 1352
4 2967
125 4005
106 2864
68 2735
37 3781
116 1493
70 1147
37 3276
117 2226
122 1476
119 109
108 3407
62 3859
97 4569
22 4906
20 2796
102 2021
44 1547
9 3427
16 287
76 1543
14 1009
99 79
30 928
14 2877
100 3707
19 1355
46 148
104 2836
51 1381
109 1154
12 1551
19 1043
45 4731
47 3634
61 4488
102 1396
38 3926
116 951
32 4294
14 4323
9 4170
56 2490
38 3026
56 371
105 4544
91 889
32 4740
87 3809
41 4983
14 3441
123 4481
89 730
26 2189
24 2904
77 2105
17 4413
2 3892
11 3410
9 1652
20 961
13 3288
44 1177
44 4179
13 2523
46 3857
36 3836
76 1189
40 503
18 1296
11 151
31 1760
8 3072
106 2269
87 3923
63 191
54 1938
101 3022
92 4692
68 4555
41 3064
35 4839
40 1222
87 2060
83 2306
47 3955
43 4486
39 582
118 55
91 1035
37 700
70 4215
78 4337
11 671
76 2938
113 4277
95 997
130 1741
41 3835
22 1358
115 3672
16 683
46 3325
61 676
17 4611
57 4274
87 326
13 3933
17 886
15 111
57 4532
113 4218
96 1983
108 2642
38 713
31 2078
8 3741
21 71
94 3133
64 1046
112 3346
120 3922
124 1743
20 4722
74 916
38 3637
76 200
114 1496
120 4292
69 2288
28 2458
64 3542
33 3762
27 905
81 1601
66 4981
120 238
66 2380
56 3882
132 4593
106 4728
87 1735
121 4560
17 2775
101 1466
100 1055
47 1233
86 1785
123 4298
115 326
30 221
54 1115
116 2722
18 979
42 2033
85 4425
131 2624
8 4273
118 237
110 820
119 4441
123 968
87 2971
3 984
47 3710
50 436
65 2480
63 4066
102 2400
78 437
88 4092
14 4568
99 55
84 3620
72 3856
91 2818
16 1530
119 4747
122 2722
100 4462
92 2984
3 4527
50 624
18 1549
121 1890
84 319
28 1918
116 1776
43 3794
52 1239
71 4294
8 3775
90 2788
110 1104
103 2243
10 4180
5 1351
126 3579
69 3634
109 881
28 116
25 910
36 1548
34 340
4 2685
91 3993
