601 601
130 4910
192 3718
201 4248
129 3993
273 4891
6 2985
224 2592
169 4453
14 960
272 3626
241 668
145 283
13 3290
25 2269
84 191
89 4406
149 2184
140 3582
164 4926
159 2688
35 1923
69 1505
188 4855
120 4438
3 4877
37 799
77 3295
195 4413
258 2703
21 2773
83 3954
44 4356
220 4052
144 4007
187 1639
269 2637
79 326
238 2035
177 3326
66 4937
22 3289
69 181
205 4551
113 3665
260 4549
275 3166
148 1284
122 1550
82 1038
101 4822
26 4492
52 2421
214 3588
133 4920
127 3839
37 4104
29 4160
61 4511
56 2299
11 1213
60 15
252 1543
246 658
129 4027
20 3568
52 845
148 3431
79 1217
195 3608
182 4775
165 4276
135 4735
95 1624
286 3516
220 1609
174 2699
278 518
117 676
136 1694
112 2318
86 3415
243 4455
125 3702
161 3819
203 4979
198 2518
184 2212
172 3494
244 2234
117 1265
121 1732
20 4568
32 4663
140 504
245 4233
284 2638
205 4778
127 4629
6 1801
123 3918
271 990
21 1066
43 2718
57 2474
85 4960
279 3631
214 486
24 3468
68 375
227 271
116 4469
216 3467
281 1493
205 2583
146 667
203 2165
74 603
288 4089
207 2067
214 2509
1 463
176 302
216 2187
191 1991
214 1626
165 932
98 2351
149 158
20 4162
282 967
57 742
200 1215
234 2543
88 4945
102 1890
173 4491
113 142
172 2182
182 2171
79 1136
7 3906
7 1433
243 3882
275 109
144 4865
69 505
18 1333
290 378
209 4238
286 4449
51 3954
79 4090
203 1593
135 4983
106 892
160 736
200 3791
183 1621
66 4587
58 3400
236 1137
188 195
31 4708
173 4863
72 115
186 2154
241 80
194 775
140 479
235 3258
182 269
253 4136
195 3578
163 4421
298 4174
208 2676
214 2047
26 1059
194 2293
6 834
199 3208
132 602
70 872
264 4200
221 2379
293 1588
257 1049
149 1382
111 3101
255 2805
212 3408
293 4863
231 2073
220 1705
48 4069
298 812
9 1397
115 2565
18 462
187 3252
26 2030
185 1096
242 3202
7 4740
186 3243
181 3093
177 4604
238 2283
124 3684
17 4422
56 2833
264 972
224 781
257 1452
233 851
2 1205
228 914
298 3889
111 119
238 2744
157 1270
2 2660
292 979
46 694
36 787
208 4952
132 1448
75 1407
128 297
280 542
287 4534
43 1147
21 4922
116 4570
47 4795
76 2361
141 3971
64 1342
44 4146
149 3252
134 180
37 4223
247 4269
146 3807
58 2704
238 1726
157 2540
37 3346
151 587
166 2021
122 4329
226 2292
93 2753
90 782
168 285
224 1110
174 3158
185 4486
105 4291
133 1897
148 3186
52 2633
191 404
281 46
181 3790
114 2097
253 4949
46 138
213 4027
153 4271
45 1537
249 374
199 3393
180 3737
66 1614
101 4508
28 3135
12 4662
180 2248
248 4255
207 1040
266 3108
52 2717
268 1393
130 4550
278 3395
19 4558
207 261
138 4014
220 3884
167 1395
19 3511
100 3080
63 3594
156 1974
63 306
263 4944
35 4837
253 895
240 3838
199 4596
118 2160
69 2434
130 879
172 4062
20 2009
111 3998
159 32
168 4070
257 4681
98 4471
161 2177
273 229
238 3257
249 4716
219 1204
156 908
31 3620
283 4434
10 1655
16 3624
174 2705
196 1134
172 2731
234 2744
98 4672
268 4713
245 3135
15 2636
61 1720
236 3325
172 4190
216 2006
106 1954
221 1798
102 1862
261 1999
124 2789
144 1733
270 2245
89 1041
204 364
11 2278
138 1332
296 2682
198 3334
296 983
296 2543
249 3740
230 4972
77 2403
217 4615
202 417
130 3617
1 1543
161 143
157 1618
171 2344
34 3994
268 1589
190 2536
47 4510
122 3672
276 1478
37 2769
251 1571
75 1063
163 2796
292 4686
49 1913
268 3831
109 4740
221 85
139 3450
238 895
140 2680
30 3853
107 4868
167 3889
19 3918
56 252
11 4592
115 3920
63 3144
252 2820
199 1340
235 1957
245 677
287 1089
63 268
272 3348
220 4095
209 3276
136 336
282 4103
75 2266
98 266
151 3559
144 324
162 2086
88 4371
73 2523
58 996
116 592
291 1001
61 1684
52 106
86 4183
116 1489
104 4905
219 2459
226 820
81 702
103 1722
170 1698
16 3873
243 3873
190 3671
44 2032
18 1980
23 4221
5 731
83 1473
116 3793
87 2740
256 4768
291 3555
46 3078
79 4221
298 961
280 431
250 1319
75 134
196 3848
216 4462
126 2719
276 1152
144 4284
94 1467
222 292
77 2105
66 1077
235 3393
230 814
139 4967
188 2425
100 3547
92 513
84 2285
237 3171
260 201
280 2753
70 4402
229 2789
277 1625
100 3458
88 2341
93 4045
57 4830
211 23
91 2817
258 2718
286 1644
129 2226
267 2538
202 3844
91 1308
119 4992
235 342
186 4474
9 3555
54 2002
64 424
260 4244
165 1352
72 4637
223 3811
172 4726
278 1566
53 518
265 4405
175 432
119 2133
173 813
70 427
280 4072
205 2730
194 3327
297 3480
144 4867
202 1842
232 1421
69 4418
102 2311
195 1841
225 1677
22 1460
215 2998
167 3918
165 3161
155 994
53 4857
176 4524
9 1974
190 125
275 4907
40 3434
44 1718
104 67
36 2207
39 1130
217 2639
258 3092
157 4033
240 872
291 3712
253 1804
157 1449
123 2008
265 2098
282 1815
9 3315
146 3498
145 3829
7 1430
275 3344
202 4345
196 3845
132 3305
183 922
217 2048
140 3229
37 1019
219 558
74 4184
125 931
262 4229
63 263
108 2438
85 1634
69 804
26 1232
69 3769
136 1700
75 4336
71 384
266 1557
65 130
66 4973
16 1973
13 3586
227 287
289 257
289 4987
257 3040
154 1698
133 4511
157 2905
258 758
246 948
16 921
285 664
94 661
186 4979
299 1346
54 2680
196 3707
294 1142
93 3074
253 452
262 4763
31 2822
159 3435
100 3599
33 275
189 732
134 477
261 1364
278 2351
292 4146
48 2331
33 3945
56 2115
154 1849
179 3631
4 4434
199 4707
101 427
92 4015
83 3493
215 1206
136 1567
54 2490
243 2852
42 483
221 474
61 269
295 2754
57 179
257 1129
7 1565
