473 473
139 1989
84 4915
136 2282
167 3790
15 2335
53 2379
2 1942
163 2481
112 4400
53 4050
44 2832
233 542
221 4695
46 2862
10 3713
20 2393
108 3614
69 3394
31 2025
57 2274
131 2208
63 2801
106 590
6 3391
16 1280
189 4498
49 3136
205 1035
149 453
28 4327
104 916
169 2350
145 1962
104 1689
156 3530
53 3599
197 2237
126 2598
4 2147
16 3235
228 4998
94 3208
1 261
160 1754
70 4128
236 2069
35 3289
152 3219
36 345
225 4477
177 4657
57 1099
171 322
207 4825
178 535
2 1797
132 3210
21 3119
142 3274
120 2254
78 1981
218 3786
116 2768
20 1595
213 1247
134 1016
162 4465
188 2660
51 2263
15 4992
194 3035
212 1312
136 1216
81 4497
127 2910
224 4655
48 9
139 1703
187 816
156 333
57 2564
16 4493
41 2386
54 487
13 1940
38 1243
78 1543
142 2246
19 1110
219 454
114 4572
146 119
200 2928
95 2524
102 4169
202 406
8 4579
113 1059
115 1995
57 4827
82 1047
21 728
131 2667
156 764
177 3661
137 4817
130 3551
67 2355
197 3491
40 3412
92 1102
79 2569
109 808
16 2686
228 3709
119 1348
33 2981
144 779
156 2009
113 3875
95 626
188 4829
7 2230
131 1499
189 4820
86 2829
97 3185
11 1611
37 1788
173 14
70 3655
206 446
216 1683
106 195
93 2899
108 642
128 4229
7 1075
120 4390
213 4058
169 4879
69 2212
4 116
30 1940
36 2772
206 1216
24 1174
208 4473
206 4763
199 1047
209 3751
154 237
58 3598
236 158
15 2185
227 2727
162 4287
2 4227
1 1886
108 1545
17 475
139 4229
193 1618
74 2964
178 1684
230 4578
193 3578
143 4887
31 1033
190 2659
66 2667
204 1950
89 3103
222 363
211 4623
213 1782
159 1885
214 176
154 592
163 3261
216 1137
203 4281
125 3531
141 1174
230 534
37 3130
124 2596
219 1178
13 2151
25 3963
121 3483
175 4234
208 4645
156 3391
193 3432
66 3443
120 1331
54 4609
98 3782
157 2252
159 3693
28 2623
230 4216
71 3414
141 1802
15 3004
154 3229
214 3569
222 3561
223 3442
153 1299
49 1710
185 668
19 2763
30 1473
153 662
32 1133
57 290
65 1612
102 1789
105 4408
45 4239
124 4590
164 823
25 2713
234 4052
19 3070
138 3357
143 3573
235 3352
119 3451
4 1115
134 3986
1 1899
168 4723
202 1609
148 2011
135 1168
71 4389
97 2939
127 4688
22 4806
72 4084
83 1327
25 4523
227 4321
225 2688
141 2829
111 3774
212 4984
15 1108
68 3095
25 3475
101 3442
210 1220
61 2943
170 3617
171 2449
203 2993
206 2057
220 396
169 4331
231 614
24 2918
132 4902
150 1629
181 453
29 2560
60 95
97 1888
42 2836
155 1504
171 17
101 997
149 2443
127 2286
208 1095
216 1888
27 1194
211 3631
34 3231
127 1960
50 1118
68 1341
118 3190
23 288
234 1956
66 4118
22 588
37 4965
188 2667
125 616
232 4176
214 546
75 4662
127 2614
174 2144
148 420
2 327
24 4291
119 2080
206 1221
156 4743
104 2946
171 3708
58 480
107 1719
126 1385
130 3650
33 3380
161 3613
228 859
21 1695
8 4340
218 2201
229 1796
169 1337
41 3196
87 4013
105 4667
191 898
104 4345
165 1628
14 2068
109 1700
35 4369
44 4800
142 3126
212 4936
76 613
170 2111
41 3005
28 2929
125 367
139 1066
59 602
167 4968
31 4648
81 179
25 2304
166 477
78 3361
196 1400
151 146
24 4899
99 289
118 1251
191 290
48 3305
73 4897
107 3038
11 346
40 2635
172 687
200 3614
233 903
10 2920
8 3293
186 4337
34 3403
176 2656
97 4987
108 308
228 4493
221 139
71 1008
66 2017
89 273
135 2557
105 4437
166 85
142 481
39 1853
209 99
74 979
4 4643
77 3132
51 814
228 679
43 1518
75 3870
211 4196
228 1764
203 297
57 3000
233 23
97 1185
6 4351
230 3865
82 2409
112 678
104 3168
59 1429
96 131
195 4684
51 3219
154 140
166 3456
208 2342
78 3472
136 584
27 1347
48 2951
151 1517
141 4663
199 4622
60 3242
53 3533
85 2482
44 4307
170 3892
156 559
146 4780
217 1471
146 1995
6 2526
189 2152
37 3105
83 3301
57 2762
160 2703
21 1342
87 2144
147 459
11 661
193 561
43 4370
226 3495
12 2379
142 4386
236 2172
15 1826
20 673
34 2618
15 2422
35 1914
75 4769
145 1029
110 3101
166 1119
49 3674
223 660
41 3626
90 3084
74 1511
129 1205
225 4672
88 2128
109 242
204 1019
87 2680
215 2737
93 417
2 3280
13 2529
106 1215
179 401
93 4342
84 555
145 4838
1 3762
23 210
110 2400
23 1697
98 1557
110 513
47 3092
97 4341
149 2474
203 331
97 3708
157 2553
202 34
