278 278
72 3770
4 2926
49 790
123 2017
18 4627
115 376
9 3852
77 2044
4 3406
90 2647
15 3757
88 1814
137 656
99 2662
112 2213
137 3632
36 2904
27 4158
12 1452
114 109
130 2745
113 4429
35 2090
38 4968
31 1936
30 393
19 4088
38 3108
21 3122
39 3453
125 1080
42 4339
109 4307
51 415
26 3763
69 2641
23 245
117 3509
123 4397
93 1292
123 4059
126 4235
123 4790
15 2889
96 1901
56 1317
102 3334
33 3194
80 1440
77 3052
26 4499
95 2337
110 3800
66 1286
115 3379
40 4745
63 2833
23 529
52 3675
11 874
125 3832
2 722
114 1879
89 2934
138 2538
13 1283
48 3243
117 3925
59 4407
10 40
68 2355
39 1328
25 3997
73 4666
88 1342
31 3949
9 2040
138 3193
63 2697
47 2710
47 739
130 1822
49 815
29 3258
46 2828
13 854
53 4994
113 1518
96 373
104 1677
42 3167
9 1382
126 3726
63 1697
134 3162
64 67
120 755
8 837
91 2875
12 3533
12 4153
74 417
97 1583
22 4525
87 4164
22 3620
45 3095
92 4188
34 4581
20 199
15 4045
76 258
19 2705
2 3571
101 2269
98 4222
56 3387
138 2923
47 1403
80 990
8 2121
80 1601
131 3868
59 850
102 2776
128 103
107 3189
131 1802
32 2721
13 2258
74 3050
31 3792
86 1735
33 4881
61 755
46 4628
40 960
133 2785
78 780
115 3857
52 1210
118 142
75 287
111 2888
138 2480
129 1543
49 1839
2 785
98 2105
99 166
76 4017
104 140
46 641
71 2504
115 2280
22 3339
25 3286
109 2454
131 4663
138 4827
96 4248
15 4815
109 2060
70 4918
80 750
106 1585
104 1240
126 4664
137 3137
72 2188
117 26
113 2337
51 3124
24 450
58 1407
102 1852
131 1941
45 2755
119 4932
43 3963
121 360
27 4023
71 2195
58 3832
32 3571
23 1162
91 1568
24 575
89 263
111 4811
6 4980
123 443
55 4819
98 4171
100 4138
106 512
28 4397
35 881
4 2240
58 2418
106 2267
66 1572
13 4780
5 1577
61 81
82 647
30 4392
117 4152
26 4796
78 936
10 3968
22 1184
85 3568
20 4513
94 3124
114 753
23 2755
41 4601
121 3835
73 3986
68 2200
95 2157
79 3392
79 2406
12 236
74 4451
100 1610
11 340
48 221
68 2586
79 2076
57 4949
106 2905
16 4874
128 4302
10 2467
101 4953
109 3211
73 581
55 2414
131 3367
25 3216
92 4888
71 4960
68 3770
75 3838
53 4442
6 11
87 4574
72 4015
38 513
101 2691
105 171
9 4479
120 3304
129 1389
25 4809
104 2303
27 4268
126 4000
18 1271
46 2698
122 3389
122 3160
5 4820
114 1605
69 2055
13 2858
39 1121
109 1948
84 1297
136 4287
135 3161
66 3857
93 3195
16 4005
52 2895
95 240
