647 647
137 4646
251 2865
119 949
118 1406
272 2299
51 1274
300 2290
122 3303
294 4818
139 3296
318 459
26 380
130 289
299 2811
123 2267
220 107
216 1553
241 4668
17 1480
297 3747
31 4077
178 2422
101 768
200 1814
308 3572
52 2860
30 2320
87 3328
102 171
315 3280
123 3270
100 4433
284 1802
86 971
304 1150
156 1473
312 4884
311 613
264 1922
115 2191
68 1260
198 929
215 3478
131 564
73 4875
62 3823
57 4467
161 1694
106 3899
203 2258
223 3997
92 4030
307 4538
145 868
103 56
5 3985
188 3899
289 2491
47 395
208 2492
207 4550
197 3045
29 4900
301 2974
125 2340
188 2049
107 3085
294 418
79 846
151 4483
112 3216
234 3463
130 2880
118 2020
227 4791
8 1504
311 2018
319 153
305 1658
43 4513
157 372
29 934
273 1634
112 4589
205 1456
194 2072
213 3415
174 1991
78 3045
249 677
130 1309
304 4894
189 3569
144 4653
272 4654
155 4243
240 1299
152 1774
296 1056
43 1187
308 4402
100 4142
300 3983
94 2789
253 1969
110 228
170 2947
197 2505
256 3628
206 2888
147 3523
59 3859
309 666
202 2974
262 2863
232 4118
299 4932
318 4802
134 2525
321 932
226 479
308 4891
226 1593
36 4753
122 3796
264 283
312 1519
271 4899
295 3779
276 2252
91 1166
291 69
194 4679
163 2679
33 3199
308 2231
320 3681
122 4582
237 3069
53 513
126 4194
130 2784
248 3376
129 2130
135 1328
298 389
207 953
238 1821
203 3977
75 3754
141 923
76 4836
231 1167
174 1663
232 3553
85 4752
31 3564
56 2437
283 504
239 2892
85 2578
108 4050
86 582
142 4962
43 2539
135 1190
177 4902
249 1963
225 247
153 2855
280 2451
251 213
17 4953
91 709
202 1356
29 829
35 1618
11 1376
138 2112
276 4698
158 3274
79 1818
274 29
278 3066
37 3186
275 3927
173 4649
311 1639
39 2305
220 4406
11 651
302 599
165 128
132 4210
301 4498
136 3541
314 3585
85 3875
259 3875
25 1924
195 1099
122 4550
166 337
136 193
319 2880
68 3858
127 3274
147 2567
62 1618
237 109
26 3293
231 2090
65 3502
187 1553
239 489
239 1100
240 3635
99 3935
188 1739
45 4320
90 1255
151 523
235 3861
307 519
323 2338
220 2887
140 3842
264 2065
239 4703
35 3282
116 4575
84 4497
200 1187
318 4362
252 3734
269 4941
91 2373
29 515
24 1111
289 3102
159 1003
80 3123
52 2571
66 3128
244 3524
138 4973
272 4557
320 1208
123 358
307 2072
1 375
54 4821
246 810
227 4385
89 2181
283 2326
200 120
155 3266
223 2700
272 1603
19 2957
181 4785
128 2136
105 3226
44 4085
276 529
3 3177
47 700
129 749
259 3430
246 1118
18 3767
313 4971
261 1138
64 379
220 3016
311 1001
226 4128
116 96
18 3481
99 2545
304 722
7 56
18 589
26 2798
25 1350
86 1786
151 2549
308 3391
131 598
224 2463
222 4300
239 563
144 2875
228 2874
321 2868
47 261
277 1693
267 2771
111 2990
301 2189
186 187
150 96
135 559
233 1047
267 3695
152 2518
32 2329
234 3637
23 2165
239 3138
322 10
189 3535
33 1237
210 3731
29 3340
172 2823
310 2246
136 422
15 4351
197 1776
65 426
116 1056
178 731
243 3740
199 4496
296 4398
213 2362
222 379
308 166
53 4264
208 1074
226 1594
206 2953
312 3771
283 2579
207 4266
27 3215
181 4683
6 3840
272 4641
234 3561
311 1143
224 1332
318 2459
264 4327
80 3394
90 3327
111 3061
272 2636
284 3257
198 2141
197 1129
301 632
196 4416
285 1509
28 2663
18 1908
27 2868
89 1709
2 3750
185 680
186 4626
262 1796
204 3209
196 2184
30 4912
93 1232
297 1189
22 4805
236 888
307 1540
275 4905
22 2103
263 2429
22 257
10 4981
321 1744
210 2988
313 1835
94 3219
224 46
50 3368
76 2220
204 550
297 2925
322 4374
300 2718
128 981
51 2870
182 465
55 3667
239 4107
264 3459
58 3225
13 2984
205 3558
240 4946
300 2054
130 4391
206 1484
236 984
104 69
145 4017
150 4712
21 2839
202 1628
229 687
300 765
219 4965
169 4738
167 2454
225 705
33 2207
209 2321
262 2674
246 4213
132 1150
215 149
320 3106
306 3726
257 4179
193 2698
75 2113
211 720
317 4409
109 4972
227 2738
151 660
227 729
247 4561
212 3415
29 4578
198 214
315 2528
7 4502
102 2640
64 2684
224 2495
207 3041
97 3051
114 240
261 2225
145 4008
156 4916
283 382
93 2230
264 2272
301 4457
125 170
212 2524
269 3846
139 1365
98 3347
128 1408
143 2527
173 679
39 3505
238 2388
144 2340
36 206
115 126
318 235
250 4176
257 3198
304 87
163 3531
202 1599
69 1190
151 4756
201 2350
127 4446
237 4920
236 1827
51 1706
122 919
241 70
131 2137
201 4835
53 473
124 545
162 3518
79 2150
241 2138
252 3292
295 4015
232 3058
37 1417
186 650
168 3426
223 1117
173 1378
171 3829
309 2794
164 4147
117 2301
117 1529
190 1099
68 3203
15 747
299 449
255 4362
113 4836
288 681
120 3902
263 3427
252 4727
181 2941
72 3816
265 3835
97 1039
301 3082
154 4235
62 1648
11 4558
307 2581
143 222
23 3334
147 4735
297 642
39 2804
317 4444
258 3004
291 4941
193 1732
183 3951
113 3132
183 2015
317 3561
114 4200
225 3352
287 3879
72 1356
146 4068
291 2172
293 8
181 3156
246 1650
274 576
86 4029
140 1356
71 627
103 2136
176 411
214 3919
69 3788
319 4568
64 3172
306 2665
238 2258
108 1895
241 4223
92 1088
158 3589
277 708
220 3145
307 3204
193 3698
269 994
159 2538
174 2645
316 3522
219 1763
172 296
291 1144
261 4127
105 1113
215 705
2 2013
43 3737
228 3250
82 4447
265 4497
7 1507
112 2075
194 3855
268 1745
181 4180
68 859
36 3937
278 417
108 681
263 1472
105 894
262 3392
237 2991
59 577
57 2448
292 562
99 4557
259 654
119 42
7 4909
94 4067
68 2512
257 597
279 3966
16 3227
109 26
252 4248
289 4230
106 2662
91 182
159 3892
175 3405
214 4696
66 2409
119 1832
300 4272
317 31
68 3715
52 1667
94 2288
90 2818
155 1600
16 3444
130 3219
177 669
258 1406
287 783
2 4078
300 4458
16 2735
307 2820
214 357
169 2713
76 4045
20 1681
86 4145
191 1994
218 3281
91 3272
170 2920
16 1000
56 3998
213 4461
304 2725
316 4290
226 478
231 2109
304 1558
265 3950
268 4190
61 3094
55 1722
24 3889
168 2836
