500 500
98 3742
51 943
91 3371
79 4900
181 3476
205 3781
101 1177
155 4441
35 2161
208 612
201 131
188 985
179 286
45 185
141 3004
136 304
66 3013
177 438
121 1260
4 2394
91 193
196 2225
150 662
69 2880
121 1607
168 4240
52 207
54 4732
127 1537
131 1906
175 331
162 2076
62 3014
249 4909
162 1707
245 3387
213 1313
12 4860
60 38
205 3943
247 2185
199 1229
150 2798
46 3583
37 246
145 549
38 2405
216 1163
48 62
156 3112
193 4092
128 3698
95 4862
185 956
55 3393
189 4193
87 390
24 1283
106 170
65 4319
146 3151
196 2526
41 2352
168 2268
171 3032
44 2958
138 2224
178 3713
182 2887
245 538
229 4668
199 3158
195 373
229 3525
80 3036
204 3353
37 3603
156 1834
76 43
163 2960
133 1239
99 1393
224 106
215 634
249 134
224 4599
173 1554
9 1839
27 320
109 1534
139 1837
127 331
159 4935
235 3112
3 1313
219 577
209 1881
84 587
49 613
137 2990
156 3893
19 644
236 663
157 1274
23 3947
105 894
121 3089
128 1805
191 4923
36 4919
229 3996
114 4416
146 651
109 2004
249 570
198 1530
104 2197
33 2804
121 3818
135 1120
125 718
178 4976
111 3043
31 4132
172 1947
181 4743
231 4342
203 3204
211 2712
122 1901
112 3718
173 1747
137 3674
146 4286
140 664
134 1539
91 3202
220 3404
90 1586
4 4662
14 2224
192 2323
166 3596
112 3026
196 1835
51 4739
115 4255
60 451
11 4282
215 2386
161 1950
53 45
211 4218
31 175
21 2155
129 4481
100 2399
233 1224
190 2836
45 3272
192 3746
149 2736
218 4257
35 678
189 3933
239 4357
241 493
48 1002
32 1053
54 882
243 29
103 3313
216 3660
143 348
117 4041
117 3243
35 3326
82 1487
198 1710
245 3389
26 287
106 640
189 1201
181 465
202 3678
10 3120
227 4516
13 1617
51 336
23 3429
139 178
108 3008
234 4878
41 3367
111 3611
214 3957
142 1914
215 1295
111 4279
170 2275
163 914
245 3762
206 3345
89 4589
206 238
34 2350
171 4487
212 2180
145 48
119 3951
155 1512
183 156
120 1519
133 659
119 3181
113 643
221 4909
30 3262
35 2224
242 1137
30 345
214 2267
14 1030
159 3601
150 2070
153 4990
208 754
31 4676
135 903
117 3863
60 188
11 1700
226 421
208 3578
176 872
209 4347
43 5
128 783
67 4005
54 1783
219 4167
141 978
179 3633
245 1803
105 3455
52 3644
184 2038
4 207
100 1404
36 1782
173 3712
114 686
224 952
194 3572
90 1468
208 1562
127 4295
149 4352
176 1367
192 1661
170 554
221 3064
154 91
233 1794
220 3234
168 3357
163 1956
52 3376
152 1176
86 3521
245 1757
25 285
181 3988
182 116
119 1937
174 3809
166 608
114 1348
187 2944
194 1496
63 1105
117 1477
2 1510
159 188
141 3454
98 1594
122 1506
80 2736
157 1508
151 4343
146 3168
104 1667
204 2615
59 1384
74 3626
127 4669
154 589
6 4699
13 4678
214 311
50 3834
139 932
117 1367
38 4387
59 4598
115 3998
199 4784
189 486
10 4094
108 4056
210 3497
34 1028
138 4186
21 4843
172 1951
120 4617
28 3269
140 682
58 4631
178 4055
191 4802
228 2164
104 92
28 3812
128 3844
146 4340
208 3201
45 4302
54 921
107 1595
63 2766
184 3196
233 2779
235 3891
86 1316
159 3068
66 150
245 3645
93 4672
145 4852
184 1174
222 4758
203 4782
79 1985
185 3328
196 1124
37 1437
117 2190
115 138
16 2365
209 3382
71 2995
81 1447
248 4644
54 1974
23 2236
34 4883
115 2349
215 4499
134 1985
17 4017
93 1954
216 2366
236 2136
198 523
229 543
116 3224
223 1090
242 4381
237 4980
7 2954
124 3939
127 1014
164 3275
9 1193
87 3619
208 426
125 1775
166 3993
112 4174
50 3351
149 4534
205 1779
34 3522
195 3277
182 1358
62 2791
47 2694
87 3186
89 4252
226 1138
126 281
110 3306
154 2104
68 12
151 2498
56 4575
190 2129
232 320
157 3573
80 4914
99 911
92 3640
153 3691
171 1953
27 951
73 318
73 2611
141 2215
21 2678
115 2316
80 1269
145 41
111 559
160 4648
222 870
93 2686
134 3898
57 1061
40 4838
144 4481
79 210
70 4469
195 225
39 1679
14 3307
112 102
88 4378
51 2831
63 4740
170 4958
80 1609
46 3413
178 196
122 1749
165 2642
112 4370
97 4990
105 4938
203 3795
112 624
228 4077
214 4273
1 3045
116 1632
18 4484
103 255
133 3197
146 2657
13 1587
148 1942
60 2185
19 1700
73 2402
187 4257
107 2262
235 4821
86 3548
136 230
100 2526
91 2591
185 4821
125 4168
85 3806
4 2567
161 1409
205 426
1 4690
144 2673
138 789
129 3362
35 1237
206 3793
55 4034
73 2499
219 3011
122 3553
209 1358
72 3684
243 4560
92 3991
85 3088
146 241
41 2753
13 4987
204 2873
81 1553
196 88
1 3488
164 1550
183 3
152 3218
214 4262
128 3844
106 4431
26 4892
202 728
191 457
187 3258
81 4157
