236 236
48 4292
4 127
49 2621
78 3138
61 69
33 2589
48 3710
44 4545
20 2262
108 2576
35 2990
45 1881
55 1259
81 4568
80 922
67 1354
37 2708
7 3417
104 4679
98 2744
92 607
6 4247
98 500
65 76
11 3330
73 4920
18 4626
94 1563
61 4268
19 3931
108 4562
18 3777
109 2429
82 3009
48 3198
98 3504
9 4082
112 1144
6 3081
7 3867
114 1590
89 4678
12 1568
43 272
10 4597
81 3453
99 737
24 760
34 1680
89 1183
60 1686
14 3447
49 23
104 3325
45 3266
103 2701
58 1525
35 3161
6 4740
14 4964
55 1545
49 1169
9 1918
10 2141
5 2222
23 4417
76 297
67 1282
31 2387
47 2811
50 4216
44 3864
28 671
114 2732
37 112
44 304
19 3614
75 1831
93 414
70 2757
30 3424
16 4234
117 1133
11 158
80 2235
32 2272
57 4213
64 2942
57 62
53 991
43 3169
42 1036
52 1224
102 3938
78 2706
63 886
113 639
108 937
59 479
71 4769
24 1616
80 3789
108 3421
45 2466
7 456
26 1611
75 3292
35 3535
60 2719
49 3964
87 3135
64 1067
117 3452
31 1099
70 4417
87 4283
43 208
33 2743
32 796
115 4332
4 2007
74 1440
114 3115
77 2094
22 3858
47 3166
25 1552
51 2261
115 4193
109 4279
108 4890
23 2475
109 291
50 3416
71 1890
84 2300
101 1823
9 2855
116 34
54 205
35 149
54 3731
31 4856
23 4148
117 1175
96 2528
80 1051
112 3984
21 3908
37 285
14 4537
59 621
80 453
92 1758
103 4350
93 3022
105 4132
53 2112
28 3937
81 1636
7 2704
115 648
109 1038
22 1890
94 1260
72 429
55 88
76 23
6 4302
90 2935
66 2302
113 4068
27 2698
102 4603
25 2568
27 4583
79 2228
103 3662
10 2316
109 3501
12 2220
76 345
71 985
99 3126
4 2128
86 3750
96 3398
116 4623
113 4993
63 43
97 3784
95 676
75 2176
104 520
32 4653
23 1371
42 4136
57 231
23 3188
114 3665
91 2051
82 2991
38 950
56 1642
9 1316
34 747
41 488
69 3834
28 4033
50 1736
70 2714
64 4863
6 1550
41 4098
57 4852
23 4408
22 4329
29 4937
82 3188
88 522
45 687
17 437
30 4057
22 2183
41 3356
45 4073
25 4346
51 2093
18 1131
104 3234
78 2917
49 2496
116 3762
55 1998
34 1944
43 1296
