580 580
122 1095
254 4034
277 305
167 1959
279 1485
274 2765
240 2984
185 1269
224 855
162 3383
148 3757
22 1420
234 2809
131 4665
169 1912
198 3355
194 1459
31 3236
154 2209
131 2186
9 4630
222 1970
175 1245
128 2689
71 4822
4 2737
132 3008
170 4166
171 2539
152 4773
60 4901
268 359
135 2261
151 1199
26 1112
98 3865
207 65
128 128
272 4655
143 2271
170 290
121 3814
97 1754
60 4750
259 3524
19 2786
258 1571
192 2485
36 1401
286 1340
209 3806
88 3553
123 1565
258 3748
286 429
135 4675
194 461
26 1286
197 4971
53 4754
99 1992
101 1518
279 2621
225 345
161 4534
75 3782
115 4870
116 2950
282 4287
35 2112
242 2621
216 3744
20 2896
50 1963
200 3875
52 4591
176 896
98 127
115 1584
231 2678
223 3737
165 2865
39 2657
114 4254
264 4389
58 3572
252 2981
144 2519
101 2845
53 3546
224 2267
177 4591
112 4126
163 3705
162 3020
240 4075
22 2676
210 4111
132 2173
224 2558
125 1877
82 1189
282 4984
89 893
239 159
215 2862
235 3559
248 2413
52 2040
224 3955
166 329
251 1027
200 3990
131 3075
1 534
89 2647
209 3865
105 4006
262 4935
9 565
163 660
151 1768
127 1354
224 1191
218 1868
147 4992
96 1551
34 4400
264 4200
169 3025
251 3527
288 608
60 4438
42 3873
116 571
131 1113
17 2491
31 3176
204 447
108 3339
283 1175
227 4991
92 1628
231 4670
212 3065
171 2579
187 2600
245 3700
266 3951
9 2327
265 1882
164 1686
16 2793
231 4149
153 1797
248 2563
239 3827
272 1778
210 3005
12 525
23 699
44 1266
5 1314
136 1566
131 4456
112 1802
121 4188
190 4106
182 1274
285 3294
195 1269
7 1452
179 3579
286 1276
213 479
289 3456
77 3197
135 3614
56 1338
41 3311
39 4864
68 2545
242 4190
91 4381
240 2029
8 3179
136 2294
46 4460
27 3816
21 4958
11 1320
29 3356
207 3457
60 4098
50 4775
1 2586
62 2636
20 844
93 1513
34 454
195 1014
252 4483
159 3316
123 2164
239 2351
55 707
132 771
87 3351
59 234
236 521
273 1325
183 2805
102 1590
180 1053
193 948
102 4328
138 1594
140 4984
140 2831
31 4473
259 3323
14 4585
15 452
21 4237
99 134
266 4174
75 2635
212 1838
30 1064
164 4751
19 4283
203 4158
7 2423
2 484
245 4585
162 1983
177 1992
64 3081
143 4988
242 2507
147 4596
252 2202
205 4605
145 2109
6 4484
37 3755
113 1393
80 2428
148 2776
213 469
243 2357
36 3009
202 1604
195 2541
54 2194
253 850
114 3577
132 4267
219 1457
97 772
179 2638
210 4597
172 1586
33 1061
21 733
241 3663
141 1556
183 3767
170 2094
111 415
188 3965
104 4305
219 1898
35 1875
195 2847
160 541
80 4794
239 4486
80 679
90 4096
6 1120
52 3553
116 4056
274 2908
217 2776
205 4195
167 1728
145 3496
66 1820
65 912
1 4249
289 2315
227 2644
174 2959
84 999
218 1963
148 1075
153 4310
197 4231
13 1898
173 3743
97 227
48 4807
162 3365
218 2176
229 3903
41 504
119 75
89 1221
180 3662
42 1342
49 3196
141 4381
192 723
28 1257
207 1542
225 656
32 824
72 1499
87 413
195 1106
159 4061
143 4867
62 3931
111 766
187 2371
229 2984
266 3357
40 2269
69 4999
159 3002
193 4552
165 4040
21 2159
276 2614
84 2584
65 2182
85 4069
264 3664
186 1809
237 1027
54 3089
61 3860
234 2293
234 3103
271 666
278 2719
142 4526
110 1693
9 775
271 4137
193 1288
102 2624
73 3391
39 4270
253 3496
147 3373
78 1262
116 1002
183 4012
21 4217
189 2391
7 1503
122 1241
289 2896
213 3506
112 3303
174 1136
190 331
267 2609
152 2321
172 3512
90 4144
177 1670
99 1241
111 4014
186 4367
213 74
266 3971
163 1313
19 3469
50 2969
231 3146
50 1185
149 1901
246 3239
125 4300
74 385
289 217
35 4913
10 1040
153 3559
84 788
149 1867
187 2792
219 628
276 1926
249 1196
271 3891
107 1401
48 3510
132 4633
288 2321
253 3033
163 1120
161 966
51 988
90 347
176 4111
95 1703
149 4265
168 4227
186 1850
52 3016
289 869
6 3663
280 4723
230 4761
4 331
79 2122
227 4610
133 4801
286 224
223 3236
204 3926
79 1639
265 4074
232 4277
190 1527
149 3304
56 4052
192 3117
131 4277
266 779
76 3148
4 2689
206 2720
164 1747
143 482
121 897
4 3208
44 610
83 3153
12 343
243 4853
223 1927
55 389
289 4308
220 3894
94 2187
32 3747
65 3361
141 484
231 2354
279 2389
3 4247
204 4353
69 2613
35 1240
216 1767
223 4475
8 4544
32 1821
157 514
10 1154
201 4532
27 2053
188 1601
249 4217
207 1148
107 113
175 1583
257 940
95 715
47 4157
127 4313
91 4093
103 2394
149 1470
97 4265
136 4796
165 869
129 1442
68 2234
14 2273
286 4917
218 1459
86 4555
102 3326
185 1563
253 3598
288 3864
95 2884
277 1060
82 1819
154 1935
74 561
5 2830
274 91
132 2644
229 3199
139 4882
130 1326
145 12
77 2717
147 4161
146 379
16 3744
222 4700
88 2342
32 754
270 2951
246 144
41 3921
37 188
42 3156
24 821
147 4808
224 1911
186 901
30 2471
197 3384
109 2826
232 807
11 2309
12 970
266 4672
18 3599
15 4960
130 171
247 3948
112 1280
62 1196
109 2316
17 696
92 605
105 2917
231 2232
7 3304
202 3508
231 4878
187 3452
68 2267
258 2395
236 2984
223 3480
269 3439
18 3355
268 245
166 4550
68 4505
136 1909
94 2037
206 2648
13 4603
233 2667
221 4169
73 202
117 1476
222 47
283 3884
278 3420
60 974
161 3153
183 1694
41 998
179 2473
146 4140
56 2090
22 2022
119 271
36 1293
151 4773
143 3744
94 1205
73 1187
283 740
37 279
8 780
153 3858
