168 168
35 4731
38 3035
39 1113
20 1258
33 3755
57 3475
6 4553
40 554
9 1423
11 4914
45 4928
37 2057
59 4423
70 4154
75 798
43 2543
63 3749
56 2191
29 258
67 3816
74 4299
6 798
38 3315
68 139
62 4001
48 69
62 2547
25 1118
63 1661
55 26
5 3171
57 1292
28 817
61 2365
5 2739
24 3053
66 4311
65 2631
65 3583
73 2662
21 4471
20 4013
79 267
71 3798
60 4435
45 4799
69 4524
12 3930
10 1161
1 2552
47 1517
11 2491
25 3175
40 656
31 3434
2 3432
58 4398
4 4493
58 4812
77 1674
31 4676
60 2359
15 3876
37 1933
68 4925
78 4209
80 3316
75 2897
52 488
45 19
80 1912
4 4413
69 3099
53 2672
65 3187
19 2336
17 2970
58 3224
5 1144
23 4798
70 4881
76 2546
70 248
39 2174
15 2254
41 1319
47 1213
44 799
24 4217
30 3774
33 3046
68 3787
26 1390
38 3479
80 1051
78 4393
33 2188
83 974
83 4802
28 1823
28 2587
21 3987
64 3907
38 2998
22 614
11 1035
61 3133
54 4881
41 4939
14 2457
71 3978
51 3492
21 3101
20 2164
22 3714
78 4451
83 3580
3 3962
38 299
59 3594
28 3741
61 3260
8 2729
62 2132
14 1591
55 4081
35 3953
55 599
50 2786
19 1726
2 1499
27 2503
67 491
20 4539
4 1104
29 2379
18 4373
36 572
1 2899
32 3348
20 274
36 423
54 4288
34 2741
41 454
39 2829
46 361
47 4014
72 4157
35 3579
1 4299
37 45
25 3050
41 3662
68 69
18 1071
12 2596
20 1538
69 213
43 217
53 1761
51 4000
83 2584
28 1590
66 3024
63 1305
81 2824
5 4702
