240 240
40 4205
94 1522
87 3497
32 2831
74 2994
106 2041
117 4171
117 567
81 3252
19 4679
53 3773
20 594
91 4583
42 1152
29 4962
87 511
77 2218
108 1780
57 1729
52 3489
79 785
85 2175
49 4068
22 3567
100 1195
37 4694
66 4126
19 4295
21 589
33 1823
69 3725
107 3595
71 3891
91 3963
91 2333
90 679
9 3522
57 4193
29 2637
14 2129
62 1406
51 3168
92 2886
50 4182
16 4600
26 98
26 896
15 3228
100 2477
106 3026
2 4999
107 403
13 3003
66 2891
30 2403
18 2733
65 1712
104 3139
116 2439
112 2755
67 2226
89 3563
23 1179
65 3382
14 714
87 1753
90 1991
46 4299
73 4243
2 4844
43 1989
40 1525
92 2665
76 775
64 975
21 1499
2 4092
92 3549
37 565
6 3294
85 1426
96 1014
57 472
39 3065
92 3175
71 2466
21 851
8 3064
100 203
84 2810
73 483
60 2944
31 1787
7 3486
9 3191
16 1489
77 3250
53 1403
8 673
28 4679
28 1763
106 3800
76 4425
29 2209
76 4812
11 2942
8 761
55 4556
64 134
50 2363
16 3095
34 148
89 3105
8 955
73 3394
92 4110
113 2129
50 4814
108 2508
31 1787
115 4240
70 2185
89 1379
86 3243
110 3818
40 1765
26 1959
90 4349
4 929
112 366
51 1877
110 3155
84 703
75 1280
87 1605
28 298
15 2072
41 4733
105 4710
21 4827
60 3681
43 1789
42 2961
37 574
50 1742
79 1234
119 540
80 2595
105 150
112 2954
22 4495
46 2645
24 1662
18 3744
111 4781
34 2607
83 4819
112 3675
12 1503
60 1294
23 2368
61 3795
66 4640
28 2335
27 2617
46 2537
40 475
22 2195
108 2833
48 4621
58 2938
109 657
89 3215
39 1567
55 1937
85 1755
58 3465
36 1162
2 3821
68 85
92 3077
82 3165
92 4699
14 606
58 1936
22 753
7 4872
38 435
113 572
1 4807
25 2796
107 517
113 894
7 4956
77 3272
64 1700
113 3761
119 1473
31 4142
58 1502
53 2814
81 4168
77 4241
93 3009
90 705
100 2008
83 2481
107 2296
6 4254
55 883
51 1317
113 4756
40 63
23 3814
26 4479
34 3043
106 1240
55 4562
7 2913
117 869
85 4874
63 918
35 3982
35 2299
114 152
100 3287
15 2131
70 4246
84 2965
77 1466
94 4349
34 1137
22 3981
4 2392
64 2376
111 775
68 4531
47 4684
74 2183
16 4763
