325 325
1 3833
35 2736
121 1865
125 1663
78 2759
139 4197
121 4279
30 1014
132 1057
147 4926
85 1448
136 3735
93 360
126 3095
149 862
27 3101
131 4399
50 4826
145 316
124 2988
101 315
71 4976
132 2159
82 3622
78 2823
161 3229
88 4590
51 1641
161 1138
85 1648
85 1774
145 4172
101 3449
116 2031
152 3402
152 2986
147 4578
74 3369
94 3042
152 2931
133 2513
121 733
151 1727
10 1608
141 3015
90 379
127 695
91 3194
16 2976
92 1814
26 1421
32 3583
18 1350
35 3508
63 749
55 1189
61 4891
64 1424
76 2815
110 1504
140 1087
108 4823
39 4572
106 808
49 318
1 4567
91 2470
89 499
1 389
137 1684
104 4265
44 4551
138 2364
65 4560
128 113
109 4327
142 4326
18 3978
124 915
153 1401
63 1608
73 3659
115 4475
114 1879
115 3721
23 4000
153 1391
83 3961
16 626
81 4830
41 3314
50 1351
154 3992
70 4277
60 1266
101 516
19 4353
114 4996
148 2916
151 1895
81 2322
122 1832
152 4638
40 2673
29 2548
51 1394
135 3977
78 1951
65 95
16 1170
112 3595
27 3850
24 502
89 1013
34 1450
5 4698
95 846
14 1273
112 754
120 3926
64 3962
74 4168
113 2022
48 4659
60 1767
58 4633
3 4394
55 1065
36 2364
118 4404
129 4693
39 4424
88 3978
136 4815
14 3653
18 231
111 2756
48 2367
91 3348
134 2207
70 420
94 2367
111 3973
6 4546
116 2801
158 144
10 972
43 4352
6 773
131 3430
80 4399
114 2177
104 2933
102 2057
94 3863
152 1301
12 3904
125 1281
83 3730
37 2829
72 643
81 4126
115 574
63 4094
16 1372
123 4020
102 3505
142 3454
47 4364
149 2959
56 1971
17 459
84 428
132 668
146 4226
82 2981
35 3412
152 339
1 1544
142 1212
23 3319
85 3099
138 2655
102 3122
25 618
115 924
23 3071
17 598
81 2030
110 710
161 3392
75 1310
70 2731
62 956
12 33
43 2337
66 198
137 1799
80 1020
95 1786
95 436
87 2287
5 2199
9 4666
105 1005
9 495
63 2738
31 4414
70 1591
46 2863
147 2422
97 2144
140 2187
35 4649
152 1350
162 1274
33 3211
38 2301
10 3686
123 4914
162 1552
81 3070
95 2225
102 3069
38 86
17 4768
32 1811
72 4767
42 1177
7 3958
134 3286
9 4617
19 4274
23 4899
35 1016
57 3875
13 4643
125 3488
62 3306
93 4741
50 1034
142 3822
114 3151
102 2882
74 3492
75 3725
108 526
74 1275
142 1296
27 741
122 2443
71 4372
101 1919
106 4177
21 2216
98 3486
33 386
87 2027
66 4529
93 4447
29 4428
74 4859
70 1297
5 28
21 4848
70 4679
91 2614
9 855
21 2570
71 4774
19 3414
120 4478
88 2737
35 3913
97 600
87 1237
7 3480
59 2754
162 2317
133 2508
59 3228
117 4217
119 3061
146 1636
122 4465
127 3474
122 1368
123 1053
71 3131
61 4534
111 4214
21 1759
154 4977
36 4772
54 2106
138 1031
87 4747
55 3570
157 1641
102 1168
39 4456
91 366
57 1852
25 4301
105 967
65 1408
3 1878
131 1408
101 3670
18 3269
86 3418
128 4065
136 267
96 1119
150 1629
31 2265
57 2613
75 3138
30 1710
2 1825
123 1469
135 657
10 790
77 4037
97 2777
