819 819
316 402
32 4095
336 2729
295 242
163 1527
200 3816
150 282
238 4753
123 4972
165 3887
251 3934
301 3708
142 4805
221 20
104 3878
182 3549
344 1711
325 2042
208 4665
156 628
243 1829
128 1625
193 727
184 3961
15 2242
10 3410
231 445
331 3161
128 2374
10 3164
321 1698
244 97
236 1428
185 409
90 553
242 870
202 3806
263 187
106 3056
227 690
332 2653
1 4476
63 293
92 3785
245 2869
351 2068
100 3656
226 4116
162 4167
5 2716
51 3397
237 612
141 1682
233 1127
2 4136
64 2860
368 2153
214 1406
271 25
398 4355
399 445
118 1468
278 515
109 1803
219 3816
35 20
408 4972
363 1885
12 109
253 4397
193 4682
304 3739
348 2637
150 2594
4 3795
174 2804
23 2883
131 3385
358 2725
36 4829
289 2583
226 1611
70 4225
209 2722
405 3901
165 1813
358 1028
258 3932
190 2685
263 4591
47 4146
148 1547
20 3694
340 401
304 2742
69 3076
98 1019
407 3463
210 2060
45 519
361 4939
150 2914
187 4221
391 414
215 119
375 1688
227 467
44 4494
92 1960
74 1781
274 3908
38 4658
142 741
281 4677
38 1181
370 1314
77 1341
321 3895
292 4682
286 1708
407 2651
125 4821
107 3725
261 1005
273 4999
385 2952
383 1845
92 1890
140 4570
288 2040
185 4642
157 265
73 1995
329 263
371 2884
145 3055
256 780
315 11
308 1792
115 876
159 3012
319 2079
223 1418
225 3290
52 117
173 4867
392 4033
264 4649
405 3626
190 2318
59 2541
232 3138
221 4203
148 2465
285 1086
45 836
80 1326
142 41
128 4737
110 4242
379 1956
214 3870
119 1023
261 1996
55 290
24 2423
241 3418
214 1898
295 3672
225 1191
358 3426
131 4136
26 674
98 2013
209 2156
3 2622
130 3884
203 1122
242 3470
136 4699
25 833
219 2427
167 676
393 45
24 1324
217 2182
194 464
195 1241
272 528
145 1475
62 3025
322 1307
125 4978
247 3917
58 4141
91 203
355 4626
156 3073
216 1945
322 1613
265 1769
227 900
333 4164
277 4961
139 2273
377 4412
64 3838
311 3181
211 4284
239 4949
276 2057
298 4315
261 1560
50 1302
16 923
211 4853
84 718
385 3689
296 4692
368 4563
365 4853
315 688
272 4183
302 2643
347 4300
37 3068
1 4168
41 1224
391 4431
306 3852
204 3312
85 1989
189 4879
315 4269
163 4890
350 4047
101 752
161 4015
305 3985
330 1206
276 21
249 4167
17 3450
131 4547
18 4098
392 3315
366 2093
177 753
306 2435
238 1936
385 4215
290 4623
13 1254
278 3845
233 3763
41 522
172 1856
261 3492
215 2600
63 4403
228 1764
138 3036
115 713
4 4343
73 3217
343 3694
8 1683
409 1322
357 2771
216 3155
191 2723
14 2628
201 2877
360 4095
270 309
62 1030
146 3514
100 2734
348 2849
330 4353
188 2320
220 3755
298 1506
385 1901
273 2427
57 1985
129 1451
358 3121
217 4258
163 274
224 2252
385 3358
12 1726
212 999
192 3454
302 3357
307 2909
373 4192
290 1502
191 3514
311 4230
273 1194
332 4277
362 4343
101 4431
238 1603
26 46
363 1062
320 4038
392 3621
130 4177
272 972
43 4739
72 401
232 4852
390 2880
306 902
100 1643
108 2395
180 238
121 1124
160 1724
384 4418
348 1500
400 205
355 1217
78 891
52 2168
34 2569
371 3877
8 3476
247 357
203 407
71 2312
405 1711
57 2133
66 1278
385 4249
398 4678
307 484
54 4524
255 263
372 1324
203 2673
249 3329
329 4700
95 2151
409 2967
86 3372
100 1883
165 1223
140 856
171 1191
397 581
199 1932
125 487
359 2990
330 4466
154 3331
4 4118
385 3817
176 3252
169 1576
20 953
72 4032
130 646
14 842
188 3660
326 3730
226 3676
33 2067
1 104
129 1020
187 3508
407 2
8 2842
32 2397
316 2667
376 2079
350 2876
364 860
295 3407
341 1317
69 1545
97 4602
322 2988
353 3868
210 3318
316 1173
348 2208
214 1086
293 3464
91 3088
34 867
149 1433
208 2787
285 292
331 4828
177 4645
238 4616
376 78
336 4345
147 4665
280 3043
144 1839
253 651
225 1725
307 1506
309 4431
52 1924
103 3614
361 2891
240 2874
33 756
292 1385
315 1343
83 3602
381 1071
268 439
240 635
399 473
173 1629
251 4939
68 1191
71 120
206 3011
236 228
27 1952
213 825
288 15
264 4259
316 109
232 2926
45 1582
29 147
322 3839
325 1213
360 2870
230 1737
50 4675
180 926
404 3050
16 1758
235 2119
56 2174
53 701
71 4645
363 4012
177 252
45 2691
33 923
270 629
112 4815
16 210
403 1455
55 2195
95 3980
313 4411
16 2166
160 3397
287 1586
192 1968
269 3531
37 4551
235 4073
367 2295
308 2665
169 3071
203 2193
210 880
72 4048
117 1201
146 4110
325 4769
83 1321
323 1935
357 2630
280 257
138 4363
62 2418
390 188
324 4162
138 1802
205 1779
356 1310
31 4434
161 1362
403 1285
394 4250
183 2148
170 240
65 81
87 88
163 3903
73 4348
109 790
70 2067
366 1156
208 1279
67 3227
38 4384
362 799
303 266
290 2630
123 4350
269 3165
84 748
337 4922
353 1803
391 3089
120 2156
248 843
27 3535
269 4522
225 752
131 2811
289 594
349 1404
370 1033
185 2668
143 3244
285 1539
371 1357
344 734
196 1263
341 3255
390 216
226 651
299 1115
313 212
270 4086
169 1794
392 2911
110 825
164 4156
16 2461
19 2562
349 624
47 174
395 3514
126 965
91 4298
283 784
379 1581
172 4656
265 148
156 645
284 3812
256 3155
313 2065
133 4347
391 1273
159 3243
189 2678
64 5000
80 2692
60 29
33 4163
42 3241
38 1608
93 4863
80 1723
212 1654
189 3312
33 3626
148 2957
280 1407
34 2518
378 4629
403 3610
75 1318
121 694
276 3048
17 379
311 2446
171 1524
292 1694
123 381
227 1768
388 2448
406 2199
244 1286
13 259
202 4135
300 4195
384 330
369 3135
56 3462
43 4314
167 1066
127 1105
132 2263
207 2429
385 2518
47 3725
266 4590
108 3222
29 3294
379 1337
404 187
289 766
285 3637
184 2225
245 3907
368 2340
42 355
348 426
147 4826
299 3099
211 1564
37 4944
35 1955
393 561
161 2499
324 376
219 556
387 2355
291 3944
75 2455
133 4615
178 731
260 2163
354 3652
262 966
134 2579
251 456
81 4220
108 3422
18 3339
314 1141
151 4305
42 600
235 886
407 3497
355 2070
294 3163
77 918
154 773
1 189
364 532
89 4471
396 1003
374 4282
116 28
63 4983
182 2613
356 3749
60 4324
100 1366
394 2938
405 4621
129 2507
353 4401
114 70
331 56
253 2980
184 396
227 105
398 3077
380 1036
146 953
63 1551
22 1688
296 1311
125 3279
138 2610
53 4327
162 1064
401 1211
130 4886
79 284
343 216
140 3314
264 1304
388 4284
253 3059
289 1131
4 1822
374 992
366 944
291 1477
359 4650
3 3346
227 2710
174 3924
158 3580
312 1326
243 2662
362 1544
371 4828
299 1629
166 1957
396 2428
282 2055
316 4636
71 514
102 4490
160 3350
166 4223
297 4286
154 2759
203 3489
368 88
5 2674
206 1627
225 867
150 570
175 4224
53 4212
215 1185
223 3825
217 2803
365 352
350 3598
211 1519
34 824
68 4369
296 4748
37 4948
307 83
47 1736
337 3364
310 163
69 651
315 279
295 495
111 2500
160 2752
126 4814
196 1351
312 819
204 3147
186 1123
197 4185
339 1882
400 1821
131 2539
125 952
59 3798
20 978
138 4388
145 4091
141 684
212 4216
220 3294
169 3387
187 3935
20 3083
216 2757
122 3255
208 4986
204 1180
233 667
211 1123
266 4533
214 4559
190 511
209 695
372 4345
18 3593
278 373
329 2925
254 1840
354 770
27 2409
123 1755
2 3259
222 471
211 2278
199 4713
165 3489
304 3107
127 4508
408 1924
236 2994
372 4283
185 4175
254 2238
326 2189
323 3826
275 1602
259 1197
55 3965
91 4069
366 2588
77 669
208 838
292 4103
26 2506
348 4347
252 364
387 3488
330 2463
217 3192
161 3098
361 4776
156 2648
90 2854
400 4584
39 3194
317 667
282 485
374 3854
30 425
129 1386
280 3894
148 4970
145 4306
222 1165
119 3127
100 2203
85 700
285 2263
335 3035
164 2756
248 4374
147 3321
388 563
37 2996
