412 412
26 4960
169 2384
13 488
10 2286
126 3424
21 3071
156 74
70 4931
61 4031
67 4299
36 271
178 3657
194 3168
127 164
97 1748
187 2635
164 3438
73 1160
170 484
101 4890
131 3921
48 4530
69 3277
125 2097
31 1809
94 2845
86 4597
200 2400
69 2969
70 1360
125 2325
174 989
139 3893
53 3182
26 236
13 651
106 4928
10 441
141 3780
135 3143
116 178
59 2676
125 2929
52 1870
16 4966
157 1893
44 2766
195 177
101 85
44 1825
130 4524
200 715
83 4009
106 2738
122 183
174 889
7 123
192 2651
73 2222
145 3184
43 4412
32 2488
93 3010
142 2170
112 2660
166 2719
74 1787
33 1398
106 3089
192 836
68 421
118 59
154 3292
62 4302
202 1556
82 3033
97 3748
9 423
16 3539
62 1818
93 2683
136 2708
180 4983
26 3867
166 2406
174 1123
15 2882
35 477
185 1732
7 1813
11 2566
5 1419
167 4574
58 633
80 3476
152 737
121 3889
131 3193
40 3198
179 599
43 305
175 4313
156 2604
48 4977
36 392
49 1770
92 2998
148 940
106 2324
164 313
26 1727
63 3528
77 1675
109 2339
182 310
117 4751
28 4257
180 4151
41 2199
91 4011
169 4791
22 921
83 496
165 1826
112 3782
26 4844
191 139
180 4312
163 4197
119 1394
66 3264
57 416
142 3214
68 3669
123 2190
12 2771
92 2367
11 1058
200 1986
13 1214
169 2406
32 463
16 1387
89 4394
168 1179
133 549
132 4983
140 4843
179 62
190 2206
39 3597
173 1017
42 990
46 376
166 18
99 550
139 25
42 4254
21 1091
117 1652
141 3661
23 1728
89 1121
41 1348
171 2473
115 1816
13 420
45 2147
88 3633
201 1289
130 1021
195 437
195 4064
94 482
15 2230
156 3122
122 3713
150 2964
84 3994
175 1036
48 2561
180 4058
7 3108
46 869
47 855
65 4652
128 4134
31 3267
123 1173
130 2757
173 3648
1 582
117 544
198 949
56 2713
38 4364
109 4227
73 2370
155 3275
155 2240
54 2925
160 2640
197 1175
4 4450
96 4072
80 4228
162 2271
39 4352
185 4025
140 2778
85 2381
197 4217
49 4187
40 2636
20 4641
47 401
43 2549
62 3624
179 1905
186 1161
73 637
7 628
185 3640
122 11
122 4372
171 1647
67 4804
60 2444
194 3235
41 2458
84 267
99 1451
54 3893
20 3912
39 1997
150 310
68 4925
60 3141
119 3703
104 2800
30 3647
147 2044
51 1023
168 2757
140 1732
169 2186
61 2765
120 952
155 3365
38 2654
84 146
40 2689
9 3215
23 1347
154 2789
159 1633
49 2555
160 2520
43 4771
19 2604
142 2259
193 2090
34 3719
67 3168
27 1519
69 2927
26 4565
20 2909
92 625
135 1214
184 4232
152 4061
50 1777
100 1562
21 4015
146 195
125 879
115 3926
11 4898
154 341
3 3560
162 4185
97 4521
117 786
154 259
17 764
117 1919
133 3221
104 3903
131 2522
15 3234
125 1125
40 114
161 629
78 4394
143 912
117 3596
195 4486
99 2731
105 912
177 4757
199 1722
26 3396
185 1150
137 905
83 3931
163 4515
108 2868
34 3416
35 1983
132 2309
99 4978
23 2559
106 611
103 2247
159 1297
147 4071
54 3160
172 4012
17 1054
12 3529
189 410
180 239
197 3626
111 2137
59 1535
205 302
106 1280
174 4689
128 1072
93 4238
155 1432
186 2266
182 2865
38 3879
53 1481
99 1679
48 2084
15 2878
200 3911
168 1155
118 3420
96 4920
77 1312
141 916
87 3609
98 1513
141 2778
27 3454
29 1602
43 4772
117 1619
136 4072
45 451
119 2252
195 3302
93 2872
115 1809
76 4360
58 1466
182 2136
157 4755
112 4287
151 50
141 988
123 368
105 3332
83 1042
50 2991
78 3710
125 1197
78 755
92 4542
81 2147
41 4534
88 1804
170 1343
32 3789
115 2776
172 4353
159 150
85 357
112 2903
158 838
2 3553
109 1129
43 4999
188 676
126 572
17 4936
106 4623
96 2768
115 491
98 4068
173 4126
19 2315
88 817
156 3988
190 4103
134 2186
184 4868
58 901
167 1073
171 2319
87 921
139 4673
106 964
30 1558
199 2019
62 509
172 4357
62 3279
