917 917
108 2423
139 2326
71 3936
438 2831
267 943
284 2766
381 86
191 884
267 4125
203 4609
409 4465
151 858
161 1809
293 4001
5 2553
300 1399
31 2182
303 3449
368 2796
146 4098
346 954
448 3408
255 3777
139 121
99 65
152 814
313 4848
63 1651
233 1448
365 2229
85 4432
260 4198
375 2851
75 3329
363 2298
304 1000
148 660
84 2236
436 3838
159 57
75 3407
339 1909
10 4746
361 3638
99 2383
40 1385
415 4405
312 3522
308 1979
297 3592
45 4513
144 4874
367 677
7 896
353 1998
4 3203
171 2467
52 4648
447 4512
369 909
396 153
362 1384
359 777
345 3357
67 1895
139 78
446 1377
10 1714
424 3700
257 3410
210 1166
321 2033
451 2830
117 2965
411 284
130 560
24 2070
319 74
320 4328
231 2035
401 3803
265 332
56 1755
438 197
279 1531
62 1265
256 733
180 3076
37 3325
10 3868
265 2046
100 4420
157 2835
420 3140
109 1609
393 4569
280 3372
128 3561
50 2975
266 1758
379 1101
433 2602
234 4465
450 379
92 3439
9 4748
413 1454
281 1434
48 1786
286 4704
253 390
216 1305
435 1615
201 2105
36 3030
398 333
453 2227
121 2756
333 100
69 4508
258 1340
174 1034
128 4248
338 3920
28 4632
317 4716
437 2766
109 3635
214 4262
292 974
1 3262
331 3101
372 1352
266 349
109 670
36 4924
372 1951
75 2445
176 2368
456 4774
80 4711
322 4801
45 4723
82 549
382 1624
137 1686
80 1092
332 565
158 3799
226 2234
436 85
302 1856
369 3351
129 2883
306 4780
8 1334
231 3247
296 4351
194 3012
121 4139
402 1505
40 4093
413 3160
233 4762
177 4704
89 2449
454 2875
395 3119
388 1429
110 213
139 3767
222 4292
184 3590
144 3628
104 3418
2 2498
207 361
45 1624
325 4145
170 4271
20 2124
447 1274
255 3154
85 2532
95 1191
174 759
21 1460
93 4928
418 33
405 3969
403 284
142 957
375 4362
353 1296
17 3406
368 4754
75 3063
118 3679
87 1403
161 532
75 4351
216 388
211 2752
217 777
451 564
331 2068
20 2755
327 4642
224 3304
260 3341
128 3665
315 4363
20 4539
27 4267
323 4957
44 1087
310 2112
332 2980
445 4053
144 1696
32 3758
433 2760
177 2442
402 417
62 883
331 4649
218 3893
229 736
120 671
250 4767
387 4070
125 1651
133 2381
414 4904
120 4068
258 4350
269 525
285 1386
398 54
431 2839
170 4575
216 3475
183 1649
102 3987
165 1843
289 2401
335 1384
58 2931
333 3927
172 1837
107 24
287 4193
211 3373
315 1367
44 782
147 3648
104 3495
407 1910
378 4074
311 1819
215 4303
398 3216
236 3541
108 1450
196 951
226 377
384 1326
244 618
367 3866
255 4865
435 3605
191 2961
36 1241
95 2434
11 1878
220 4420
335 1191
247 2608
386 4379
190 2728
94 567
136 1731
9 4774
453 4543
407 1239
264 34
330 1050
301 3420
267 4920
366 2034
404 2619
267 983
443 1898
288 1160
161 2417
127 434
278 2792
4 2328
82 4162
149 607
52 3433
210 123
148 3205
349 3488
35 2931
99 3957
38 2300
137 1610
231 4104
42 3828
69 3525
91 3771
413 1180
410 727
377 3960
351 4124
137 3294
442 4107
359 1644
94 3899
368 2452
412 2589
443 201
173 1028
91 3215
179 111
392 3926
84 3060
32 3924
167 1650
391 2398
319 4117
164 3372
236 1426
158 1328
340 4299
297 2910
445 162
158 3913
377 1593
283 4005
142 2551
254 1262
96 4266
136 3800
357 3770
330 4456
352 2251
292 4280
281 549
4 3452
434 4012
370 400
378 362
336 1250
198 588
311 1076
225 1797
403 4424
80 2069
227 4970
316 4666
356 426
178 2523
309 2440
219 3095
428 1425
41 2596
143 3344
319 959
368 1859
247 4726
53 1041
382 4181
245 3427
66 4696
2 1977
319 2998
172 846
260 3951
323 605
103 3289
96 70
148 2715
190 1154
283 4223
150 3023
318 2786
379 2047
260 431
452 1712
30 2001
210 194
84 1699
124 281
425 773
59 1504
73 4348
387 60
424 3294
173 4794
289 1028
2 4686
130 42
448 2809
239 1269
71 1782
252 3228
5 1349
379 3292
422 1899
257 3127
137 4706
89 3626
138 3726
226 3627
36 536
433 1947
431 2441
124 2216
236 4388
19 4441
386 1137
7 6
265 2824
182 4398
213 3373
104 2256
130 4007
370 429
126 4561
198 3724
276 1806
387 759
188 2651
372 3627
318 3591
185 42
398 2782
132 4490
33 205
26 4446
80 2614
297 1486
338 4228
306 1924
321 1839
302 4731
369 2305
369 2404
64 4461
121 3329
365 4823
31 1735
225 548
97 4860
270 4629
323 2657
20 3225
80 478
246 553
400 2620
50 846
199 3657
429 2240
382 766
178 1900
286 3230
221 349
308 4010
348 3297
270 4306
404 6
36 4775
24 3329
70 4187
413 651
109 2464
94 2963
211 1145
180 1493
168 2500
337 4137
41 3516
456 1007
213 3096
13 149
299 210
444 2659
251 3364
450 3359
352 290
150 3468
175 1822
192 2402
293 4363
378 3812
340 670
233 1217
74 3148
269 980
12 3165
248 4595
144 2241
323 4621
261 4650
356 1591
444 2280
439 2468
219 88
455 1222
270 4708
36 1525
31 1596
392 4874
5 3368
41 969
241 3558
407 3119
222 668
24 932
103 1056
266 2236
315 2808
132 2953
293 3446
65 2034
440 3628
9 3838
293 958
357 3563
146 903
251 3436
312 4139
131 4482
410 1580
68 4912
39 1761
330 1723
366 4384
449 2871
139 4270
259 4564
263 1527
171 195
97 1914
216 922
429 4652
6 3325
87 1578
356 2033
66 3488
283 1412
366 5000
374 3085
119 1084
97 920
347 1702
241 2279
410 2067
128 3797
276 393
451 1627
65 3386
248 1123
426 1551
281 2075
125 969
312 4600
340 1770
338 4272
412 804
391 3645
182 4066
109 133
328 3367
349 2615
450 300
286 3970
213 2994
160 2692
12 1905
455 3960
204 1
380 3489
266 2981
291 330
384 658
174 2015
375 4901
225 4791
39 2858
358 4980
450 1814
191 2618
117 1803
111 2538
368 3799
331 3414
117 2663
76 1042
388 4759
301 3604
294 1987
317 3643
279 1786
167 4770
339 2434
91 1731
397 2920
169 4149
71 1772
288 1849
320 3953
322 143
428 457
191 3109
260 301
75 4734
182 959
297 4282
58 1181
277 3117
400 1372
103 3234
152 4455
327 4325
59 1064
274 2626
128 3207
176 3127
174 1740
401 4176
292 3234
178 2612
66 1106
131 2796
373 2725
287 148
162 3896
253 751
74 1444
145 1407
448 4510
385 3170
166 1216
56 141
236 4829
392 1571
325 4735
358 2709
170 4785
279 2452
147 3096
75 2517
83 2674
452 4515
63 273
46 2722
373 4433
450 449
34 360
434 1077
303 4488
375 500
58 1291
360 2506
169 3679
246 953
115 840
308 2936
120 3376
227 3046
150 1654
22 1826
285 4398
402 4135
53 3788
256 1582
184 1508
45 1201
260 1863
356 4345
212 4066
81 1687
246 1437
198 1430
445 3181
82 3830
306 4247
270 2530
270 622
349 2412
130 4204
63 1847
407 508
235 1927
331 3793
105 4441
399 3919
131 2038
130 3132
137 515
410 4664
25 447
319 3429
369 4140
92 830
423 3982
15 4003
338 1657
146 3819
56 273
61 706
394 3297
347 2762
141 3074
389 2483
331 1763
262 1234
56 1400
378 2471
102 3495
51 2574
28 4719
242 804
368 3759
316 708
110 478
195 977
316 1518
51 600
212 2478
380 931
245 990
125 1944
303 1488
186 287
198 2280
169 3747
151 3168
244 2573
244 2311
418 2279
372 3962
93 1017
292 3270
1 2270
234 1233
48 3891
454 4726
28 4207
313 1085
347 4325
94 142
18 2111
106 2289
296 3304
270 3891
8 1663
402 525
81 1132
180 1557
17 1367
280 1232
149 1898
114 3163
62 867
107 1584
327 4227
412 1893
293 3245
307 959
354 4990
6 4434
225 492
180 2502
380 382
107 3227
347 4457
117 4095
335 4203
146 2368
318 1364
167 2730
132 385
176 953
61 2989
207 2345
10 4451
41 2980
62 119
356 4065
289 1437
73 2257
45 4526
363 59
360 4630
281 362
343 153
270 3192
204 91
49 3170
38 4181
99 265
101 2214
220 1999
152 962
125 4338
367 4958
158 3437
352 1411
343 3793
134 3063
183 1759
132 702
422 2521
84 3711
456 1728
183 434
244 3088
120 1628
25 515
292 107
95 557
365 4826
295 3888
308 581
437 2592
38 1539
206 4464
44 3111
432 712
243 1605
245 4767
94 4343
305 2209
98 4980
40 1655
88 3427
4 1134
233 1196
265 1931
254 2942
93 15
171 1974
280 4889
17 4928
407 768
338 606
7 1900
123 3153
42 1681
16 3327
58 1054
100 4741
426 2940
318 1103
353 4725
381 3874
414 4544
291 4555
190 815
2 1712
421 4811
92 2688
285 4998
261 4298
156 4550
306 4440
396 1051
454 119
306 4401
407 2848
283 676
433 310
43 4150
73 1398
387 1586
191 1857
307 3509
354 247
314 4881
177 1501
428 4763
330 3425
2 1266
46 3288
7 4435
57 4673
410 1906
107 3583
43 1684
425 3074
88 376
103 1929
155 764
203 1668
72 4269
359 4786
315 1348
59 4365
67 469
279 3818
9 4528
450 3123
323 3330
450 3536
91 4355
45 2683
320 4205
53 621
110 3539
159 2745
397 4907
277 1878
18 3547
