829 829
63 3573
69 2287
214 1080
327 4553
205 3315
51 1870
297 4905
393 2748
347 2860
226 4161
71 84
359 3351
330 4026
158 2211
103 57
254 2405
174 1950
64 2674
379 3599
346 856
230 3274
405 274
265 587
142 3936
413 1968
219 1689
394 732
188 988
258 2446
301 1168
257 2056
377 1807
408 763
288 4937
100 3871
284 721
338 3558
242 357
349 3654
72 3859
194 316
273 706
240 3961
180 4649
308 4499
403 2807
201 4108
199 4759
168 1846
278 3271
221 2534
176 2759
186 103
168 890
191 315
311 2850
348 4404
89 2182
368 3280
180 2838
100 2729
84 1902
116 4139
188 2027
69 1688
235 2942
82 2402
77 3490
245 1521
213 4978
357 3158
185 2839
66 4974
284 2791
174 3199
344 4987
201 4385
237 2635
137 442
97 1745
196 239
27 1573
200 941
76 2596
90 3462
344 4354
177 1713
282 2251
63 4059
118 4742
32 1428
258 4269
65 4299
179 460
291 3649
390 572
296 547
163 2610
299 4393
36 4632
265 4874
131 3873
36 1713
248 4954
331 1772
20 3202
241 2516
27 1045
311 1523
176 4432
260 1905
309 3769
238 2824
126 3892
1 3012
64 1585
222 3955
404 4313
215 4717
267 3741
119 2367
295 870
31 204
207 3095
233 1651
74 200
387 2422
59 2149
77 2971
224 1010
136 1428
62 4433
28 306
29 1973
1 3660
188 2424
400 1005
234 91
279 368
218 2795
250 344
245 1144
332 1468
115 4172
253 2022
301 4343
286 3260
157 108
336 3802
110 191
214 1848
64 2676
54 1861
377 4336
20 812
385 1436
204 4119
192 3337
155 4189
344 3343
202 3887
256 514
137 2952
315 4853
300 647
335 2354
310 1358
253 3640
97 3419
407 2670
377 2043
361 589
166 3915
268 3520
288 323
374 2241
114 52
300 707
78 2134
221 3041
270 4505
134 3333
354 1013
361 3556
254 262
274 2779
7 4876
223 4213
10 4845
200 2650
165 2380
96 3208
249 2953
7 1777
331 2124
387 1824
276 1685
34 4174
272 947
303 57
392 3947
7 3992
368 2888
114 3459
337 4622
225 2775
160 4170
101 3312
189 1737
150 84
177 3337
85 1468
283 208
31 1650
148 1625
372 2499
154 2791
169 469
144 2803
292 1500
102 4537
291 1638
242 3497
363 3356
13 2718
206 2298
201 551
152 678
17 3156
338 649
374 542
20 2121
222 2830
335 3187
186 365
115 564
324 2697
265 865
255 4817
113 279
144 2620
223 2729
63 3514
110 2221
98 1534
361 4303
119 4334
276 2339
44 364
238 683
79 2572
260 2990
251 3007
227 506
227 2350
35 193
32 3422
25 2615
155 1775
232 3224
378 1949
179 931
139 3559
340 4918
401 4494
231 2330
408 1516
269 3049
366 401
166 2339
65 2020
381 4402
262 2008
90 1085
405 3769
162 4327
321 3346
34 4695
138 2808
226 299
150 182
4 2211
222 3962
363 3437
204 3472
276 2191
216 2457
178 1601
130 3634
178 3802
97 3242
402 2743
347 1880
82 3503
62 3052
315 4473
85 15
366 4441
27 4959
325 830
263 1847
375 2322
26 1070
346 799
372 1151
14 1848
173 3970
17 491
331 2361
401 1890
206 4704
141 4111
413 4116
297 229
286 1872
324 3501
213 4513
5 908
1 3572
389 1900
180 4822
140 4406
381 4604
5 2082
102 3897
58 1820
396 1369
75 1470
238 818
402 3992
167 4371
364 4146
369 4815
258 2709
142 2258
353 1495
41 660
236 2022
136 1621
84 4933
215 1708
385 1159
4 230
65 4133
63 1026
340 975
130 2895
86 3216
290 3525
177 2735
86 1950
5 1007
176 1526
51 577
225 1845
74 3332
5 2844
41 2922
328 4198
326 4671
325 2165
72 1398
366 2699
383 4080
62 4862
178 2682
386 1713
404 3743
77 2300
141 2842
263 4640
244 420
378 3598
29 3263
136 888
230 551
169 2913
192 3365
146 2298
94 2658
201 2809
252 3636
258 3045
33 2529
35 3980
293 4330
313 3455
46 69
176 3890
313 4754
176 1791
215 713
289 1885
6 3717
190 2107
386 473
213 279
227 3729
28 353
303 3935
260 1815
327 2940
294 2307
343 2291
409 1634
336 3881
368 3650
376 1249
277 3657
34 780
371 3730
165 4959
95 2961
92 1361
98 553
4 4281
147 1477
129 1595
243 1030
44 2626
112 1069
313 3747
354 4179
88 816
180 1997
172 3054
319 2273
254 4315
61 2393
259 1665
95 1357
7 979
64 3483
160 2874
159 2999
103 3747
86 2830
76 4890
60 1654
7 4542
147 1512
310 3357
266 1404
70 3166
91 2477
70 2863
45 4467
69 1240
190 1156
362 4023
373 4939
149 24
166 4325
112 3419
100 2184
225 1808
405 1133
246 1367
324 1765
12 2409
374 882
333 2362
366 3129
232 1031
173 768
176 4537
278 1298
275 470
269 1181
51 370
82 4068
138 3842
348 3068
32 2400
156 2348
140 1361
151 4073
101 54
379 4021
53 875
412 429
128 3234
111 3242
162 3760
272 857
195 1830
159 403
25 537
359 3625
271 3579
44 596
260 4838
335 1937
77 1610
389 2969
342 2401
147 3717
228 1908
389 2951
184 4362
158 4568
114 4982
150 3733
191 3654
181 4758
139 3092
279 4042
299 1961
143 1886
375 3541
264 4397
75 931
25 661
201 2761
174 353
123 6
246 3043
284 2410
274 4334
92 501
75 1956
82 4091
283 2198
156 117
151 443
158 2955
260 584
117 4880
200 2212
244 3427
248 699
320 760
372 1410
284 3388
113 1653
155 1236
117 2243
326 4476
122 483
72 4382
183 889
30 428
28 3668
34 4772
321 1074
151 1025
75 4451
97 3938
413 1325
283 455
304 4290
223 439
410 1326
328 2707
149 1754
59 1002
172 3257
126 1340
141 2982
140 4250
105 3048
59 3994
281 4603
302 2617
227 3814
42 3175
1 4955
173 512
266 3336
135 2212
185 4642
238 834
309 467
368 3829
118 3477
353 3872
195 485
349 4670
335 2290
143 2855
360 234
386 4798
23 1926
338 1191
120 4184
61 1186
366 1399
179 3971
122 4427
335 3341
209 3776
277 3035
256 262
275 4685
34 1500
209 3567
145 3859
67 3023
402 4269
394 4160
131 3370
333 2652
191 4855
264 235
125 564
50 4150
194 3491
321 59
82 1875
300 4612
234 1656
126 664
150 3841
144 4462
33 899
280 3351
5 3351
21 3096
397 2596
178 1603
37 2362
99 4405
122 3804
267 4194
400 4899
400 1121
174 2259
232 4861
139 1155
300 1045
3 4222
290 3097
247 2578
344 1383
211 1389
25 2592
141 1479
405 4822
112 2485
176 3746
291 3780
157 1077
159 3144
207 3040
150 3125
26 1217
207 3361
75 4352
386 2505
386 1379
264 2978
316 2489
406 1405
71 3585
12 2769
333 3795
69 3283
211 1043
231 2694
7 4693
182 563
229 494
148 91
279 2446
99 2011
141 2615
7 1456
279 4159
17 1800
342 3878
166 4515
331 4224
134 3214
172 3198
266 2429
386 1762
281 593
314 4924
261 2614
124 2170
35 998
54 2786
398 885
243 864
265 2143
383 1440
96 9
378 4905
356 3759
361 3874
12 3898
384 2267
162 560
2 2660
371 4897
412 1158
40 627
300 3412
150 1462
244 3248
347 998
86 838
173 3532
219 4322
71 4522
111 3353
97 4506
58 488
273 79
207 4845
26 4912
185 2980
56 3073
95 3698
16 4358
112 608
380 1373
170 3987
335 2455
395 954
42 772
196 1575
284 568
102 3154
150 1919
410 1798
237 844
256 4502
24 3945
163 607
353 3802
404 4142
66 1525
46 480
196 2076
95 192
359 327
60 2494
365 4511
39 2993
162 3295
347 73
62 3947
373 2634
382 432
32 1807
389 4676
358 2971
2 2433
43 532
195 2201
312 1696
142 1742
303 3675
267 807
153 4789
65 2715
401 3775
105 2950
211 1586
126 1800
246 4579
124 2431
394 985
399 4804
198 4973
24 2571
202 66
42 3512
280 3267
90 957
268 2587
284 2772
368 3856
300 1427
18 3883
189 68
239 1331
159 3604
218 3813
414 3788
335 2930
335 4556
130 2791
198 107
225 1970
87 3718
243 3837
194 3326
258 4164
295 3346
63 4861
329 275
287 1972
119 920
310 1796
114 3373
221 4194
399 3303
393 877
189 4746
254 591
347 3081
182 1952
157 1725
178 2003
81 4565
246 841
399 1691
277 913
130 1681
276 720
400 4271
4 637
22 3941
352 1314
336 2516
335 4564
323 2572
361 3530
368 1216
110 4846
338 4777
344 3219
325 4126
335 2453
343 1913
281 226
173 3842
