603 603
279 1917
243 4882
225 1229
87 205
239 4406
43 2724
98 3252
118 2661
181 929
181 1635
18 1287
62 1927
252 4443
95 4444
104 545
267 355
279 265
69 3422
151 2838
7 2955
144 3428
107 4783
280 1866
288 3572
103 1893
265 1550
165 1742
50 182
57 303
66 2001
267 645
88 4800
22 4523
35 2737
238 1566
200 1795
218 286
50 1157
97 592
61 4636
26 4858
189 3971
219 195
182 2227
184 2906
161 2956
144 1402
180 884
87 4405
240 499
221 4383
205 4434
281 3747
154 2912
152 393
257 520
105 4149
27 951
270 387
273 505
80 4783
132 102
80 3783
249 3896
295 4555
157 370
261 3132
289 372
39 785
52 3158
133 314
13 363
86 686
101 4257
247 4965
284 2319
280 2422
195 2826
124 451
225 4480
190 3925
2 2158
16 457
113 3758
256 4556
22 1017
297 4812
285 4165
75 1823
288 434
61 1724
134 2127
127 4790
233 3070
45 4944
170 3654
175 3587
239 4578
223 3618
115 2775
285 849
193 2177
24 4407
168 1963
26 1016
2 3098
179 4352
289 434
76 4104
171 182
221 4359
11 261
176 4932
200 1924
203 2952
251 3405
177 3062
113 4122
173 3238
187 1422
186 2367
191 4870
170 2839
72 2346
55 968
253 3385
44 4643
227 1591
289 1170
263 100
66 3027
62 1208
270 2628
275 2418
119 4063
79 3243
255 4422
234 3331
236 3943
170 1185
107 4356
262 3250
209 4236
10 2528
260 4674
87 1494
53 1198
117 588
252 3546
107 1407
92 1742
5 3200
53 4774
98 3170
190 3408
114 594
232 803
230 1175
212 401
213 112
64 104
172 1854
68 1173
11 4151
80 1794
208 1355
63 4688
215 2238
189 4768
134 1684
79 181
147 1712
298 3387
243 3601
79 3016
73 4124
112 721
44 3290
127 3752
128 1381
25 3367
89 4281
188 3464
230 3427
3 3032
35 56
66 4756
232 1982
253 2130
262 1333
176 1749
255 3430
207 489
1 278
267 370
115 1466
143 673
10 2229
281 1884
252 234
18 2365
116 654
11 3485
35 1631
198 272
187 1982
242 4150
13 1318
188 2594
263 2097
263 1202
23 4005
285 2665
224 2975
226 3652
201 4666
62 4470
190 3954
18 3240
41 365
142 3145
281 2161
283 1344
204 4896
103 3733
157 309
190 1899
240 4752
258 2330
134 2228
199 1958
47 523
77 1418
58 302
273 3404
91 3082
282 2740
101 4367
174 2985
120 107
256 4129
42 3666
56 2998
79 2453
91 1134
131 2405
88 1647
297 2236
129 1233
74 2636
227 385
132 421
164 4484
279 1223
32 633
43 4606
91 2092
18 331
295 2285
224 4927
131 4442
193 2020
297 3593
226 1769
39 4662
216 784
150 1959
77 3551
96 2000
204 4605
123 973
22 1311
12 4228
182 3696
297 734
160 2680
226 2760
192 3940
1 4222
35 1248
241 194
186 253
144 1387
246 1316
85 3750
189 2009
155 190
259 4797
226 2580
295 1600
24 4237
120 2425
42 3641
9 1306
267 3209
226 4075
254 2422
13 2562
284 4142
98 688
133 2802
43 2436
138 4177
242 4388
254 3382
36 1356
299 3614
143 4635
230 4002
187 1617
166 4400
205 2702
222 2121
23 2686
255 3094
297 4490
44 2629
132 25
277 4354
23 578
17 3321
82 3265
14 297
16 1481
175 4056
196 4140
209 2243
117 2009
274 295
162 4411
265 1682
58 2149
20 1894
151 3430
5 2983
295 31
105 2786
39 4192
265 4564
9 1191
259 8
136 2284
122 4049
41 375
96 3489
282 1242
89 1299
222 1909
52 2828
84 2184
144 3860
223 150
245 2703
34 67
99 1772
218 547
33 1973
110 3488
188 287
102 3559
56 3686
169 3905
121 2383
41 4094
232 3830
151 2170
260 1633
163 4863
291 2346
19 1599
77 3872
204 1343
96 2693
113 1522
218 323
4 51
219 568
57 1002
152 576
146 4527
284 1955
264 2950
100 733
170 3567
6 1597
193 2266
24 2527
190 346
199 761
185 1900
214 3102
145 2412
116 4224
194 4231
271 898
83 1127
172 338
157 2976
244 2979
1 2204
76 4765
194 2925
126 1257
84 1102
44 3337
195 2284
106 1697
157 3278
61 3177
135 3105
68 4080
26 1796
228 3394
121 2712
23 1848
254 74
85 3672
213 4609
55 426
95 4990
185 4807
105 1768
116 1446
77 232
292 2918
280 1683
55 2525
37 4395
203 2731
74 950
193 2416
130 3223
164 2281
114 1541
118 1122
290 4996
250 372
165 2676
68 1440
203 3795
136 2847
29 1864
42 1579
269 4741
263 2226
110 1589
224 2870
200 1652
29 259
3 1370
230 1901
219 4250
92 2765
227 3689
177 1018
269 972
158 185
134 4296
9 3640
217 518
4 2890
28 2135
239 2179
272 2849
76 1565
222 2968
256 4435
34 555
190 3840
89 194
156 2256
39 2923
105 2138
275 3612
23 245
16 1864
266 740
181 155
240 792
207 1856
8 230
285 56
39 500
182 2623
139 2052
11 2624
68 702
64 1766
200 3319
16 1344
207 3758
146 2612
136 4272
279 1200
8 3585
143 4494
67 2544
159 4514
54 320
3 3091
134 120
126 1330
36 4839
264 2010
158 1248
160 80
164 3999
198 2569
3 4014
183 3779
277 2065
121 1964
270 1042
28 429
187 1863
32 1246
214 2880
8 3528
182 4655
289 1124
295 598
252 4127
167 2213
84 4596
184 1555
180 2664
210 988
141 1234
257 4481
53 3721
39 4418
156 4208
271 4140
29 4921
232 804
48 4418
22 1659
210 1754
150 3503
285 3568
287 4036
61 1499
259 474
42 4013
137 1648
103 1196
38 4739
86 2135
115 3943
232 1003
226 3425
57 1010
253 3256
266 4894
211 2220
36 1719
207 566
290 3399
83 2355
272 2094
153 624
158 1705
15 1914
251 2710
130 96
251 1156
252 4812
32 3647
92 1582
66 987
84 81
230 1295
54 4209
268 3129
161 3082
170 2043
230 1475
189 569
146 4905
86 4108
153 785
108 4517
171 364
26 1448
195 2348
164 634
103 748
12 1270
288 2057
126 2671
40 1182
169 2440
59 3274
138 8
291 1965
278 4360
95 2774
254 4313
204 22
298 293
239 4894
35 2110
159 4218
