972 972
373 872
199 3822
66 711
156 3177
315 30
185 4254
322 4952
112 3721
170 431
412 4491
447 2731
289 906
416 100
394 1463
296 4932
212 378
29 398
300 4672
382 2611
129 3666
103 1104
443 906
302 722
235 1649
458 697
73 2733
404 2248
373 2165
252 3640
238 2384
41 3959
434 3916
236 4747
241 4650
379 597
204 2597
151 763
403 1855
198 1008
277 1093
322 1343
282 3478
309 4015
369 475
355 3708
457 4846
174 3516
464 4037
352 2004
279 2538
13 275
212 1676
123 3952
468 1825
334 4507
267 384
480 77
483 1762
125 605
172 1491
416 4277
475 785
284 950
399 4368
316 2842
347 4688
206 4605
43 4024
262 1673
66 331
50 4568
230 4053
300 1698
281 876
63 1086
104 3849
325 4493
144 1524
40 450
122 4332
384 3939
349 3053
345 3500
136 4662
469 2583
73 673
14 3311
199 141
137 255
348 4697
379 3234
305 2721
448 4283
312 3239
94 4780
437 171
324 4573
3 1371
252 1044
343 795
82 1288
398 982
231 4970
13 2459
439 1
441 4229
26 4362
15 1690
321 1956
379 1420
273 3607
430 2157
410 4028
335 2314
433 1353
419 1464
268 2459
386 3827
217 1146
57 912
355 807
462 1991
280 176
288 33
7 749
352 4758
331 237
273 2834
314 1399
470 3087
255 1001
242 2938
360 74
218 4395
367 1798
98 3806
106 4407
442 1205
230 2630
346 4795
296 1824
266 762
295 463
433 848
218 1261
378 2674
408 1834
190 2343
476 1325
435 4924
78 2077
409 4694
251 1608
216 4420
100 170
220 2826
47 2447
95 2699
123 1045
179 1829
473 3115
333 3340
354 361
358 4020
128 343
67 4168
168 4342
358 1441
329 2732
18 635
188 2312
22 4764
35 3228
89 2423
337 2816
139 2646
54 1228
243 276
302 2288
252 4647
229 2160
329 4852
288 165
189 1174
123 4054
481 1292
261 403
157 3299
365 1423
298 2978
422 1519
134 4014
206 291
343 988
38 266
294 778
377 2946
248 4944
103 4448
262 4225
353 2217
362 1176
472 3314
98 2410
385 4789
90 399
442 966
479 2086
454 2879
319 2059
221 4251
226 4863
247 3738
64 3959
391 442
109 2243
109 4225
336 4047
140 2313
435 279
16 4473
221 1008
351 4639
105 3844
469 1963
191 4520
168 1254
50 2479
302 2025
40 2402
176 3433
141 2430
406 2368
303 1345
205 2397
38 3407
450 3171
28 4284
280 3214
361 3663
473 3022
289 1429
124 2925
118 1916
12 1765
133 4844
99 3269
386 3911
235 4739
263 3028
407 3675
478 3
93 4310
428 1892
345 4644
126 3344
109 98
304 1355
437 1467
213 4540
155 4548
120 3430
447 2193
304 4811
91 4422
33 3648
361 1111
108 2069
463 816
420 1994
453 1342
308 1855
120 3859
268 2942
259 4486
309 3467
12 4743
150 1340
32 720
107 2932
11 1113
218 2922
70 2052
157 4893
17 3529
381 1925
336 1750
457 1020
379 4160
46 1421
50 2896
195 3720
401 4400
267 1375
331 2569
338 2829
33 1095
134 4713
327 2760
268 1678
28 4333
206 2088
2 1522
293 4183
356 3610
18 4501
116 1923
478 3550
191 1488
102 1162
247 4702
309 2494
416 2973
397 1764
396 2879
287 1796
78 4697
201 4727
188 4046
445 143
13 1520
90 2812
152 3083
387 1266
69 845
351 1738
107 2404
471 3140
363 1231
215 934
223 4328
60 1167
396 2339
477 1080
484 4376
35 4489
214 1501
462 4118
58 2514
265 1324
431 4852
281 4154
106 4236
70 4191
143 4031
424 1706
35 464
44 4908
260 103
249 4013
344 1599
273 2432
403 185
436 478
454 4909
282 400
333 4265
467 1620
68 50
66 4024
450 2369
433 4090
469 1998
372 3392
413 284
433 4214
370 3869
462 746
75 4682
62 369
290 2706
131 1226
131 3571
218 1242
224 3606
93 1038
256 1058
440 4589
207 3249
27 3269
294 2650
348 123
245 352
23 4686
319 948
252 4216
401 3875
48 3201
242 818
355 4280
471 4180
261 3931
471 3040
204 159
305 3866
331 1020
431 1933
363 2709
90 2361
178 468
166 3866
9 850
207 2938
360 2645
109 865
156 1016
268 1150
175 1515
201 828
100 2578
157 4020
128 1244
242 2200
337 938
484 4387
347 129
127 2478
413 4720
302 1867
297 579
151 131
40 831
140 1720
106 2350
418 2564
198 1932
144 3224
358 238
30 4448
134 165
347 1281
212 4366
349 393
119 4335
219 4139
365 1517
185 1372
456 2943
332 4105
93 2401
12 4200
317 779
157 2663
114 920
300 1483
133 3658
370 1639
208 2924
375 1672
407 2964
23 80
182 4095
436 3319
201 881
455 2976
52 1504
402 1180
410 2557
288 3704
392 2456
134 2760
133 3749
16 4993
138 4998
239 3264
370 2666
485 2167
409 3722
156 2307
377 1131
463 1765
362 961
331 1265
95 3886
348 2268
158 4256
32 1544
193 1856
477 2813
115 4044
275 4458
450 4475
313 1001
280 290
201 1241
246 4534
164 4675
268 664
210 4554
213 4137
171 928
244 4077
230 1772
29 1700
117 229
70 4639
221 1562
12 2418
148 1572
10 2708
135 4010
141 3484
322 3829
329 3264
407 1033
92 1189
379 1780
77 2383
463 826
417 552
420 830
60 2208
45 161
253 519
246 4369
70 1105
379 403
319 194
246 1264
385 1419
73 1773
403 633
452 2018
78 3433
131 3594
54 175
158 4999
256 4128
269 1432
160 1711
46 4132
437 1118
395 4347
290 1724
470 1607
254 2463
165 4016
52 4526
346 1925
428 2171
248 247
186 2182
46 1373
242 2218
280 4390
10 3986
42 714
433 3269
271 2429
256 1059
43 3123
356 3814
304 2045
104 1369
120 1128
52 166
23 380
29 4421
74 707
421 286
341 4765
468 3972
213 4010
65 4807
123 3258
484 793
163 949
456 4037
482 3538
380 1099
89 3264
362 3821
303 3024
62 2802
329 3110
436 4672
270 489
5 2944
8 821
423 1437
309 2650
455 683
59 3583
391 840
358 2499
388 1311
252 4446
140 206
187 1633
260 45
422 1312
393 2977
80 2230
163 3960
77 780
152 3251
134 556
294 3818
65 847
149 403
67 1242
55 3241
98 2242
399 874
428 3139
331 4840
116 223
256 1145
62 4192
28 1424
191 3854
361 2319
20 2415
182 4865
448 2124
438 4571
258 1859
184 1499
472 4499
426 2009
7 4488
149 2897
366 1893
243 874
347 4121
465 4394
233 2914
106 2365
390 1054
11 917
398 846
363 1093
260 1001
252 3218
83 1839
314 3986
205 3489
136 3333
418 3508
41 1838
477 240
435 2500
452 4018
5 366
307 4005
8 2710
235 3804
481 1424
22 3190
436 3425
283 2099
53 1047
289 279
38 1747
241 632
262 2014
144 223
370 3207
92 4031
375 1849
137 2829
28 4167
288 4049
308 3281
407 214
381 410
13 1910
34 2857
283 1145
360 783
174 30
266 1907
180 4485
71 4335
237 2690
279 1244
3 2823
432 608
186 2608
258 3558
409 4415
424 732
284 3343
459 3563
25 3849
462 627
322 2191
328 1711
126 755
276 2355
442 3782
128 1344
240 824
202 4409
259 3818
144 3012
122 3905
12 2950
54 2782
117 2023
43 3562
130 1324
285 3407
384 65
16 2777
61 3733
156 1691
474 2654
22 2419
372 30
5 4153
126 2413
465 1973
314 3738
266 3071
425 3083
13 1469
36 3765
243 486
404 1408
52 2918
165 4695
457 2838
444 1677
376 1831
435 2333
86 1449
229 2333
470 482
231 4567
19 3510
104 3779
245 3298
152 843
290 3855
173 2488
410 2338
329 3167
440 4147
418 2429
374 4388
229 388
106 530
82 1227
178 1003
77 380
315 523
391 2445
61 1704
293 2570
342 4898
262 4168
185 3128
420 236
392 965
278 2677
451 2261
365 4757
224 2301
222 2768
20 255
441 3953
23 1612
115 31
137 2691
176 3301
22 1066
244 3935
69 3371
281 1436
321 2877
237 1505
431 4176
250 333
255 1913
168 2878
218 2537
95 4480
424 633
63 3210
273 872
207 3464
484 1893
114 2549
71 1875
198 4321
68 3273
480 3893
94 3879
239 4809
65 2568
440 1978
295 4360
158 1089
78 1477
422 4427
309 1730
101 3302
457 3722
262 1510
450 2828
451 416
118 2303
132 2783
332 4586
480 4494
351 2712
425 4370
372 1823
448 4847
418 1760
116 2575
212 4642
309 1751
133 3481
192 1815
121 2642
138 2327
245 2588
33 258
79 1980
275 1805
255 4854
68 1872
289 4320
293 3148
279 3273
175 3245
258 74
21 3370
102 531
316 3348
386 3464
214 2899
350 1377
245 2930
128 872
139 4406
290 1150
225 190
75 2305
305 1705
416 4859
475 2453
149 2305
134 490
298 3936
64 1745
179 992
299 3876
362 1371
347 3964
484 2111
234 1844
261 4646
355 1448
113 2102
474 2135
234 4189
12 4857
153 1128
328 1102
80 1445
357 1022
283 3927
317 3442
81 1420
386 612
467 2383
253 4627
121 4775
383 399
441 4375
450 2530
393 3410
167 2518
46 4495
438 809
102 981
354 2168
399 3720
457 4157
416 2917
43 117
334 291
347 3297
61 2392
423 208
295 4288
304 3162
289 337
467 4221
49 4424
191 206
84 1349
453 934
437 2724
416 3945
481 3748
120 1169
422 1633
20 2003
54 4968
72 4569
362 2071
418 4927
439 1645
364 3128
86 648
77 3950
294 3510
462 4084
201 1361
331 3847
372 3787
470 3349
301 545
44 4842
332 487
164 2187
358 3940
72 2611
112 2282
42 2824
301 3744
102 2150
304 1061
318 2492
33 194
25 714
238 3369
435 1259
280 753
54 1826
216 2135
262 3279
74 2450
452 1519
151 3203
389 4997
326 4290
2 2298
415 3547
410 272
210 4875
154 3611
30 241
198 394
388 1347
392 1225
41 2653
14 3237
475 4355
390 3517
221 1082
49 1262
424 3086
66 1676
245 3519
136 1313
176 4443
149 3262
224 1025
104 1587
277 4452
2 3484
246 4627
457 540
38 2092
175 1794
93 897
42 2171
