558 558
191 4580
14 3689
172 1852
19 1257
145 925
275 931
250 2427
62 4640
220 3307
206 2659
144 2345
199 55
52 2532
192 2080
260 314
239 4998
27 3163
34 3093
277 518
221 824
264 3122
232 3918
12 3648
151 3172
109 4474
68 1002
90 2766
129 2278
190 4529
245 796
87 4191
33 1303
79 1917
187 889
266 2451
190 4979
272 1836
204 3250
96 4811
237 3109
74 1955
80 2689
193 4228
237 4540
213 2931
261 4697
249 2124
27 1648
234 816
13 1292
247 1584
271 2425
52 925
72 1954
107 1205
250 2754
275 1009
195 718
113 1250
4 269
48 810
191 2878
87 234
232 2077
70 518
231 1531
140 4998
165 4629
219 2673
45 771
114 2447
86 2436
253 676
134 1550
190 3512
101 4771
234 3662
134 1255
79 2936
20 612
58 1308
147 47
64 3438
216 588
54 4019
216 1725
168 3629
178 3577
264 4415
65 2491
179 3408
174 1407
157 2112
257 3178
234 2924
218 2328
83 60
54 2471
115 4235
246 4960
94 4953
38 592
94 2822
178 716
21 1652
259 2643
40 2445
270 864
80 4496
165 29
214 1310
63 3927
119 4300
41 4261
209 2560
66 1492
35 2589
39 1773
253 4379
155 1463
14 1219
98 3960
14 723
106 2889
277 39
140 4371
207 4153
87 445
14 882
170 2225
5 4842
128 1515
90 2458
245 976
49 3690
210 3362
82 1034
153 3050
61 4160
6 244
185 3116
121 4779
181 382
79 4338
236 4228
93 270
36 42
51 2434
153 4744
198 2890
109 13
176 2635
195 37
181 3723
200 989
243 259
268 4199
125 2901
32 4449
84 2270
254 3805
239 1847
193 2196
164 388
154 1186
273 996
234 2894
163 4678
128 3077
164 1963
152 2158
221 4678
266 2520
227 2546
67 3552
23 199
268 4905
236 2958
221 1692
226 3772
254 4783
106 1089
230 2405
131 3431
38 3320
160 1136
203 2490
19 2574
228 4760
50 2182
147 3143
28 523
242 4758
166 1333
210 2478
53 2465
81 4340
273 2456
79 2518
175 1274
142 1295
197 3116
184 3632
262 3615
121 3092
112 1683
30 1512
139 3474
65 4699
244 4753
16 4140
84 940
257 2750
160 1099
33 3888
210 3095
104 635
138 1396
33 3935
76 718
265 3333
155 4640
177 4831
277 524
94 1232
265 3027
208 1133
251 3634
228 2189
161 2210
71 2839
120 2662
231 3052
244 894
19 2070
227 2115
228 1164
21 4598
23 4937
78 2633
11 1325
45 1179
105 1918
180 3933
116 2955
141 107
229 1641
172 2009
187 1035
1 4389
188 3717
145 1833
4 4068
258 3022
185 4263
135 4345
212 896
136 2681
21 4897
157 3799
227 4122
86 1087
232 2096
256 3474
98 1579
218 2914
42 1280
46 3083
40 2453
72 131
131 4397
274 2775
53 1494
82 4437
71 1706
128 2695
39 2527
81 1374
139 4306
124 4184
189 926
216 3730
76 449
198 1030
128 4282
53 1728
243 3198
194 3006
37 3270
219 2751
15 4464
132 868
268 4368
271 3407
201 4896
233 2764
28 2610
95 4621
171 2874
263 429
238 3232
2 1948
250 2133
245 2574
15 1208
27 4620
227 1373
116 4288
181 4634
2 4092
215 3767
126 2839
137 2772
257 1359
31 2245
13 4447
103 18
108 739
181 3758
148 4679
20 4039
264 1833
50 254
170 1760
198 1637
11 3975
170 3818
178 4628
219 1183
193 832
199 477
36 2660
135 3900
146 3653
265 1919
229 1905
88 2197
125 1792
255 2165
11 2295
68 4926
186 3992
117 4287
259 3764
164 4649
115 4441
246 1163
46 3308
186 4796
158 504
6 1727
98 4813
231 3729
239 705
23 1696
99 1270
153 3522
188 129
107 3527
110 3244
16 354
93 3856
230 536
50 4989
65 2755
120 3994
161 4694
87 903
227 1961
150 220
1 959
134 1514
164 2674
133 3675
128 3263
247 902
184 591
36 2953
92 1061
101 4998
217 4443
58 2416
98 465
272 4796
85 14
234 1123
212 2317
98 2023
196 940
129 181
112 717
22 2680
79 2653
159 788
38 2110
106 1478
98 3522
50 1192
199 4964
53 1753
81 4039
143 3323
259 1254
231 4712
221 3173
54 3696
227 337
239 3249
57 1101
165 4324
251 356
68 632
49 4072
206 701
205 3439
209 3017
11 322
75 2476
28 3580
263 524
27 498
183 795
93 3836
116 1678
225 204
173 524
104 4650
202 273
168 1783
101 2212
231 4241
253 4026
161 3054
160 3728
183 4122
212 2729
130 947
165 657
109 4711
173 4222
127 414
245 4967
63 2167
38 2872
226 1480
104 3950
158 1751
85 4237
219 1743
258 2969
247 2153
28 433
155 2289
166 3169
199 1897
156 4886
201 2592
252 3656
3 4046
74 57
173 4765
146 3981
148 1353
136 117
108 2708
78 536
232 2637
191 3088
230 4739
147 2487
274 3055
83 3187
97 4594
179 1571
58 3471
78 4523
147 2581
213 4836
29 3312
232 469
81 3700
152 2747
144 2069
10 3989
258 3844
125 2431
78 4488
204 2218
174 1257
26 3623
182 3344
131 3351
127 3198
269 1598
179 4656
230 4774
126 1812
262 2472
77 1262
161 3050
17 261
231 2396
84 2464
154 2467
25 2745
25 2152
62 4841
273 3234
121 3415
4 2655
174 4672
63 97
101 1862
106 3991
174 2633
232 2969
20 3493
147 3195
250 4923
71 3161
201 4257
240 1110
50 4467
37 4404
17 246
45 2448
183 2318
42 437
71 2475
278 3715
144 598
183 1856
231 617
130 4066
253 1596
125 4485
57 2310
27 4567
244 3195
204 4842
200 916
19 2297
108 2376
75 1967
134 1275
24 3335
153 1190
271 1376
73 3933
162 664
120 414
274 249
86 4370
181 2017
72 4451
11 372
211 3079
93 1948
