329 329
18 276
48 2246
156 4205
8 1068
82 1797
164 3131
80 4683
6 4656
159 620
141 4583
143 340
108 1620
145 1091
144 1941
48 4570
43 776
74 2576
130 822
51 2148
38 1919
89 507
145 3051
117 3555
82 2210
152 2844
151 79
11 2292
141 1432
101 1640
72 4864
114 205
135 3912
105 180
49 2625
49 2512
18 2048
112 118
53 1717
19 1037
18 4832
44 1534
8 2879
159 138
58 4532
138 1946
69 2917
43 3146
113 3133
87 1188
29 2926
98 3075
93 2634
55 3760
126 502
2 3924
75 3353
40 3646
148 3787
156 3330
87 393
59 3897
49 22
146 1445
113 1229
2 3867
161 1969
24 2899
30 4566
77 1578
108 3455
43 678
79 4059
69 2030
135 1122
41 429
106 2693
113 1840
111 30
17 1350
136 3725
137 4311
46 3017
107 1063
126 2177
116 4426
1 1895
99 4102
46 4704
121 1612
135 4955
123 1044
121 1592
143 2993
162 1975
144 3846
92 269
160 2148
94 139
152 3481
130 2349
119 1212
5 4175
36 3464
100 3631
26 2594
147 4731
126 2751
90 3894
45 729
69 3569
50 1788
41 405
151 43
155 4323
157 1126
110 761
144 3156
162 1421
132 3156
13 1175
152 3493
79 1560
116 313
132 3859
67 3718
58 2744
84 314
93 4689
4 1092
102 2838
114 895
82 4547
39 1590
88 3407
129 3020
72 2756
105 108
58 1973
158 2603
1 870
12 4739
26 4011
158 233
38 3346
106 557
146 1097
109 2173
116 686
50 1528
42 4261
123 3084
25 4884
64 3414
65 4051
131 1954
154 2732
142 3974
114 4367
43 4671
150 503
28 2444
97 1149
62 2451
90 3952
58 4622
158 1589
139 2644
7 3859
83 3261
154 2350
161 4395
88 1575
125 1607
69 730
97 1432
8 267
131 3186
31 2042
40 4996
89 47
142 241
98 4224
145 1935
7 16
34 955
50 676
3 79
25 4212
153 3002
45 2544
103 3457
137 3373
38 2107
58 4755
4 1406
26 2917
92 3969
144 637
130 328
11 2672
105 2030
121 3531
75 2404
5 3844
117 4798
158 3283
40 775
140 1883
62 6
12 1619
137 402
151 1356
138 3605
141 4574
132 4489
103 3174
11 3400
9 3801
161 3973
143 3843
60 2377
62 2549
58 4658
13 1308
131 512
89 3990
63 1074
145 1653
1 4397
8 950
10 1224
121 3766
159 2618
65 4023
139 4150
82 2930
111 1759
45 473
14 2400
60 3937
96 3885
34 4171
101 4639
134 368
58 3424
81 1769
120 1087
114 371
35 2881
25 4456
99 1103
62 1698
142 4664
95 1656
10 1909
51 2675
81 4811
115 2038
118 4008
162 4413
148 3386
68 2494
65 1049
85 886
91 1691
29 1048
21 2271
6 2653
72 4826
17 2694
100 2520
118 188
144 1796
47 1828
88 1671
151 987
155 3711
124 1620
11 4360
133 4804
158 2073
147 18
113 2975
94 4889
34 1749
114 3411
65 2016
33 3227
51 4089
21 4408
150 3613
103 4314
2 262
11 2523
34 853
153 1971
1 2448
153 3608
158 1877
75 4988
61 3395
150 3411
71 2722
68 1314
54 1479
136 3760
44 1272
153 1699
136 733
37 2941
118 4292
134 447
38 3740
162 2453
95 269
52 3308
11 2731
15 1718
69 1427
141 3078
121 2841
105 3814
26 4305
73 3997
100 1751
144 4877
64 4990
87 156
76 2883
