992 992
40 3035
355 3130
321 1881
42 4231
45 63
425 904
306 1927
368 847
168 181
417 2449
332 1030
375 421
244 3830
37 2467
350 3789
462 332
51 4288
184 329
121 3759
16 3148
257 2847
476 3264
13 4396
125 2764
274 2053
185 2256
154 4011
451 4270
396 4129
327 1809
207 3258
109 4002
113 4273
35 1870
215 1622
24 4302
74 3253
263 3508
58 4584
112 4692
300 2625
47 3430
165 648
375 204
22 1102
172 4420
274 2621
26 1298
57 1406
61 2162
442 4484
257 1065
1 1820
356 2187
278 779
395 4661
407 3770
201 3628
426 914
235 2888
185 572
272 589
67 264
45 1855
250 638
440 4965
34 1
232 860
166 1049
116 3873
248 540
78 738
151 2794
148 4095
434 2526
429 3405
24 675
42 1646
138 3470
273 3821
222 3333
289 2559
434 3891
159 1005
309 1997
131 1792
270 4441
407 150
102 7
377 944
264 1109
183 3524
116 326
107 779
472 3927
484 3033
154 447
230 2852
98 4556
473 1634
419 3091
245 4258
25 4207
187 379
459 3146
462 470
472 1876
33 1669
330 890
355 1810
133 3612
305 2100
204 3107
49 2483
152 1315
246 3318
50 4402
192 4758
469 1834
142 341
61 4740
127 2956
243 3717
305 272
125 1647
420 1095
451 4807
112 4166
330 1825
103 2880
329 51
117 711
347 643
391 1581
160 2283
460 4460
24 3624
359 3371
31 835
104 3744
383 2156
362 187
80 2603
203 3231
174 1701
75 662
396 2183
370 4289
182 2791
480 1750
40 2125
158 4982
202 2943
400 2552
161 151
270 3077
225 1301
312 217
325 465
449 222
8 925
30 765
426 4824
330 1781
267 2548
454 639
395 2225
367 1036
232 4707
80 4364
159 1693
128 2166
128 794
153 1231
434 4347
256 4248
411 2080
253 153
117 475
201 863
44 2499
423 1632
221 4994
142 2556
311 2925
408 3648
390 4533
381 4121
141 1469
171 4594
240 4602
325 4751
263 4665
270 3533
276 219
412 2651
455 2533
374 788
320 1893
458 570
253 264
210 2762
140 4769
322 678
206 3892
420 4686
465 2674
425 1052
459 1675
394 1290
28 1074
78 2530
481 2480
350 1689
82 4952
171 3100
77 1644
347 2129
101 4355
56 2777
149 1596
18 4282
206 811
164 751
491 1702
32 1139
198 3155
372 1270
343 330
332 4209
192 4569
287 1646
195 658
301 395
428 4008
387 508
235 2713
401 4316
471 14
47 3087
421 3537
151 3893
131 265
11 860
469 1534
133 3064
168 3686
435 3667
369 4656
290 2841
470 1482
365 3453
360 3470
329 1845
58 1997
288 1898
181 3036
327 2910
198 2841
54 1281
316 1063
1 897
32 3686
276 124
324 649
402 2753
251 2588
165 126
474 4606
24 2599
291 2880
259 2013
439 2891
463 2764
321 3023
423 1395
249 293
280 2824
71 1522
448 4159
189 1681
331 3406
248 3336
491 2666
226 1183
464 285
147 794
249 2711
318 2360
443 2495
389 4797
152 2755
432 4427
402 65
14 4257
463 255
244 172
491 1234
127 1642
79 4357
488 134
463 411
258 489
296 4842
32 3244
493 642
133 111
79 314
41 3124
102 733
223 4424
130 1864
365 4239
494 3856
181 532
270 720
45 4090
102 4078
135 1681
100 4425
108 4561
112 1752
206 4976
25 3620
20 1506
112 1354
99 180
117 1928
182 4467
345 3383
193 3047
235 3235
262 1134
466 4417
225 3035
253 1907
232 4764
377 436
119 4553
257 1219
470 1928
346 4435
248 1793
460 3882
214 805
98 2567
132 2817
59 3717
251 2366
477 268
65 1355
399 3963
314 4923
393 2461
439 270
29 524
67 2908
342 215
93 1884
389 1813
487 1397
298 3398
138 2452
216 4119
134 1044
81 2081
226 2939
311 3490
109 473
92 3870
323 4561
59 1782
315 3489
72 4980
150 2127
354 1689
240 408
100 1133
247 3883
65 2227
473 3918
77 1712
292 3337
116 3859
122 2582
467 3332
63 21
1 1188
17 4914
383 2392
106 2898
315 3030
86 3058
187 251
191 2964
207 1773
13 4053
185 781
150 3441
477 3450
223 3327
455 2456
145 4863
10 3898
137 520
451 1560
45 2574
343 4847
119 2686
278 779
172 4899
367 1071
154 2573
163 774
288 1748
112 1171
4 4414
99 393
128 1124
454 2144
32 4674
433 1430
242 711
57 2735
8 3248
312 3100
467 3481
367 4965
244 3434
41 2962
336 1680
467 1395
182 3529
435 1190
225 1866
240 4394
40 1126
464 158
250 3657
116 1674
95 4800
114 685
420 3040
428 575
70 2136
495 1733
370 3288
383 3135
468 3016
420 1845
301 2835
107 2216
354 1274
314 390
209 564
219 4688
276 722
365 969
293 1402
325 3788
400 261
1 1894
320 265
89 2147
349 3470
14 372
4 4023
293 4428
75 776
396 958
381 2666
80 265
262 3265
202 813
161 1371
445 1703
292 1879
194 771
168 4472
118 556
436 4154
86 900
66 2113
60 4892
378 88
321 3622
8 4507
189 2898
326 4809
76 2423
297 3889
451 4374
76 2821
229 2453
373 2843
452 2682
309 1267
380 971
168 999
275 331
238 3161
433 421
147 3369
418 2047
36 1215
486 2515
66 4100
397 3610
434 1073
95 1319
28 708
340 1244
399 4850
490 1894
486 2369
87 3472
20 4923
228 3222
137 127
438 1506
248 2836
397 246
219 1925
96 3522
71 2283
118 875
334 3758
381 2936
329 966
372 3272
368 480
488 2592
327 2934
338 3955
223 3076
462 3316
453 1397
456 2218
217 1657
95 1082
179 1366
433 2256
475 118
361 3925
196 3444
120 2431
242 4874
160 217
354 2822
251 3533
13 2317
400 2651
266 203
348 3041
374 2653
340 784
256 846
150 4497
479 353
274 760
54 1058
444 2687
188 1153
170 4407
395 3977
417 3872
44 4715
10 2888
325 740
485 846
312 1493
255 1090
433 4360
184 2407
338 4777
280 2310
447 2248
328 4380
118 2685
217 425
64 2214
495 859
379 4213
71 938
224 2612
63 1111
154 4467
42 2817
403 4515
234 1588
191 1844
86 1646
147 2439
140 209
299 3892
429 869
107 1770
57 1291
371 1585
374 1511
410 3375
472 2305
9 990
400 2602
274 3546
305 2442
133 2435
435 2681
351 1339
412 3791
470 1850
261 3178
382 3673
441 3492
93 4953
153 1635
465 4527
216 3289
381 694
253 3809
376 4752
340 3329
186 4779
342 1783
232 4547
43 912
75 3704
261 1982
288 1741
128 3772
101 4255
114 4808
307 3174
1 1079
392 964
303 3246
85 3309
107 2112
165 2117
467 1266
437 2796
332 302
78 3049
304 2007
316 3052
255 2161
282 1309
208 228
465 182
486 2942
5 3768
363 3770
215 3905
119 1330
396 1096
361 1068
293 3128
457 4919
50 1154
172 3261
187 3188
188 4621
116 2218
399 31
331 3379
290 4129
282 1111
329 2171
92 478
79 4123
285 2809
116 4187
157 2164
60 3242
467 415
366 4086
276 1261
335 666
33 4510
190 589
71 4693
354 3950
203 2176
450 1031
172 3220
115 2258
169 2011
305 282
42 493
302 4019
75 1900
487 3799
493 3499
394 3158
315 784
103 3693
455 4879
94 355
53 2198
373 2134
12 4702
427 1063
2 4460
294 2448
353 4886
259 154
167 2077
96 3752
454 3419
231 3443
466 3431
407 1365
335 4404
79 2114
177 1817
337 3621
243 2620
281 55
487 4685
153 2874
347 3158
88 4539
57 2905
134 3565
446 3524
384 591
144 3417
120 2123
10 495
155 2391
181 2717
202 860
483 1882
256 4466
432 3003
388 3416
318 3613
482 4484
61 3150
361 1708
19 3909
462 260
411 1213
214 4199
401 3502
225 1061
67 4493
295 1008
459 3037
233 4523
292 506
348 4401
68 4138
357 194
431 755
52 1252
347 4583
134 2324
52 4645
163 4110
403 3926
150 481
376 3501
18 659
349 1044
361 1884
68 2612
105 1755
387 4303
292 2088
44 3506
71 3445
159 2283
20 4618
307 3221
200 182
83 1568
487 2712
309 4527
1 3734
469 4444
166 2205
410 2838
397 4977
60 3514
371 3750
458 3263
29 1883
406 1125
149 4265
457 4923
399 4124
81 3979
370 3263
6 1858
103 983
114 4318
366 3333
10 458
169 4490
22 1783
473 110
443 4105
489 2658
319 954
12 267
115 4848
182 4515
179 3816
121 4803
311 2601
70 3022
39 1045
128 661
477 4553
14 2816
346 4892
114 1522
185 613
300 4721
355 60
393 4651
229 4326
32 3184
192 2401
222 4957
450 571
126 4452
393 4933
105 69
76 2365
406 789
211 3824
206 2442
131 3986
69 3777
169 2789
116 4436
110 2487
251 984
131 4181
334 2432
262 398
407 741
7 4702
19 142
167 586
450 3951
397 3359
52 1354
364 2022
324 1013
32 2385
93 3066
400 4606
362 3072
13 4697
297 1427
245 646
295 216
40 2216
141 530
418 622
175 3866
431 238
272 1198
369 862
70 2900
66 2019
481 4096
444 2334
12 795
203 3020
44 3167
9 4268
55 2242
192 1414
480 3704
459 480
42 3643
18 989
280 706
315 2706
119 4485
35 1127
424 2342
323 4953
178 359
113 4193
68 780
240 3749
284 4458
71 167
413 4156
325 2119
89 361
161 4474
410 4488
255 2743
199 2556
372 4710
222 4827
262 1068
397 3694
56 2843
484 212
274 2449
306 3004
241 261
488 1721
90 4891
475 2618
79 2956
379 4169
166 3356
375 2408
76 1790
307 3851
239 329
464 3661
491 802
82 1654
65 782
227 4439
192 3983
369 507
24 1030
396 3685
339 1807
71 1780
279 1503
360 1288
454 2674
388 3315
429 2435
231 1776
267 10
225 3100
68 1420
36 3047
232 4653
262 4686
321 166
455 1561
191 4086
306 4217
436 2278
231 1321
493 1313
351 618
459 2992
120 3939
152 1855
470 4965
441 339
470 2937
141 3433
46 622
376 4869
8 1009
181 1619
469 1525
118 2617
465 4911
44 4455
269 1700
183 1989
410 1462
339 3391
84 2164
149 2283
225 1153
382 3311
301 792
406 3024
129 4861
341 1756
268 639
470 1803
371 4863
405 1752
133 3607
56 3457
54 4670
226 959
245 3666
242 2827
185 4169
180 767
468 739
249 4991
136 1728
