246 246
56 367
96 1632
69 2870
14 1016
2 2658
78 3001
18 4503
70 1060
110 64
26 3337
12 952
34 3748
106 3772
108 4577
19 3649
19 1727
8 4464
51 3637
88 2121
85 434
118 3370
89 4530
85 4279
61 3478
41 1002
62 4016
96 463
53 4430
48 4755
35 4191
81 1069
107 504
48 2993
9 2312
16 2628
23 2742
90 23
109 2134
54 636
83 4059
32 3809
113 2063
113 3808
115 3537
99 1456
90 886
31 1108
97 3062
44 2301
98 1680
52 1487
41 3694
122 3509
112 687
41 2160
38 2409
26 889
74 272
49 2556
8 4592
99 253
99 3281
40 4848
106 1845
66 2570
40 3839
49 2157
82 100
85 874
33 2409
24 3041
8 933
103 2670
55 2245
6 2108
42 250
51 1802
43 3483
87 4942
107 661
63 1117
2 4586
81 1609
56 2617
53 3913
10 4455
2 3153
72 1699
93 4015
118 1585
114 897
28 1404
94 167
43 2799
121 712
34 4591
58 200
37 3039
65 3852
76 2088
79 365
51 4235
7 4219
71 57
21 367
72 4895
1 1213
100 2355
80 249
109 1819
61 467
47 3493
18 2825
35 1719
24 4453
80 3112
90 3795
97 3419
110 4570
37 1589
33 4223
29 4678
20 1975
38 35
93 693
24 3332
96 4949
16 2183
78 4904
7 382
101 2092
3 3
41 935
45 3639
33 2645
83 1905
41 332
15 3059
42 2459
95 3975
14 4833
88 3419
50 1522
79 3788
5 4524
90 3508
112 1130
58 3674
46 2283
61 4600
8 1466
110 2712
104 354
97 961
92 1977
98 2489
80 2896
35 4974
63 2872
11 731
2 3107
4 3443
92 301
117 1057
75 2299
101 628
79 1603
94 1391
112 884
39 4493
73 1470
53 852
63 1324
122 2875
72 213
79 860
89 2550
109 4295
96 4148
63 1706
59 3774
103 133
16 1700
62 1316
113 1563
48 1478
81 3755
42 2253
79 2316
15 1661
120 1864
110 1752
86 2048
58 1283
27 1217
23 3948
1 2882
67 404
86 2854
73 1678
20 2384
2 2909
1 2683
47 1373
13 4767
39 1225
73 2049
45 241
34 1638
102 3494
112 892
4 383
42 1976
21 1044
61 4556
108 3936
91 4008
91 234
103 1931
37 2978
91 3716
44 2995
11 3881
39 3287
80 1858
94 491
99 3632
70 2050
43 1593
93 2981
24 3915
36 1564
105 839
79 145
67 3413
6 4107
20 2411
61 3177
18 1025
92 1414
31 3154
24 1361
62 1820
19 2432
86 1810
116 4702
