221 221
67 1983
51 1498
58 940
7 16
93 2727
75 4567
66 3209
48 415
67 2473
10 1174
110 426
88 890
6 3328
22 319
18 4487
49 2429
97 3246
3 833
11 1179
4 4140
65 1878
94 2894
85 3533
108 3978
105 693
67 303
17 2920
10 4700
85 4810
6 3056
71 3967
6 3181
91 442
103 650
92 4727
50 1979
69 59
66 4857
60 4040
46 3198
21 1764
45 3044
17 3280
96 3446
85 2006
103 3627
69 223
98 1715
98 2750
61 1537
50 1684
75 4272
26 4930
77 1585
45 968
25 4066
16 228
30 4577
60 1894
11 4775
22 145
95 4273
91 4324
71 859
75 1254
61 2108
36 265
34 3838
66 3916
66 1123
41 2844
33 3930
52 1689
63 3843
103 4246
91 3799
9 144
71 3288
102 2330
58 1481
107 4808
36 204
78 695
106 4540
20 2186
91 757
106 4953
76 3587
34 1785
90 3930
3 2328
85 523
47 3654
50 4691
42 1394
38 607
103 2236
91 2772
72 1623
4 4415
73 1744
22 459
10 4227
40 3383
55 589
92 2033
51 933
41 1424
29 4589
40 4899
90 4060
91 4705
4 3834
23 1106
77 2733
23 1514
56 354
64 3165
34 1266
64 3523
103 1878
6 3724
95 3085
60 3244
102 1647
108 4140
79 1347
89 2406
82 688
102 2628
109 2093
54 2007
76 3140
59 3778
95 1387
42 2933
30 1730
32 2045
13 195
32 560
3 4796
47 59
99 4179
68 3409
8 1730
37 4751
26 1891
101 1045
72 4293
4 3956
10 3047
94 3447
41 4237
23 3165
63 2607
15 4775
88 4908
82 3329
31 205
23 3017
78 3240
14 2178
103 4636
1 171
9 2539
92 1588
65 2473
7 3638
31 4963
3 955
72 3206
21 2287
63 2458
25 435
11 4624
46 219
20 1974
74 2614
76 4579
63 3014
77 1055
50 3238
61 3128
90 2982
93 2114
105 1730
66 3749
74 2106
98 3062
99 322
40 3769
26 107
44 1156
11 4752
105 4955
52 1747
28 4428
72 4773
72 3066
44 4694
61 691
45 551
107 3769
10 1644
57 482
90 2949
104 2243
46 1287
109 12
16 3953
7 14
5 4554
30 4188
82 440
48 2613
101 2167
59 1342
88 1437
45 3992
86 511
108 4824
