406 406
44 392
98 1363
128 4033
198 3117
119 872
160 2259
157 115
117 76
44 4392
182 3662
36 722
87 3364
43 1866
80 1014
78 830
56 1299
162 2805
177 4513
180 534
26 1335
29 2318
150 1140
31 3306
147 4664
17 728
59 3253
188 3827
119 4229
113 288
103 3836
38 783
37 4817
109 4368
141 524
111 4468
9 613
113 1272
118 3481
65 4416
133 3520
22 3308
184 1173
42 3224
41 2105
200 3441
183 3015
4 3341
161 2971
166 4148
141 1328
60 4082
49 1012
55 4245
53 1462
7 1728
136 1359
174 4533
90 2950
174 4892
85 315
72 3868
185 3896
96 4413
52 4106
127 707
31 4073
62 882
110 1787
30 4008
75 56
93 2911
107 296
194 3254
170 4315
135 154
159 1920
136 1353
182 26
102 3402
135 2838
13 949
45 2305
91 4877
84 104
182 2118
104 2403
165 4780
191 4988
97 516
144 1135
192 3283
17 384
78 912
186 2319
179 3812
179 2489
103 2752
130 1558
12 1467
20 2334
114 16
196 3755
159 3042
152 3041
141 3042
29 3340
100 1896
185 2038
127 3756
18 1483
77 2175
183 3978
159 712
7 2681
181 1264
7 2542
95 2095
185 135
170 3723
55 4863
48 3143
190 3608
96 19
136 2744
146 3476
86 2680
51 4078
194 3587
44 148
135 2358
26 4511
57 3013
193 3908
139 410
91 78
21 186
186 1903
181 2812
124 2382
79 2580
70 789
4 1623
21 785
64 4469
58 2083
115 4198
143 297
138 4991
20 2992
85 251
182 3880
32 4620
30 3203
45 201
124 4612
80 2067
32 4741
58 4459
1 4602
102 4505
161 2406
191 4437
104 847
93 4283
190 1291
167 1296
92 714
102 2793
8 3168
98 134
153 1003
47 1314
201 1457
95 1407
51 332
109 2493
161 4635
1 4732
120 1241
62 2677
171 4723
79 4525
78 2122
123 3686
180 2242
1 4404
133 3217
53 3805
180 3013
88 2293
107 2583
201 2049
132 4888
15 4523
36 1592
27 950
45 1909
138 502
188 3000
6 1243
197 2617
16 1484
168 1458
125 2222
196 3261
28 2281
102 3421
200 3450
1 4052
173 350
135 1080
40 3858
89 762
77 465
62 4771
157 843
148 1593
85 3910
85 173
20 3009
76 1577
122 4048
90 2546
77 4105
176 3937
26 2452
106 774
13 550
126 3430
100 3808
48 2131
98 2494
42 4916
43 4694
95 4400
166 494
197 3774
87 2847
86 3620
102 1108
30 1063
55 2871
192 1179
74 787
160 3042
117 1897
120 3244
135 1770
148 1445
106 1325
23 2248
110 4337
175 2953
44 3235
66 1807
5 4016
108 3352
153 323
129 4499
82 4680
4 2998
109 3804
25 226
56 499
82 1519
152 46
156 4956
39 1935
192 3782
114 783
60 3671
163 3141
5 368
166 3163
67 4387
171 3667
175 4675
29 3821
154 757
32 2510
40 3736
78 1045
96 4365
197 4555
162 3671
180 635
91 2538
187 2868
92 1000
196 2713
71 2005
149 314
6 391
2 3988
77 3338
16 3021
1 2247
26 3725
174 2697
8 1574
63 1100
197 453
77 1674
103 1982
191 2460
133 2134
87 632
79 2556
157 3901
23 2332
59 2275
17 547
164 874
179 3829
121 29
85 1500
157 1737
119 401
148 2155
190 1834
80 9
73 4276
25 4153
16 3496
36 3167
41 1246
174 2940
190 3880
117 3134
194 2646
69 957
124 4768
74 3869
166 2675
59 179
59 425
194 1298
76 1349
64 4083
121 3224
168 604
109 2377
23 42
199 4438
105 3249
93 864
123 1207
105 1902
75 4843
150 476
186 4201
133 2928
70 4507
129 4221
82 2275
11 1237
99 2717
101 1933
10 671
178 2522
98 1528
55 2769
144 2097
151 2550
60 3859
199 4925
144 1563
85 232
53 2097
126 2339
144 4193
6 3446
69 413
40 451
48 2426
186 2613
53 247
120 1320
87 4984
153 15
50 1444
143 2661
2 2168
113 2095
5 4629
190 3494
187 3368
44 345
50 1905
152 964
12 484
78 249
99 3828
145 863
201 1422
31 3403
65 2853
74 927
81 4345
137 274
16 1702
185 2049
11 3816
40 442
115 4929
143 657
