837 837
156 158
165 520
262 2063
352 4916
363 3144
65 3265
241 2644
404 4230
189 4490
160 4116
151 232
36 3838
281 4597
112 4124
214 865
344 4777
356 1216
202 1245
4 2541
358 2396
177 4716
42 4967
160 2355
151 404
316 1523
96 4818
162 1483
409 1680
127 2642
281 419
186 3034
27 3547
251 3526
277 133
245 2435
123 1503
132 4835
40 3378
92 4827
150 3623
38 1738
262 4137
345 3043
333 2086
287 211
399 1362
176 3899
18 1438
119 1077
391 1038
162 2431
335 1587
321 2680
9 206
156 939
263 4073
68 2168
139 2653
45 4758
254 245
261 1660
154 2948
191 1103
64 3750
394 1756
173 2297
60 3759
359 4122
48 1166
257 4124
373 3041
113 22
196 3545
24 2252
165 3277
262 659
229 4078
79 402
74 1503
339 4203
163 4436
240 4337
1 1063
72 831
10 2791
174 4736
136 1671
38 1890
414 2005
86 2500
69 3331
10 2296
381 4452
107 1753
238 938
374 1860
391 4479
112 597
324 3504
416 1917
260 432
48 3074
388 2024
276 3510
207 3809
142 841
264 3619
300 1620
289 1150
184 4084
42 2557
41 2727
254 3282
272 237
5 772
167 564
223 2864
111 4668
372 2074
24 2834
102 1130
349 3421
211 4671
197 4620
5 3546
174 2038
205 743
284 4981
224 2141
410 3689
201 1368
150 4586
299 1408
418 2932
379 4910
314 819
10 4611
345 1359
366 2597
280 757
249 4258
45 1730
277 4991
14 2624
407 1414
4 2904
95 2686
139 1343
414 1182
381 543
384 2227
348 3545
314 144
143 3091
182 4816
138 557
69 3012
61 3581
301 2179
124 3018
319 575
224 3616
67 3781
55 4513
149 498
320 2067
241 4841
418 345
166 4192
288 1479
415 4862
320 4898
174 1489
94 192
46 1761
366 2961
87 2360
377 1442
151 3451
170 4693
246 4139
300 2044
292 2675
32 1521
23 3946
178 1415
284 388
260 2533
368 1181
282 2916
291 1574
313 4871
106 4940
322 1313
247 883
244 1280
404 3273
99 3936
6 1306
61 414
50 2002
281 2550
216 123
42 1279
131 166
111 786
219 2088
116 2103
165 3625
107 4105
184 2398
418 1584
355 2792
323 4691
357 3947
408 1481
132 3272
276 88
358 1058
365 1125
13 1749
131 203
115 2617
334 4607
77 1295
119 2286
126 3959
49 2366
314 737
348 1008
25 4254
31 4871
325 2875
369 2791
84 4802
50 1552
376 134
246 2733
414 701
266 695
53 3731
200 4952
399 4541
123 3031
331 3783
113 3038
180 3889
55 4038
144 4853
19 828
100 54
363 3855
364 1866
168 4177
392 2560
344 2233
4 4668
185 2251
330 2368
215 364
332 3201
57 1221
78 1998
411 3310
329 3161
275 1122
267 1155
250 1158
200 3289
39 4492
276 2005
393 3699
248 4775
275 1588
406 2680
416 3232
70 4318
286 4612
392 4466
382 2890
252 1920
309 337
199 2249
294 1412
159 3399
355 4788
376 4809
171 4587
55 801
148 4493
70 4789
269 1835
67 3887
178 3007
149 2206
191 1318
24 3079
253 430
222 4200
28 1105
101 4171
12 3396
329 4442
415 3389
269 4998
24 201
349 1756
180 18
211 3440
137 2414
374 3809
405 4173
264 4264
147 2811
296 3250
17 3821
185 3398
353 3135
374 4388
411 3068
318 1075
232 3988
192 229
271 2370
379 3652
259 1172
216 4896
393 2186
202 164
343 3495
193 4663
360 4097
299 4265
143 1098
170 3002
246 4111
65 3514
147 1525
195 4274
94 128
392 3100
57 908
87 1159
260 3594
17 1534
154 2951
44 286
107 2594
318 12
317 3435
251 588
121 1268
102 3067
128 3744
329 2649
387 3666
99 1448
332 422
11 1476
411 4065
297 3733
403 2863
1 3117
386 4549
358 767
266 4442
129 1731
271 4888
319 540
196 1848
125 1606
211 4102
107 2662
57 4312
333 694
338 216
41 1187
92 4546
384 1027
175 3265
324 1672
274 814
32 4843
235 2988
315 3569
292 3271
338 3818
89 3493
405 1689
375 1463
235 1290
407 2101
222 2169
338 3439
85 2997
69 4784
183 525
26 73
403 3250
350 3797
226 822
118 2531
351 974
414 4585
146 3395
279 4694
26 28
346 715
96 1460
368 857
63 4106
247 1651
9 4005
85 3543
124 237
338 1739
16 3433
196 2548
111 4229
132 4062
84 954
204 1049
166 3771
64 4200
403 3265
387 1092
318 1494
413 3692
147 4671
224 4167
180 2089
398 663
216 1120
77 655
337 2508
276 2771
139 624
337 4055
3 2261
403 2632
238 3389
312 1713
281 1193
64 600
289 3079
178 1159
249 1813
218 3665
374 4382
91 1527
134 4505
407 2161
385 1331
337 4846
325 2622
161 3274
158 1478
104 4963
272 4295
42 3316
323 4877
218 3080
299 4807
10 830
215 728
98 2908
349 4493
37 3169
411 2353
395 3136
75 1703
285 3930
403 1052
381 347
227 1681
58 444
322 1071
130 4858
339 3037
399 3878
292 1309
137 4778
267 518
10 1273
25 4655
110 1002
21 1455
84 2305
308 1734
335 51
372 4192
405 1689
167 3402
317 268
315 2872
235 3378
411 4309
88 870
258 668
125 469
106 3691
267 2932
102 1881
70 2991
103 3232
60 4360
257 902
282 1187
186 2424
15 1563
174 4787
45 586
64 3858
264 2960
412 2787
254 191
315 2607
200 2170
273 3307
248 4878
89 299
299 3844
116 3930
85 3043
76 2010
111 2501
102 3702
408 2847
323 602
398 264
399 1883
390 3246
392 1084
216 3854
350 1892
118 3541
156 2896
274 2857
289 2304
25 4184
397 1958
414 2854
140 1554
88 1355
130 3680
359 39
7 1149
159 4560
95 2765
366 448
100 4768
148 182
218 3065
73 3770
238 65
255 4316
153 4003
100 3633
313 3714
69 3821
268 345
149 1701
215 2819
32 4461
393 683
29 974
176 550
357 3055
113 1988
241 2716
217 1043
191 4746
376 4788
4 1018
379 1445
138 962
202 4035
402 3989
117 3513
259 2153
380 4151
12 4320
35 4366
234 2000
56 4692
142 3450
146 2473
78 3080
242 303
363 19
84 2719
161 2601
171 1538
208 299
38 122
294 4876
73 1017
39 2360
386 835
24 3620
22 1106
296 953
123 4441
342 3129
6 3049
395 2879
78 3927
43 3336
383 3119
12 2170
126 4271
274 1890
96 2469
413 4829
164 1537
406 315
249 136
190 489
181 2554
417 4035
133 202
271 4451
123 2379
55 2550
322 1572
160 2794
101 556
344 607
279 498
111 3817
265 4206
245 952
72 2497
101 4304
268 1024
120 2277
209 2807
152 1692
301 1368
125 744
237 424
88 496
31 1086
147 2928
272 3603
87 1573
262 771
376 2566
272 3920
311 2579
289 1067
322 3624
133 974
143 401
285 581
402 4135
7 4506
55 3156
294 3298
95 2858
244 3921
257 1944
10 2793
146 771
315 181
409 656
259 591
99 1388
184 1356
189 2231
159 33
210 3077
113 3063
83 3452
356 4098
225 357
222 2588
255 1043
357 4207
302 1177
128 2376
132 2955
328 3030
268 4646
10 4547
297 4460
10 1962
142 4801
55 4036
226 4344
173 455
260 4219
173 4506
132 1581
407 2004
118 849
137 1957
323 1925
192 100
187 1566
222 1854
410 2962
308 1207
143 4645
275 667
60 388
374 3838
393 4481
345 180
81 1368
84 4553
407 4160
158 1769
354 4617
201 300
71 4945
311 2634
5 5000
337 1227
124 1451
337 4373
210 3511
273 3781
351 187
392 4435
34 1763
175 4452
190 979
254 754
155 1486
205 2831
255 3352
135 807
318 2282
131 4965
353 3603
27 3902
325 3791
265 3098
385 237
145 2665
20 197
17 533
73 2105
198 4507
234 3271
288 3174
117 2745
201 2512
264 715
314 187
200 1097
203 4596
34 260
308 1160
54 4507
73 2210
172 4647
232 4866
242 2159
213 3715
102 3481
351 288
103 1344
92 297
262 1693
194 2099
111 2567
34 500
408 3589
278 1448
139 2249
297 2740
152 2239
235 1126
289 4923
85 3937
72 4070
148 4290
110 176
373 4401
51 1297
71 2510
147 972
124 2224
399 2336
400 3420
139 712
319 1520
131 3994
101 3115
348 4660
261 4921
61 4718
7 3707
139 1211
196 4093
122 432
4 2221
6 3051
283 241
376 3492
409 4715
146 138
123 1999
129 2396
163 3771
348 3955
384 4376
147 1805
34 3020
68 128
259 1746
89 2526
26 3413
225 3789
276 2392
87 3662
386 2811
335 1179
200 2620
402 2296
40 4977
160 4520
22 4277
366 3432
8 4509
202 2555
384 4674
217 98
297 3469
104 930
368 4449
305 4436
207 4896
296 889
14 2284
