621 621
304 3620
44 956
115 1539
109 478
198 2679
179 3468
164 4048
116 1792
246 4636
137 2432
303 4794
118 4116
219 1725
133 4916
198 1528
87 50
78 4255
257 191
29 4544
32 2132
154 3036
285 4051
28 2560
32 3903
286 4092
195 262
262 4476
137 679
244 1541
302 3474
184 740
102 3095
90 1207
201 1587
246 4065
147 4055
261 1397
78 3004
255 2862
167 807
34 3248
118 1048
87 1770
279 49
225 3516
103 1811
31 2403
87 2180
10 3929
11 109
230 661
164 1341
232 4047
136 3967
194 3950
110 3997
115 362
191 2126
185 2300
115 3277
4 4026
230 4717
117 4975
240 4540
285 45
75 1355
263 4959
288 1892
202 3779
78 3501
52 2009
241 1259
299 3599
59 3533
100 4061
202 3202
256 2782
163 827
104 76
56 3826
150 3591
128 4466
98 2509
294 3927
60 1986
206 1291
245 1776
263 4420
99 4879
85 172
148 3179
243 783
292 1313
231 2392
196 834
203 994
128 528
26 741
261 311
131 500
238 1261
133 3154
274 2102
198 3486
219 143
235 3442
16 3296
123 2155
99 206
78 172
95 1469
14 4984
24 1668
210 1764
1 4053
142 4268
33 2779
301 1923
3 2976
151 4886
268 4124
139 3828
237 1962
215 4242
56 584
271 138
114 1228
81 2168
263 1204
149 1042
213 1954
284 1944
16 1949
220 3479
158 4946
300 837
69 2950
22 866
211 1797
59 2126
171 1594
157 29
133 4946
187 4866
300 1325
34 1670
262 3439
280 1763
109 2830
65 4106
23 2549
186 1512
298 3601
22 4888
195 2909
309 3992
211 1662
285 3666
261 3129
164 1746
40 1389
150 203
45 1955
106 536
170 2588
215 262
250 2807
20 4881
113 3882
250 4541
138 3185
236 2286
190 1757
292 1368
249 4019
86 3483
44 2847
216 2524
187 820
177 4923
93 4847
173 1207
237 4980
220 2970
2 1456
227 862
285 3799
162 651
176 4814
71 4792
115 4297
59 4330
84 795
12 1394
299 916
18 4568
106 2320
4 2069
18 4392
142 4393
57 2485
136 1378
2 2574
196 1803
270 273
303 1642
253 761
37 4428
133 1074
191 1241
124 1289
303 431
46 3944
160 1465
160 3564
249 4352
93 291
141 1302
300 1465
91 2956
160 1611
111 3272
20 4940
294 1784
296 3841
255 3875
178 1260
183 1237
129 1270
171 2625
227 338
31 1734
238 1666
31 2760
158 1189
301 2448
145 693
73 1798
144 4682
45 1242
85 4386
42 4337
26 973
74 303
13 1809
10 4993
15 4654
12 3429
10 1221
182 3594
124 2390
12 2448
158 3853
255 564
104 4363
213 4699
93 727
224 2322
295 377
141 277
234 2734
207 3179
23 3528
191 2426
121 852
130 2116
48 3720
254 4070
26 2687
121 67
300 3604
178 3938
288 3880
140 2068
269 1650
45 3526
167 3010
293 4072
161 4594
269 983
12 102
221 3801
94 258
249 3426
145 4120
228 3536
181 2614
129 3324
53 830
136 4445
271 4722
309 3898
101 1909
232 1429
281 2242
9 312
158 2140
66 4523
83 2746
271 1528
90 2582
309 673
253 4952
73 3165
243 2777
244 3614
47 3895
98 535
280 166
72 3044
184 1874
161 4784
259 18
34 1420
43 1515
113 1712
145 1737
222 3178
23 2300
197 2785
93 2156
46 1348
15 1375
159 857
60 3970
139 2762
32 4155
35 4929
219 2383
15 3313
98 4411
141 411
179 4349
227 1290
77 2855
170 3229
159 508
110 4613
302 187
21 4600
304 2765
178 3636
56 4823
156 215
124 4854
161 2994
251 2483
256 1638
265 4224
201 4862
249 4581
62 3911
79 2828
235 2868
56 2525
97 2022
1 3724
161 851
95 1546
264 4472
44 4679
98 3572
31 2523
140 2045
96 2850
132 2843
123 3313
255 588
29 760
246 352
302 3378
303 1704
217 4564
2 370
164 1789
247 2802
229 124
82 3758
235 1651
274 4645
56 4151
296 2608
11 4706
131 2881
307 359
175 2126
263 3438
77 3080
299 3969
150 998
47 162
106 4887
221 3732
1 1998
29 4342
241 2953
14 4064
27 428
262 581
31 3660
247 496
94 2037
170 2821
179 1657
202 2859
153 4720
19 296
69 3490
84 844
92 384
294 2648
175 4124
129 3630
141 3068
221 349
64 3605
189 866
199 3085
133 3991
207 301
278 608
6 3880
242 1628
123 2913
266 4664
82 3191
134 2845
240 669
131 2637
210 3320
86 1311
245 3273
48 455
250 1276
25 3421
295 4077
230 328
223 4964
108 3683
151 1951
303 4016
280 1254
172 642
30 2316
101 630
126 1705
70 3887
159 488
152 3045
89 2968
53 3426
131 3542
287 2809
8 1515
17 1827
154 550
108 3121
160 3850
11 4269
168 1359
42 3122
151 4107
125 66
32 2379
26 1421
222 2567
156 135
12 2253
290 4465
252 3352
304 2861
42 3050
140 3004
95 2554
26 4876
133 3453
65 4363
210 578
231 2518
246 1537
184 1974
118 3206
252 4775
48 397
7 3971
18 4990
103 969
192 3572
144 2215
84 479
191 3596
147 4362
286 2107
270 2371
132 2628
151 1953
273 4179
205 4173
292 1432
59 1496
22 4405
161 3148
139 3688
261 1388
45 4070
142 4930
213 432
31 585
44 84
11 556
10 3806
255 3547
1 4030
118 2603
224 4103
190 2996
129 1389
244 3365
76 1401
108 1181
18 3433
88 59
276 3447
128 2153
121 2879
268 875
110 1880
19 2388
55 524
258 269
104 327
17 463
135 430
148 2007
92 1742
247 4052
39 4032
96 286
90 1960
302 796
229 723
150 4008
106 122
296 645
232 3992
285 1191
177 3375
273 2496
266 4495
82 4994
61 3596
136 421
123 173
278 3016
217 1475
143 3377
269 1252
75 4327
167 2505
47 1190
207 4691
77 3622
160 1226
134 1948
53 145
167 1893
173 1562
22 4349
201 1178
189 3985
239 3257
7 892
260 2305
78 442
95 4867
101 4843
255 353
21 4239
150 74
98 3441
136 2778
134 78
94 2643
136 4222
182 2476
138 3400
255 3766
200 4482
138 3171
213 3034
55 3744
230 115
272 1625
57 2473
264 320
132 2613
184 2368
288 1614
126 554
184 2528
283 1447
124 4546
238 4737
250 2104
246 4562
247 3931
265 233
141 406
158 1861
55 2717
140 3972
12 3393
300 4231
230 67
190 4608
151 1057
282 893
66 327
65 1472
37 4987
262 3543
