527 527
88 3598
98 3365
145 2455
65 344
241 4404
77 2511
91 2362
80 1336
113 4853
108 2956
152 869
226 933
36 1519
261 3863
259 2268
165 1772
59 475
46 619
46 2922
49 1499
212 3757
234 4828
181 844
175 1914
253 139
6 3923
128 1507
259 262
48 1999
117 1754
206 4729
172 2863
238 3939
24 4505
234 3936
153 4713
85 523
126 2168
247 2256
160 3275
182 3819
65 2190
192 831
84 4264
243 4127
138 145
66 4898
43 2336
41 4892
259 2203
109 1798
35 1099
253 598
57 1776
246 995
2 1236
256 1464
78 2760
70 3129
185 324
101 2262
229 326
173 1414
116 2313
188 2771
176 2934
48 1436
216 812
46 3684
74 2840
131 2398
262 1662
64 3259
126 236
15 1186
136 130
133 1819
204 1591
34 3648
19 3211
24 3991
188 4848
109 3139
68 2636
179 3109
179 2668
88 4841
50 4013
202 808
82 2925
195 1450
223 3531
159 2706
3 4162
246 3033
135 4573
203 1521
117 4071
228 3376
138 1391
17 1262
100 1461
247 2890
158 3710
236 3553
134 3752
54 762
245 2093
242 1406
92 1615
94 686
197 1276
22 1865
166 87
73 288
253 2704
159 4615
196 4828
216 359
167 1312
138 2390
246 739
220 3024
133 799
143 733
44 3643
57 4711
157 3576
161 3351
90 3156
59 421
36 835
117 3230
232 3413
184 276
102 4757
118 3826
85 4293
7 4706
211 2687
142 4099
15 2825
24 4262
64 3666
243 4344
33 4497
71 1934
254 3198
47 1376
25 2991
204 2422
21 1861
158 1490
87 963
243 3557
56 3004
28 4657
182 3815
163 4397
132 389
96 4524
55 1424
72 1965
187 3750
247 2146
106 2728
194 3034
17 155
16 3680
84 34
9 2102
6 1907
64 1794
23 4171
22 628
184 891
99 2051
70 623
32 3319
64 289
46 2677
15 2309
246 4151
85 4197
175 3941
243 1481
257 990
18 601
68 2731
163 4791
254 4494
19 4195
103 3806
80 3490
136 1247
151 3695
7 4818
195 1872
8 3373
216 352
177 2488
249 945
200 469
210 4636
229 973
147 1873
179 2177
188 1047
257 1009
193 4329
119 2433
53 443
195 1163
65 3632
236 1800
199 1341
34 1578
25 408
99 2293
225 719
61 1051
175 4231
144 512
16 3584
7 2626
13 3873
90 4142
255 4192
120 2830
112 869
106 965
254 794
69 4961
87 1421
152 1968
209 3286
262 2552
9 450
77 2756
47 3020
59 1879
211 1679
257 3146
96 2473
82 1631
192 3660
11 4213
189 357
165 1802
74 4318
117 2856
98 2677
42 220
45 2970
248 657
159 3330
203 3754
115 2741
154 788
30 2930
226 3462
61 2836
107 4357
155 1224
188 4007
251 3966
45 4417
201 2051
56 855
200 1950
237 353
162 4749
142 172
129 2906
177 2771
99 3791
206 4520
44 889
211 1567
5 4722
43 3999
29 3147
110 4593
5 3459
52 1952
108 183
213 1670
17 3397
124 1152
194 108
164 2831
51 1681
109 2437
51 1689
201 2583
175 2884
88 1991
110 2155
45 3804
228 740
203 2563
57 4913
47 596
221 1812
121 2330
199 2298
81 1366
154 4721
31 462
172 1214
93 1017
168 1582
29 4071
235 7
167 1707
203 3302
153 398
227 3318
28 4389
132 2802
209 2835
188 4966
71 4381
217 456
161 1076
165 2180
210 4922
167 1497
81 4010
33 1564
45 3433
21 1265
230 2282
90 1439
203 1686
15 2137
67 4675
168 1918
156 3813
26 3384
160 2004
103 2288
185 1047
27 3559
208 3580
95 2365
233 558
166 3543
100 3070
95 4779
26 2403
148 389
15 852
148 1033
159 2985
49 4597
247 2463
104 1465
251 2023
216 1961
45 3713
48 4684
229 3725
257 3252
221 1378
138 2968
193 3787
143 1193
35 3297
44 2975
82 4069
99 1381
106 598
38 1551
224 4849
2 177
168 1501
119 3301
183 3359
48 1823
176 3271
220 846
113 1417
226 37
147 1357
46 721
118 14
22 1461
9 1833
211 331
46 2702
235 61
120 3740
40 2750
9 3285
88 3250
11 4084
224 4828
80 253
165 3229
196 206
1 2107
60 1600
127 2712
43 810
236 3342
251 3585
118 1362
254 4765
208 2402
19 4224
86 3132
28 4663
82 1917
99 761
254 1570
111 865
108 4982
26 3941
97 1281
88 573
132 930
91 3104
252 1115
70 4165
5 3607
158 2016
114 4920
30 168
213 4694
90 2677
156 2551
215 3340
104 4666
94 3907
73 3149
65 820
96 3774
156 1048
205 3624
199 619
262 2684
98 2248
105 1600
225 2284
119 1682
152 787
125 312
252 2294
154 4151
27 4770
209 1980
124 690
81 3515
139 3630
224 471
148 1054
174 979
57 1777
79 4644
19 93
238 2606
134 3947
32 711
127 40
16 4926
104 4579
177 57
180 1109
130 3649
60 1426
126 2851
245 2002
155 1603
137 1305
124 582
132 3592
178 4675
207 4624
28 4056
205 1726
218 2904
76 241
254 2658
42 4059
89 4146
88 69
263 2214
90 4405
239 2756
215 282
78 951
113 2323
236 1435
147 1505
77 4045
198 2042
257 2230
243 4405
136 3934
77 2666
113 2573
99 3795
83 2925
195 4016
184 3120
245 3102
199 3087
74 3256
176 2073
37 2664
36 3326
113 902
50 1396
77 1394
220 1064
249 2394
60 1336
179 2301
115 3203
13 2168
88 1946
259 3025
134 3676
103 4339
237 4558
158 2672
