403 403
176 257
181 1409
53 3764
145 1400
78 568
177 2859
79 2841
121 957
168 4793
69 375
55 1218
184 3618
135 694
54 4351
121 3050
20 2297
96 3703
167 4960
126 3533
116 797
141 4544
197 521
194 4022
165 3844
115 3961
115 320
47 2948
10 4775
118 2102
5 1604
13 476
120 2825
108 3943
50 2084
75 4866
105 94
43 4874
175 350
164 124
60 772
41 1538
193 2472
127 4011
125 1917
103 190
132 1241
131 337
164 1780
105 1408
39 411
195 4864
186 3430
81 3125
156 3997
32 420
59 4854
79 475
47 1484
185 3471
87 3563
105 3841
70 3277
164 4954
180 3501
102 3962
38 2020
173 1677
185 812
194 1207
130 3241
54 2434
160 3833
81 1980
191 2955
105 3556
74 4912
176 3981
20 1511
106 2795
191 2316
51 55
95 1892
100 3919
152 1326
160 1973
108 3128
98 3844
124 3637
3 3949
79 2301
171 3793
150 1176
153 2878
149 3558
71 3068
120 1797
103 3734
106 2816
11 708
27 3098
80 3277
79 2625
156 2327
112 2926
148 2806
115 977
151 1526
46 2057
141 137
123 561
146 3468
100 1532
129 4578
111 2967
65 276
148 1025
91 2369
188 4072
9 851
111 2588
170 3507
82 292
114 3218
162 3397
33 2029
41 619
84 1663
108 2930
129 751
42 2039
23 4561
18 1550
167 3576
20 4043
42 80
136 2077
26 2764
159 610
18 419
63 330
5 4980
169 4056
79 1253
140 2983
160 875
163 4406
38 4534
42 2032
176 854
114 1361
68 4134
84 311
20 646
6 1515
43 2349
143 3875
61 3633
186 3346
108 1621
45 1901
173 1290
165 4866
59 2606
83 4235
127 1687
160 2412
76 333
173 4041
166 4927
72 1055
126 4279
93 3202
37 2188
163 932
190 4821
98 1864
181 2337
59 376
22 480
49 3003
104 2363
192 304
64 3654
114 4868
180 4214
41 3049
178 1888
175 69
174 224
36 3784
194 3128
196 4848
159 2513
15 4798
154 985
156 3559
52 2396
127 916
27 2775
168 1527
135 2670
118 2305
2 3779
184 2018
142 1093
174 642
126 4598
90 583
170 2698
200 2295
3 3053
24 2735
45 3228
132 3401
40 1483
185 3850
100 1044
107 3474
123 2300
132 2573
75 2152
43 203
175 1657
158 2845
55 614
127 836
50 4101
118 635
14 3035
98 1150
195 1376
84 1598
170 928
53 448
170 819
121 1081
48 2151
154 1881
73 3875
88 2746
147 4444
74 903
161 4768
168 2663
135 578
100 2465
56 3422
158 643
31 2952
97 4975
91 3008
53 2024
106 4477
69 31
64 3379
193 2604
174 2422
11 2611
54 1728
67 646
141 301
150 747
79 4233
53 1043
35 4359
164 309
134 4642
100 1709
177 1098
87 4186
80 4938
154 1931
12 2978
154 156
44 217
122 2021
158 4870
99 2103
92 4599
188 1601
53 2209
20 1380
86 4553
105 1811
32 4882
120 4342
96 1795
87 83
100 2534
56 3288
33 3719
135 4417
188 1994
57 2319
134 3947
142 1272
110 1287
198 3267
194 544
95 2319
128 3605
179 1935
126 346
59 1056
138 2076
145 2108
68 4882
66 2493
78 520
84 3323
173 3241
99 328
84 577
52 3609
172 219
37 2460
53 3668
9 1174
55 1935
10 424
121 1250
54 3498
101 2158
128 4393
132 2080
13 829
180 1395
71 839
30 2687
32 1168
60 3992
175 3353
65 3561
173 1314
185 3516
111 1459
131 1544
10 1335
100 4888
153 1353
129 4474
191 4097
86 4452
8 3534
174 2739
35 1937
17 63
126 2871
154 425
96 212
183 324
39 1213
3 4775
102 3249
9 3911
120 3236
64 2000
178 3400
114 4171
67 3989
18 3797
149 2589
168 4827
2 2852
58 4115
166 4390
43 3007
200 20
112 4794
147 3043
91 2165
41 1498
61 423
169 1502
163 2604
146 1754
8 3119
71 1124
115 1803
22 1940
66 4623
12 2686
118 4544
29 2042
189 1744
114 4813
97 545
114 1630
66 4700
149 511
142 3100
198 3103
142 4605
38 3791
115 296
21 2935
193 3000
12 3249
100 3971
201 225
94 4813
24 4802
153 341
