401 401
29 684
88 1633
172 3844
163 1521
122 682
63 1322
195 1612
71 855
130 1043
106 4467
164 2580
9 3816
144 2810
70 4376
52 2925
73 115
119 775
164 806
199 2855
125 1923
86 4333
11 908
162 4066
110 4945
20 3690
178 656
180 2284
81 1705
78 1870
5 1018
100 4077
44 1172
5 3010
9 528
161 1804
155 3963
186 4523
28 2768
166 1640
48 916
64 3712
107 568
99 2770
27 2262
85 2406
48 1069
53 2989
194 3325
190 2454
178 2028
21 3308
144 1779
30 2932
131 2871
88 2245
86 1179
47 1561
134 1954
167 2475
128 2839
75 3721
153 41
173 1803
22 2524
172 850
182 2475
163 4274
39 607
180 133
74 4768
67 2239
32 778
153 1386
22 4994
39 4257
167 2087
128 169
93 4054
2 3650
143 3004
149 2677
133 1744
21 4552
96 3846
166 922
109 663
129 2736
71 2348
34 443
141 4287
158 2738
112 4328
137 2329
62 2840
93 4862
143 2738
12 2930
72 3157
150 2345
186 1011
36 263
105 1802
144 4286
171 4187
103 1579
186 1041
37 1289
119 156
74 2231
114 2749
69 683
6 201
93 4697
30 358
163 2288
5 778
73 4889
161 949
141 4006
147 225
1 3631
118 3301
14 429
45 2610
157 2091
125 1445
163 297
154 3894
183 2391
21 344
102 3327
162 664
180 4713
81 1885
18 3027
115 2377
176 4282
170 3974
117 4466
127 3843
110 2432
149 58
45 4166
65 1637
198 76
84 3933
127 2186
126 1355
151 2255
130 4970
55 2364
74 2703
178 3237
122 2096
72 1907
47 2881
144 1772
191 298
116 1797
58 4358
72 572
162 21
126 22
10 3988
136 1327
149 4438
16 1524
111 1355
178 1440
28 1287
75 2045
107 2900
172 1117
12 4239
39 4342
127 4810
123 908
19 3101
38 2343
26 1720
172 3164
124 2605
33 2399
68 26
163 4519
131 328
40 4841
146 3811
129 3981
44 908
127 2470
108 463
171 3135
65 2511
83 1837
7 1015
179 4550
126 2614
69 3199
127 4954
126 578
197 3531
188 344
100 434
91 2986
17 3030
94 802
156 4653
63 732
76 4818
146 3798
191 4115
26 764
87 2240
122 822
142 2827
82 2549
101 2080
91 4435
175 4933
12 3880
37 3625
91 2619
161 4567
13 1006
40 4130
104 1006
10 4018
90 3511
55 34
162 2288
58 1434
107 4967
44 987
156 2924
137 498
126 405
97 4025
16 2529
137 3914
144 1789
36 2786
12 3838
162 4328
195 3613
20 174
129 4532
8 1939
49 2571
43 2614
54 4385
133 3989
58 2963
140 1372
8 1783
145 3176
92 1821
183 1820
79 3785
16 3909
117 2617
174 554
182 4115
129 4154
146 135
1 3774
97 2356
134 1993
194 416
181 1577
103 2413
190 3139
159 2231
50 1205
93 1410
60 2229
98 4571
77 3843
31 1419
38 1680
127 668
149 1331
182 1087
109 4719
61 3259
139 1263
52 1900
3 477
23 1329
34 1689
183 3610
92 660
18 2869
72 7
83 1104
21 1634
104 1743
197 4160
40 4863
43 3340
27 3069
59 3496
182 2067
143 1292
145 1109
176 426
130 945
67 4217
191 2281
44 3253
96 7
35 1496
200 1978
187 482
172 1513
87 2341
96 1757
45 160
108 3358
81 4716
109 2165
14 510
1 132
91 1501
160 686
8 300
31 1977
187 1183
170 3070
54 2716
171 3420
196 2847
198 4077
85 2167
141 2820
68 3977
132 3678
116 3598
149 4161
110 1046
44 4889
125 4706
114 2522
174 173
197 2920
38 4589
39 1251
142 1804
75 2784
58 4536
117 4912
179 4402
27 1448
36 3023
153 1808
54 4858
81 277
152 946
192 2383
141 425
24 1980
92 2041
112 2564
41 3983
50 4532
175 203
140 4172
78 1736
76 922
121 833
120 2991
68 1589
167 2653
90 742
67 1188
143 5000
85 1225
158 873
41 4404
69 3253
125 1909
83 681
184 2971
49 2963
63 673
124 2266
8 812
116 4539
16 1682
81 1433
17 798
32 1887
154 2803
30 650
23 2689
41 817
60 4093
161 4836
157 3838
60 4081
85 1170
