839 839
67 379
398 233
240 1697
380 437
407 1047
371 1912
290 4889
265 1540
65 346
131 2407
140 4118
230 4421
178 2043
283 169
32 2172
49 2531
328 3683
74 4130
88 4980
232 1817
103 3993
381 3771
367 989
316 4860
133 1955
108 676
321 2333
318 2844
372 3967
247 1327
123 116
370 2405
251 904
92 430
145 2096
157 1763
351 4656
185 2057
381 875
328 3183
380 2918
299 3102
375 779
198 948
43 3208
137 3789
169 4954
69 2350
367 4072
234 3805
219 341
266 4633
265 4908
10 3187
234 4110
42 1916
264 4491
19 1850
73 3679
275 484
309 1928
228 2659
48 3943
382 3136
263 2114
52 3122
190 3661
316 1086
3 2178
408 2408
9 4640
6 837
393 1786
405 779
326 1888
156 2437
103 1701
76 2082
235 760
324 2131
285 4189
349 3592
183 2267
108 692
331 2363
6 592
216 3502
95 3572
358 4846
245 4492
101 2580
249 13
414 3582
171 4764
342 2298
335 2520
409 689
176 2494
227 2026
388 4492
398 4399
149 162
415 3484
29 3470
142 4516
78 3975
98 1855
25 1424
408 3537
148 3845
182 3806
243 3166
310 1401
183 1858
337 349
384 1804
311 3012
176 3375
419 2507
319 1504
398 490
337 4302
225 2228
97 3369
283 4904
250 391
179 3913
49 2990
409 2439
270 3254
217 1895
172 2644
70 4194
231 2410
117 1068
119 3835
149 740
148 2246
15 3203
288 4325
286 2217
107 4203
230 1490
239 2392
134 3326
297 181
169 2506
385 3476
263 4380
10 2652
239 4559
274 3209
275 1616
295 2514
46 1716
136 4751
207 4627
90 1801
350 1670
342 4691
327 1263
52 1210
220 3063
40 3916
260 1955
69 3387
266 3337
34 3757
384 3448
68 2786
293 27
210 1380
208 4354
19 990
326 3300
258 116
78 3397
268 4060
222 845
137 362
93 1742
121 3015
154 496
148 1420
36 4275
130 499
38 3931
129 4850
231 786
299 3968
8 4443
53 4510
40 3124
250 3040
89 592
45 4201
60 1275
263 3526
98 3825
204 1039
9 4595
410 4351
209 2645
273 1161
340 2547
192 3929
303 1134
184 4726
340 1808
143 407
393 4979
244 3658
388 3016
266 556
81 4166
152 3943
394 813
77 77
386 2270
113 4176
257 54
91 4300
386 4331
312 4290
254 4027
332 1075
177 1184
409 1113
185 3038
337 4258
233 1071
320 3478
289 1605
381 2101
242 3457
132 943
56 4107
287 3484
206 3766
410 3099
55 4657
360 4168
110 3519
319 502
87 3701
300 2396
245 3769
413 4507
134 3936
260 2434
361 4047
103 2891
318 2762
267 1712
249 2306
168 866
255 3755
205 3048
76 2948
149 3427
378 2600
362 2892
262 122
43 2278
290 3002
370 1206
399 618
108 3588
110 1357
130 1531
239 2781
22 2688
296 3699
148 100
381 1839
219 2360
354 4672
414 779
95 525
417 2502
133 2202
11 2546
287 822
338 4567
239 2703
151 7
257 1473
75 3350
412 4877
150 4410
349 3855
65 3903
340 2113
34 3086
299 2455
29 3957
132 3232
218 2376
13 2660
178 2708
225 1024
379 2569
414 897
226 3475
216 585
16 1597
123 1675
55 4110
292 1366
327 4390
270 32
115 4658
22 4379
185 12
311 4711
261 4527
258 1177
323 789
195 2434
8 1148
24 352
254 1684
154 243
208 4691
266 4985
131 4842
70 3999
217 330
314 4282
259 2858
11 687
272 4011
288 3920
185 4163
217 1088
378 2799
192 2037
125 3455
108 1840
335 2687
114 3757
42 4902
140 842
345 3866
228 470
166 3045
199 4975
356 3799
369 1185
285 247
38 374
212 4362
149 1821
44 2549
123 1659
23 4810
188 3234
44 2193
198 4242
82 4857
181 919
34 2972
167 4610
88 2461
275 2515
112 4395
160 1326
204 2532
185 4412
77 3598
301 527
121 1954
234 1267
235 1532
164 4774
43 1727
295 29
115 3526
206 1904
133 2263
223 215
43 1299
224 3496
245 3469
109 2120
106 4969
141 347
91 1681
407 4307
403 2483
74 4567
157 3335
356 1364
139 3205
161 4855
201 4416
382 3095
407 4579
416 1966
263 4274
321 1510
128 4972
22 2098
94 1465
141 4338
276 1680
145 4363
223 1904
128 2354
213 910
204 2636
359 1109
211 2888
300 366
147 158
327 4034
84 3842
206 1033
29 1253
402 574
115 2411
68 515
104 977
374 1540
22 3768
331 4763
1 2575
58 259
341 1304
109 2001
336 2228
294 3773
410 1361
371 427
184 1457
374 4512
304 1936
233 3568
340 4954
132 2381
224 631
84 3228
97 4734
207 1720
30 1628
99 36
400 2870
193 2854
360 904
219 3652
295 4678
336 497
171 3216
368 145
181 2536
41 543
211 3238
209 1647
385 2559
373 3473
339 3628
3 3582
402 2245
357 4202
47 4821
39 954
35 1991
147 2572
43 323
196 694
235 1737
129 2602
65 4709
195 4732
198 4097
155 3315
322 1744
313 1167
209 4008
251 1695
377 2377
358 3722
171 1811
213 958
108 4931
137 840
230 1715
302 1085
38 4085
245 4522
196 2034
190 4883
61 465
203 809
20 168
200 2738
91 387
300 2682
196 2800
9 2857
263 2741
396 4637
348 2026
204 1637
271 2839
395 1126
293 3917
47 3696
151 3723
377 9
336 1262
70 4915
239 1443
294 3200
417 2751
145 109
410 1060
364 2399
381 4202
220 1880
116 461
114 3301
118 3271
160 4590
125 4050
103 446
315 2993
263 566
206 177
300 2205
342 4265
53 629
74 2734
141 1982
356 2563
232 4224
332 843
38 4872
327 1111
184 1995
79 848
346 2700
367 584
229 4132
296 4837
232 692
102 2918
298 4333
380 1879
236 2268
357 3978
150 698
85 4418
343 4142
309 296
325 2458
180 1013
100 4310
337 2589
392 1081
365 1874
377 593
348 1275
384 3414
118 2922
308 3821
337 1434
60 1172
320 4163
99 4121
178 365
256 3514
334 2309
99 2977
229 3768
225 111
87 4273
200 4382
29 222
340 1247
326 4283
385 1676
110 4333
52 3663
243 3059
249 2253
23 1025
180 321
174 2031
28 20
230 2689
356 3773
197 505
159 3847
136 2653
386 1768
175 2337
51 3110
392 4897
272 3243
306 935
367 4765
221 2264
161 3848
417 4726
192 2962
394 3454
63 606
197 2768
263 487
70 3634
342 4771
195 104
88 1580
398 4063
203 527
78 225
42 4386
224 3924
319 297
259 4965
322 1112
340 4489
272 68
229 4318
418 2371
118 1261
152 3129
150 3841
365 4550
211 3080
153 4203
406 4654
52 4659
106 1093
237 1956
384 3165
119 238
396 2363
347 3507
107 4993
64 767
370 2118
401 1194
302 1561
94 2963
168 4741
340 2351
59 466
353 1096
200 2347
227 1176
62 1727
281 1933
177 294
353 2781
292 3191
182 3750
385 1047
34 4642
211 2721
250 369
54 606
404 4147
230 1433
325 2215
94 4525
389 718
286 3482
220 2379
3 59
274 2032
291 3427
391 376
155 2035
340 4559
105 173
246 963
70 2373
356 3120
225 486
407 1613
8 3749
354 2713
231 4504
354 2901
355 817
412 4052
369 1270
5 3663
273 419
85 4436
32 4719
139 3560
217 3762
98 3366
243 1960
180 252
238 4248
112 1220
275 3728
201 1581
10 4495
116 2584
416 1376
333 3375
319 4103
43 2114
235 1710
313 4507
338 3748
92 2139
264 809
148 3752
377 163
226 1308
357 3123
32 508
280 4349
419 3280
133 476
5 267
6 3091
93 2274
332 101
11 1425
381 3515
371 3590
100 4314
101 2582
210 1536
336 690
327 2567
356 4617
14 3784
355 706
372 1531
75 1771
323 2555
43 4807
247 2209
38 4089
78 685
361 2469
102 1893
164 3001
38 2345
15 246
203 1848
280 1353
183 2352
256 4695
340 3209
21 4986
85 2794
283 3396
55 2089
319 294
208 2199
59 522
242 3221
207 4213
245 4534
236 3952
413 4761
275 2542
344 109
194 2647
2 3816
298 2560
54 1091
195 3133
378 2586
210 2013
321 2399
417 4552
382 1779
310 319
274 3397
303 2238
366 542
411 2537
292 3465
182 1457
37 4573
98 853
363 667
273 1650
221 2711
126 3656
331 1812
66 476
242 160
410 2137
377 1991
311 4999
323 3217
237 2093
324 2602
375 4911
59 4922
292 2327
342 2780
151 3228
289 655
89 790
280 3213
351 4387
125 2694
269 2086
25 2146
383 3177
41 2323
232 4129
210 1768
249 1402
41 4328
277 312
269 2259
314 559
223 499
58 4556
272 1844
396 41
415 323
258 3507
359 4149
201 2991
28 887
54 2477
311 4145
341 1788
57 3526
260 4037
123 4155
398 2133
81 667
119 4282
346 2778
