197 197
26 3082
65 48
23 4475
10 1138
86 4483
64 3444
46 1220
15 1405
88 1805
64 3294
43 1281
55 695
86 3722
28 296
80 1781
31 1181
53 4580
30 3706
29 671
25 1794
33 3157
38 616
42 894
68 4540
24 1130
53 3523
27 4166
9 2140
6 308
73 2933
32 1745
33 4648
1 199
92 3561
39 4130
77 2072
26 4901
34 4533
3 2037
55 1444
26 4158
50 668
33 2413
85 4992
32 3078
91 926
45 4719
57 2177
16 3658
15 4019
23 3903
72 1642
84 4618
79 4050
11 2189
24 616
66 19
97 3340
91 1516
15 1054
19 4223
46 171
48 1579
48 4414
93 4355
4 3172
20 3278
94 1419
22 4677
54 4512
12 4523
98 3052
78 1767
2 344
61 575
1 4649
4 4063
30 2950
32 4615
95 1886
17 3865
63 3258
77 1076
63 3904
2 857
31 4766
9 3589
54 404
40 4901
70 1411
61 1164
46 2707
32 4419
21 3812
76 894
30 3403
68 3313
12 1365
28 3078
96 1294
83 4001
57 4017
23 4455
46 1314
24 1625
52 4918
74 1260
50 2146
52 4296
47 4963
9 533
70 4606
46 3302
89 1314
33 1509
29 1174
10 3536
27 4959
23 4778
29 483
24 562
1 3502
78 303
25 2767
89 3463
87 1870
84 4825
3 4974
14 3828
61 4368
83 2524
33 2002
74 1871
1 718
82 2140
74 110
77 3876
21 3931
41 295
69 439
64 2483
78 1869
88 1777
56 4755
46 1874
70 1933
22 189
27 3694
83 4705
70 1996
11 3855
30 806
93 908
90 64
71 668
15 1266
95 2032
72 2464
58 1951
75 2619
88 3775
31 4132
35 36
18 1921
30 3712
1 2612
55 4197
18 4267
88 4333
68 1594
64 1154
13 844
2 926
78 2888
89 521
90 4207
73 4879
30 632
6 2437
8 1487
36 584
29 3978
51 3188
8 2135
1 1170
24 4660
47 1091
82 3121
77 4624
45 1972
30 2227
27 3512
96 4875
93 1922
27 413
46 2361
88 2002
