669 669
112 4778
323 1734
306 4538
5 4415
182 1122
214 1486
235 1883
77 2369
12 4251
31 4399
215 3725
272 1533
182 4693
133 1944
197 740
181 406
72 4936
41 4545
101 4529
175 4094
33 1925
258 3198
117 2400
166 4902
90 74
287 786
265 3500
324 2953
324 1191
114 1152
182 3069
297 4596
71 704
139 438
5 3954
327 1501
329 1763
12 2967
1 2343
21 1673
26 1458
180 434
6 2245
261 3008
10 296
272 566
288 2499
24 917
8 4047
139 2952
129 403
128 4974
42 2169
250 3619
160 437
158 4329
40 4820
92 4007
176 457
58 4822
94 1313
171 4500
149 566
43 1053
267 3490
249 1950
287 341
65 3455
163 4845
110 2319
145 633
59 1834
310 241
76 3399
192 2424
42 1213
233 3669
312 1652
318 1164
212 2943
15 3166
226 4110
228 1051
283 1826
265 1659
191 156
37 196
310 4457
177 3077
68 3530
95 267
131 1717
118 2905
115 380
295 3450
154 1059
9 124
37 4511
324 2419
17 2954
309 2477
93 1931
293 3556
118 248
126 3037
2 1901
165 4479
194 3396
6 519
256 1670
206 4191
152 4035
257 4438
239 1601
72 4104
11 4621
325 4794
244 2855
168 2018
230 2573
126 274
167 3289
257 172
277 4968
92 2353
323 844
37 3521
240 2948
243 4116
212 1599
220 2062
312 1565
201 1302
314 1171
132 1543
181 758
37 2155
216 833
20 2605
240 4944
299 3712
95 1230
332 1354
8 1297
220 2650
91 3130
328 3637
210 1775
321 3405
44 4511
131 3865
190 588
101 3950
56 555
140 1965
264 2135
226 4647
267 617
332 67
84 723
31 1562
317 1187
301 2121
91 183
271 227
137 3061
2 4889
102 1863
248 103
267 1210
175 2000
66 4933
51 3913
146 2047
82 1882
45 1341
5 1210
332 4615
134 3541
119 1351
174 3471
288 1786
275 602
91 1847
157 2143
88 3917
198 4900
26 2009
307 4620
1 4652
108 1094
145 40
90 4270
152 4236
56 733
215 1040
99 298
308 1315
175 4660
291 2583
111 537
255 1760
20 2563
200 2121
45 1752
23 1355
168 719
296 185
136 4070
28 4207
151 1736
221 4241
327 1553
221 514
56 4850
102 3323
246 1089
58 1070
309 2397
244 166
247 4033
279 2025
55 635
37 2530
128 4101
183 409
183 2418
232 2814
310 171
330 2902
132 977
296 2669
241 895
113 4372
159 1240
121 540
171 3512
51 1445
191 4284
131 3092
222 2625
173 4346
284 2304
222 3091
143 4827
151 1031
49 1209
10 4369
189 2615
113 3835
241 4196
300 1631
88 1589
225 667
145 3781
157 3950
206 3540
218 3135
4 1617
120 3349
190 3031
285 1459
224 4475
113 889
172 1380
285 3619
92 3620
311 797
279 3319
246 939
309 3376
223 2943
87 754
50 2131
203 3311
6 4878
221 806
113 1566
52 412
24 1388
209 1086
144 3735
229 2601
121 2339
272 2661
231 3035
42 51
231 3117
283 21
279 365
155 2212
152 4426
322 1078
270 2256
278 2733
230 725
303 2387
269 2296
28 7
107 2824
23 860
269 2226
219 4144
50 1654
141 4388
275 272
49 2869
11 3447
70 1821
145 4989
216 313
149 3696
86 2506
162 1756
282 3143
177 2010
256 1846
80 1537
314 495
310 3797
334 579
157 2506
332 3063
209 4251
169 2698
170 1506
226 3562
311 2277
330 1112
165 3095
4 4511
111 3249
16 3640
334 1587
181 919
93 348
284 2491
268 1425
308 1789
138 1216
171 4722
6 1562
113 1412
294 3184
118 1766
107 4266
326 2375
114 1091
82 2718
252 345
198 2011
113 2193
130 2900
47 4569
329 2214
214 4196
151 1565
190 2441
115 1061
159 2229
252 2578
145 485
180 4161
194 603
124 4596
159 3776
103 3902
207 3896
188 2318
71 3442
25 4102
38 3408
212 4307
48 3904
148 4666
86 3667
6 565
199 4041
62 2521
249 927
121 1716
96 1395
332 4786
221 4852
303 2116
76 3230
175 2920
187 827
331 1283
275 4803
135 3351
276 4259
158 3656
24 1090
288 2357
52 1645
88 554
17 3859
76 4636
72 2178
330 4510
264 3816
55 1407
289 2466
66 219
129 301
314 2936
50 4539
34 3362
202 2651
78 1469
320 3055
329 1231
230 4953
143 2797
46 2734
193 2010
261 831
261 4721
266 3755
151 4437
323 59
37 348
157 4174
164 1120
66 3426
117 298
146 3193
210 304
313 4189
318 633
275 1739
109 1239
261 1382
14 4600
89 4115
118 363
260 898
164 3859
208 1535
10 2430
102 224
277 372
64 1361
29 4497
288 1446
167 3903
279 3213
205 3627
223 2952
302 2421
287 3849
63 178
30 4490
107 4292
322 3407
11 1380
188 2763
165 3482
61 3627
314 2048
260 1677
8 497
193 4370
79 2728
185 2393
206 3773
277 3911
112 2884
264 2807
121 4403
241 3237
10 1691
257 1576
84 818
81 2247
240 92
197 2610
185 3785
313 4186
92 123
82 210
167 4778
121 3461
210 3589
22 4907
47 4477
40 3210
71 798
26 4535
197 3017
12 2865
218 1338
333 749
160 3349
108 94
122 913
91 4325
85 221
323 2758
301 2693
187 607
325 4057
320 3521
99 4850
269 2675
147 565
125 1013
17 4709
153 2450
105 4317
164 2527
25 4109
159 2425
103 2652
332 1936
93 784
326 2270
307 1540
303 1861
159 3500
65 3547
83 3366
134 4849
255 1576
28 885
90 3412
12 4722
10 2538
31 1482
326 4193
44 2545
29 3598
52 3397
273 1702
199 2943
150 4765
90 243
85 3962
112 1611
228 4260
322 3845
319 2295
53 100
325 1601
292 2393
233 455
140 3128
325 4991
192 4941
297 4700
127 254
50 4830
140 2556
149 1943
228 284
157 2405
28 2865
165 4357
226 4596
267 4925
231 2370
89 1202
96 2679
272 4932
316 2334
49 2646
164 1576
238 4414
25 4033
286 3693
99 429
298 2721
287 2210
277 1401
300 4147
199 264
304 3499
66 33
73 1081
114 617
261 3450
92 1360
35 28
167 3248
210 1293
19 1116
270 347
120 3690
318 3719
112 2944
60 3484
228 4043
68 3908
48 3637
275 4699
274 2729
86 2616
247 2907
47 948
238 4575
85 3228
163 182
61 3727
106 3107
309 4385
293 352
58 111
308 4776
229 2498
109 14
173 2900
79 1607
111 776
270 1258
123 99
257 1617
98 3729
203 1157
253 512
111 1198
244 2034
221 3459
189 265
118 4695
131 1348
169 4291
327 4668
210 4831
203 1065
120 3164
228 2055
186 3711
322 956
102 171
14 458
133 796
131 499
75 3511
268 1938
322 329
192 3582
301 2704
256 4222
104 3914
117 2884
56 1159
10 330
207 3092
168 1749
215 3833
160 4530
131 2554
128 2019
242 1130
271 1415
153 1476
297 3286
280 3994
169 2114
289 3559
132 4983
248 1104
166 2189
31 4561
96 2185
246 487
217 1551
6 4057
