325 325
129 3953
127 1708
87 705
82 1648
62 4869
75 701
16 3048
44 552
77 238
112 367
98 2024
144 3967
52 1460
153 408
96 3492
127 3765
78 48
90 4970
132 3215
101 4189
75 907
63 236
96 4368
75 3172
36 2281
59 2329
17 394
111 4020
7 1563
78 3029
142 3270
155 3579
78 1870
51 2670
75 4084
97 593
39 1728
139 1305
23 4464
77 3672
18 1384
1 2336
140 2520
67 1258
52 3144
132 4280
15 2598
89 4005
44 674
38 2191
124 2564
7 2165
81 74
110 384
52 3434
111 4239
150 57
93 3333
80 3903
134 4241
159 516
118 3067
80 3734
89 1368
52 1345
15 4120
13 1084
148 2563
153 932
55 3582
29 4799
52 154
50 548
103 3797
36 1089
32 3427
69 1555
40 869
44 2740
6 472
14 1039
159 5
95 1938
18 27
60 4288
44 4296
98 4482
136 3603
90 91
150 309
30 4451
82 4987
108 2966
11 1962
110 3443
134 4326
46 1467
81 4360
67 895
79 1713
135 1230
70 4824
118 957
156 365
38 4372
113 2472
143 3434
3 890
38 3722
137 2780
154 192
137 2471
12 351
152 4331
21 4229
17 376
112 3933
87 2200
69 3419
140 1346
85 1873
21 1575
122 482
104 78
43 586
142 1275
81 1128
114 883
84 4528
110 4686
65 1258
83 1712
129 2385
57 2335
4 3145
8 3918
58 486
128 3877
161 3106
47 629
57 1765
61 3976
49 2658
135 4153
160 2550
130 2783
159 2834
147 2604
9 553
79 4248
83 1016
89 1543
14 2304
108 229
97 362
92 4806
158 1507
96 957
134 663
138 3094
28 427
140 967
50 1877
108 3548
2 1667
118 92
24 1894
69 1393
157 3658
77 4309
70 4091
54 2145
11 3239
123 3473
75 2251
98 2509
54 1653
45 1293
94 4952
48 1580
140 2702
74 1310
60 2731
79 2156
52 4607
1 220
75 1905
31 4648
76 4909
124 18
20 301
85 2514
153 3525
70 574
22 1812
55 4487
157 138
134 2565
66 1875
65 4460
55 1371
9 4575
132 1517
135 311
115 1912
26 2435
5 4684
157 3992
10 2211
3 83
77 4709
144 4867
10 2782
131 2967
111 2833
67 4723
36 4375
140 1419
80 4895
110 1015
158 1305
15 367
82 3698
157 1121
48 2059
11 328
10 191
50 328
161 1579
74 3155
50 4467
39 558
158 37
16 1112
5 2073
147 427
97 1274
97 2926
115 3500
126 2255
80 3467
34 1256
100 3264
32 4839
126 3767
20 1697
152 3481
122 208
57 386
77 4383
77 480
61 1313
59 286
41 3967
156 3914
4 707
23 3556
88 4579
159 2286
25 2572
154 3118
154 215
66 864
69 2311
64 3398
8 3377
59 2863
103 3905
70 2483
38 2343
69 4363
87 3129
106 3523
75 1941
144 4613
84 4175
158 140
60 80
12 3209
91 4111
99 4110
119 476
65 1538
39 3408
142 2917
10 2936
6 741
41 3651
77 1204
149 1088
147 4242
17 734
63 4252
132 89
22 4222
57 912
11 1767
120 3316
77 537
60 3947
102 3461
116 4259
19 4294
154 1092
148 2370
42 3881
39 2694
96 188
155 2217
89 2524
83 1462
17 1654
49 4083
83 2679
34 4815
52 2171
35 1224
129 3105
141 4604
20 4715
81 3642
123 4289
114 776
121 1199
147 2878
