923 923
42 3715
190 1400
173 933
199 4409
217 1844
242 2579
387 1152
365 2408
270 968
366 1266
247 4589
321 1717
399 2760
213 220
413 615
120 2412
340 4762
378 1255
341 3401
109 3846
272 982
125 1918
257 2555
445 4247
112 4625
125 1055
120 1831
249 200
253 4907
461 2612
318 4445
92 3593
275 3943
82 3136
163 939
324 1580
208 180
224 1469
132 1578
193 43
326 2635
445 2424
84 1233
254 2185
82 1063
451 252
367 3253
113 4882
262 1561
317 4321
141 2126
422 4135
323 1146
388 629
94 366
358 3472
60 3215
7 1792
404 1094
310 1075
319 3748
335 2417
204 119
177 1861
414 3338
65 61
457 1581
188 3633
240 2619
35 978
366 3687
278 4590
301 4904
436 2801
1 1848
447 4526
50 2717
285 4825
230 1483
176 4808
298 3066
72 3598
288 4324
390 2984
417 3200
21 859
206 432
242 3487
152 1853
9 1939
203 4220
230 2603
153 3641
159 1092
239 2392
87 3577
263 1344
263 3266
417 285
286 4767
376 3174
312 4422
88 33
199 469
133 4841
81 2291
47 1889
112 3529
412 4991
202 4407
245 1044
142 3719
113 1769
361 1494
332 609
28 2997
220 3578
179 1402
372 3663
338 3300
219 3530
291 4285
236 2286
110 4534
451 2299
339 1282
320 3716
363 4859
254 708
142 4007
66 1062
448 281
323 4441
449 1199
277 3400
345 1164
67 4495
404 297
192 4363
112 3636
94 3729
244 1865
333 3958
51 4807
318 2532
52 4555
344 3313
452 47
395 2688
122 3748
207 1584
250 2302
398 1576
136 145
71 3277
285 4794
306 297
22 2639
357 4905
30 2699
131 4381
125 1398
250 372
70 4880
83 1587
77 2873
151 751
35 1637
375 1429
377 4288
82 1222
212 1426
219 2915
247 1035
194 2734
86 3126
211 4069
88 2515
37 1039
30 1008
286 1653
29 2001
321 4547
318 2026
323 1733
435 536
227 4561
186 2285
434 2485
116 4010
274 723
34 2629
403 2410
190 409
22 2144
392 4196
18 4507
427 4567
180 2255
375 3886
326 2633
332 4618
8 4013
113 3081
245 1207
422 3055
334 1157
9 4932
142 3804
169 2131
120 3612
262 935
272 2950
146 1
78 82
156 1205
328 2593
95 3437
308 3367
392 1444
402 4659
94 2282
136 3782
19 1888
260 3497
146 2659
231 1142
378 135
300 2505
55 925
442 2062
208 2677
260 1452
180 4458
118 3123
250 1672
110 2135
308 1030
199 106
117 1783
365 2078
168 4565
61 335
193 2906
431 2100
293 1202
331 3333
133 2528
439 3421
19 2114
192 2681
437 3054
287 1075
15 1750
431 4172
352 4070
259 687
315 3455
368 2110
214 696
89 4619
331 2437
42 3091
444 4722
58 1206
33 1125
372 2196
234 2689
9 1247
13 2130
329 1891
159 4271
8 4886
428 241
60 3384
438 1736
261 917
64 776
137 4444
255 4956
173 2316
302 3709
160 4022
303 3840
356 630
64 4632
51 4188
211 3777
443 4796
217 2310
414 4115
432 4164
140 4194
310 1079
272 1602
168 4600
353 1080
98 4573
305 3423
53 1198
19 2132
396 1407
392 2407
119 1396
96 996
322 4043
306 1896
87 3272
192 4259
375 4928
52 3020
288 4131
35 77
166 2490
159 4085
191 2202
224 91
84 1651
350 1494
349 168
216 3687
366 4878
438 4830
347 4668
353 894
94 2647
334 3223
454 4588
70 4383
416 1402
28 4925
93 2149
25 4594
398 1835
263 4336
244 1964
407 116
91 4637
283 3995
172 3187
233 671
36 1999
70 4980
197 3412
61 134
99 468
145 4604
155 3111
426 3306
451 2728
189 4629
98 1033
315 1037
268 4142
151 4088
361 3935
456 4889
231 1729
118 758
95 2233
199 2344
439 4332
304 1660
45 1348
356 2399
131 3236
247 4811
218 2272
231 3754
67 4061
385 2898
247 3196
75 4413
232 2970
101 3539
51 1278
325 962
89 1507
260 2572
146 707
102 2878
268 4630
13 1702
312 1271
27 3632
96 3720
14 919
148 216
369 4736
387 2208
433 4769
205 4454
68 4845
260 4414
249 3030
289 2544
71 1829
226 818
71 2343
341 2578
259 458
346 2249
347 3560
369 502
148 423
312 4725
277 4358
203 1384
5 4643
199 1076
134 3312
126 3478
160 380
423 4975
198 4738
344 3342
79 3416
202 2524
235 2549
285 2318
183 3506
415 2599
76 2197
356 99
142 4858
83 3118
208 373
413 3107
166 1165
369 1427
17 3353
335 2542
252 3405
149 1806
348 553
27 1710
312 1339
5 3589
336 3440
304 270
77 1611
207 3980
224 1624
279 4094
294 3978
127 4140
423 1824
411 227
245 1138
287 1406
344 2570
112 4112
157 4143
112 4785
341 4046
162 3205
210 1097
57 1732
186 2150
135 2999
390 170
383 3933
31 1996
12 4714
78 3871
218 3347
306 3168
403 3319
105 3437
400 2645
29 839
78 2070
143 3215
388 4930
157 3559
327 2639
408 4989
30 1314
128 2855
25 745
366 2674
306 3361
35 4560
268 850
265 480
98 66
117 4402
253 694
105 3653
77 4463
16 4362
382 2535
91 1383
342 2291
57 4835
297 4436
146 2070
356 3402
205 1932
209 1322
296 13
107 577
149 1265
328 4340
247 2591
292 3906
85 4076
392 3335
349 1180
165 509
453 3294
129 3862
397 2590
226 3354
82 4116
279 4379
14 3936
185 2006
302 3326
185 1429
451 3563
26 4884
196 4087
410 3938
328 831
183 1611
370 3240
138 4639
241 4104
394 272
277 3244
291 4833
94 3126
278 4475
376 1550
149 4662
57 2118
442 3570
281 3830
331 3419
258 785
320 441
456 4469
49 2544
304 590
420 530
447 465
51 751
21 3357
51 3759
298 2851
396 1617
9 2079
214 4941
374 2431
293 2063
132 1766
350 3979
256 1633
17 1503
455 3065
227 4875
188 4552
96 4766
440 1517
312 1149
170 2918
215 3719
7 4896
48 2495
257 771
121 2264
98 877
19 3839
56 680
38 4428
191 3301
415 3103
432 4524
461 189
7 4816
401 3044
3 519
347 4587
255 4568
424 239
31 4722
227 1897
182 4142
317 1725
338 1729
191 2584
264 2295
290 23
461 3536
167 895
35 1318
236 4117
51 2854
8 561
193 1020
182 2746
107 97
156 3529
302 1255
198 1563
296 1952
117 752
11 620
442 2681
412 4572
7 4324
167 4854
323 2513
255 4999
115 3354
65 4683
252 4622
410 4385
92 3806
58 4951
78 4701
68 1476
286 2420
381 990
457 2039
145 2122
87 4780
159 4301
256 4991
71 3908
230 3081
294 3861
399 4859
128 4738
353 4081
369 1094
313 4443
14 1985
273 4850
432 2573
216 2027
195 2196
216 3771
433 727
10 4242
356 3040
395 1719
310 3981
241 949
201 1732
298 1442
269 4187
62 4722
71 692
376 1501
232 1011
448 162
263 962
56 1582
269 4204
442 2805
129 2591
319 1764
69 1701
53 2407
44 3752
24 510
238 4258
330 3368
240 707
214 4580
78 262
353 1533
53 3955
327 1151
188 1960
198 3748
245 4262
102 4149
232 3045
42 4530
307 4231
172 2667
50 1590
286 2182
278 2331
281 2127
96 513
264 1400
250 1029
444 1918
97 553
127 4504
238 4809
417 2752
415 24
440 349
52 50
62 549
254 2875
371 3268
65 420
277 1690
399 3641
325 4607
249 1178
149 3982
443 3807
193 423
364 1928
236 1027
422 4405
388 2543
205 808
289 3783
207 2348
148 4523
138 2152
77 3540
25 2428
238 3961
74 650
396 2099
234 2132
431 1399
124 3501
124 1186
20 3779
72 1230
2 4514
298 2781
289 1421
365 1367
434 1208
238 4541
214 4154
274 253
122 1536
310 1972
223 1238
57 4500
320 866
276 2756
247 357
347 1542
4 3352
49 4850
238 177
437 3805
398 212
105 4680
98 4780
113 890
173 2363
453 2938
55 4403
413 4961
63 2266
100 4707
282 2985
62 2505
247 1981
83 1811
5 2638
20 1641
376 4755
248 1131
59 1359
282 3099
21 4742
295 303
133 1705
210 3660
271 1022
450 1253
252 1295
115 681
294 3301
433 3878
75 4777
280 4840
177 4680
304 499
35 1747
153 3826
299 1316
89 956
453 1462
96 3743
373 3437
283 2978
346 2929
403 2762
7 945
261 3627
58 4895
316 2498
301 3464
30 207
326 2319
302 3772
312 758
425 1825
9 3962
184 853
394 2886
423 2639
407 632
90 4259
29 2289
43 4819
3 381
64 3226
381 2833
288 3022
368 1890
443 1225
363 354
312 1804
102 1954
74 2230
447 955
179 3665
413 874
176 2698
79 2747
294 750
1 2103
114 1702
285 4639
113 4338
37 135
172 1657
16 2070
412 1367
263 1015
22 4130
177 327
302 4726
73 342
181 2502
228 4535
253 690
314 1678
352 2349
246 1185
441 4638
99 143
178 511
282 3238
24 1071
116 2306
285 4915
57 2047
327 1451
26 3812
340 3182
358 1374
51 4255
54 1950
249 4390
93 2474
306 2218
140 2966
446 1740
323 2163
299 4407
181 4217
360 1577
230 3983
327 541
119 3855
85 2712
337 273
81 416
245 802
220 3331
37 850
155 3742
426 105
373 2193
347 2678
193 868
358 4165
422 2242
44 1259
130 2658
184 632
202 2531
227 3311
195 4664
296 831
1 2144
277 1143
432 910
441 1460
133 4650
139 3279
105 763
116 1076
224 4972
423 1819
197 1093
270 3462
164 2931
112 1336
127 3368
183 1220
121 1896
260 418
361 646
447 108
335 1025
251 2094
429 19
414 3646
96 571
303 4456
17 2356
212 2015
331 2040
310 3649
