960 960
389 1286
386 63
62 3223
393 411
285 107
46 1343
266 2196
336 2348
340 2270
137 4802
333 213
204 4109
64 67
193 898
479 4534
190 505
231 2048
101 4897
350 1707
223 1028
272 2218
278 3923
173 2966
44 1729
287 2881
465 1090
313 2747
35 1784
107 4261
303 1989
312 147
70 1271
147 4047
312 3689
157 37
264 4455
358 1748
204 1235
232 2357
193 2227
287 2676
290 223
278 4074
27 1021
473 3503
211 3239
293 3957
1 3249
107 2495
417 433
443 101
63 1216
357 2658
473 666
412 1316
393 1817
366 4072
161 1868
169 388
240 4976
244 3900
232 3724
438 4573
251 875
123 1191
316 4969
24 2929
320 3446
223 2282
463 3748
463 4861
417 3764
156 2927
230 222
30 1783
178 557
65 1695
116 2202
61 4239
432 3160
256 4637
213 3365
155 3678
377 4790
216 4001
230 684
401 2255
55 285
406 754
229 4563
182 2167
397 3346
325 2280
415 4284
19 1273
103 3777
333 3289
375 19
450 1423
449 4525
288 1730
355 2785
249 387
205 470
192 143
172 2596
108 1496
45 2359
385 2758
308 1392
296 151
258 2902
229 4624
287 2365
100 4848
44 512
383 2758
326 763
456 26
365 3924
95 3002
225 488
185 3057
475 490
220 4495
463 1469
266 4794
372 4006
70 2214
65 1462
61 4950
40 2345
148 3044
321 798
231 1185
132 158
330 3692
92 3734
43 3330
426 2655
250 3846
291 3073
68 3380
453 4738
341 1794
146 900
372 1271
24 4847
149 4254
131 1205
443 1743
200 2901
184 2601
90 3524
176 4323
421 622
476 3455
382 1782
426 4580
73 1260
31 2061
268 864
442 1279
68 2568
33 529
393 3299
20 4571
366 2031
416 2011
396 2868
275 3137
45 3833
389 2915
45 2331
458 4283
467 992
389 4610
45 4546
128 2979
10 4353
380 3485
316 680
312 4593
422 3965
140 2175
475 1898
369 1538
46 429
346 1920
39 486
256 4185
270 459
239 3195
335 1559
478 2263
120 1918
251 803
366 3132
101 4662
302 4099
195 1340
476 3522
448 1736
128 1964
254 106
403 3991
387 4652
196 4808
293 3314
198 4217
354 3706
68 4375
164 1626
415 1484
352 2056
305 451
262 4212
256 4298
275 1526
406 1101
25 705
110 2483
475 4793
368 4502
244 2548
206 1230
31 1292
372 1865
62 250
236 1881
180 1818
270 2827
295 1192
439 4170
210 330
479 1367
430 916
459 3567
293 4149
12 2413
327 4887
19 1662
96 4663
398 4151
366 3974
82 706
381 3369
1 4310
14 3111
89 2037
70 3739
181 419
180 3112
214 2299
80 2602
251 3177
305 4146
427 55
45 126
361 3233
144 1540
239 1368
13 2220
446 3044
290 4388
49 3766
70 2371
328 4720
126 2076
425 3617
429 4788
113 1415
270 1964
386 4699
364 242
340 2560
152 364
111 1258
90 2942
209 1499
432 1536
416 722
48 1230
83 2928
216 2419
341 2407
213 1490
107 1162
456 326
209 903
319 1311
403 3719
420 362
478 1386
237 725
132 4260
125 3609
68 4276
335 3388
188 3685
25 879
449 460
80 1084
314 1653
458 761
81 1417
367 342
237 789
217 4193
344 2603
1 1897
460 2923
109 492
197 850
350 483
423 1744
277 1594
93 550
224 3836
166 554
362 4988
395 1808
75 2503
384 1778
306 4024
56 3690
50 933
298 1294
432 1306
371 2217
82 3985
415 1713
135 3801
408 3132
464 250
452 3088
394 2919
462 1181
282 2444
356 4107
81 3939
356 1391
404 1469
268 1838
216 2350
442 446
3 143
49 111
149 3400
138 773
201 2219
384 3960
25 3922
238 3178
310 1144
113 1853
385 4648
365 1760
95 4598
235 1601
243 360
248 2382
449 914
124 472
337 286
214 3578
140 1044
53 1397
196 2020
341 89
422 3308
120 3789
30 3966
227 3057
340 1188
30 3573
214 243
26 2183
470 2645
333 4165
27 3606
294 802
379 4533
201 4037
343 885
73 4033
347 2448
468 3508
408 1141
31 2251
353 2870
411 4902
145 2816
75 3389
389 695
274 4877
191 1344
328 1152
391 1773
254 242
26 58
114 1967
255 1134
382 2719
156 494
291 3604
185 3051
88 4299
73 2884
44 4549
413 2727
82 2035
323 869
192 369
384 3077
54 4784
39 4482
442 1630
210 2880
296 1828
370 891
445 1007
329 2921
171 622
230 4144
197 4601
368 1822
80 2621
166 3338
212 4809
313 529
458 4162
310 1715
222 3108
138 3928
285 1236
305 3689
244 1534
292 2806
412 1484
90 2073
42 513
115 2964
72 3550
153 1874
259 3364
330 1150
359 466
94 4307
345 2930
392 2206
36 479
445 3920
51 1928
157 1705
294 1139
222 3562
410 4149
420 372
46 4559
324 4242
431 4499
232 3667
46 3015
266 2574
217 2470
168 1042
303 268
218 6
78 3156
468 1179
78 1024
14 1998
183 2233
68 3135
68 1981
180 1807
337 641
119 13
80 2495
294 2350
209 3030
27 3329
137 3966
265 677
162 636
436 1209
66 3412
190 1103
411 2577
375 3577
15 2125
67 708
438 3070
93 3454
152 1418
378 4281
367 4275
421 923
208 1965
177 120
6 3796
7 2348
395 3606
429 3052
88 2482
145 3246
137 2917
98 813
297 756
259 2640
385 1642
253 440
79 4086
187 2805
165 4497
318 4623
208 1688
376 2601
237 892
89 1563
450 3842
429 1546
337 1997
342 3465
274 919
261 2239
163 2842
9 4431
125 3347
477 753
143 3665
239 608
60 1579
296 4214
368 4204
116 2593
185 4705
179 1306
466 2638
257 1704
371 1767
457 2866
384 1238
341 2818
345 4561
51 3001
102 3674
175 4830
336 3975
397 445
366 1778
108 4265
243 2023
64 3473
116 2065
24 3747
237 1714
401 2580
97 4877
309 1546
269 663
143 3249
332 3872
93 956
66 3768
358 589
10 2830
396 4579
472 119
309 3244
206 4550
57 4826
7 3224
40 428
479 1932
114 4152
152 1996
200 4334
351 2520
150 337
413 3988
444 1091
103 2863
185 2110
232 2737
216 3050
203 3802
86 4485
47 4894
122 2993
278 1530
346 4751
233 4551
332 2548
302 4772
81 4322
478 578
359 1485
44 972
159 1081
267 4059
42 3942
138 876
68 865
479 3785
348 108
478 4689
15 1733
265 4538
403 3416
60 2465
476 1739
465 2298
475 1185
217 207
352 4054
161 3853
355 2607
448 4960
244 709
177 2865
445 808
57 4284
309 2116
435 881
251 1816
152 4646
347 350
464 1143
135 4537
347 4108
355 1247
35 4924
311 2047
29 73
53 1491
292 3993
394 163
363 1127
171 4594
430 3028
364 4711
84 325
433 1317
441 1724
380 2943
452 2402
389 3396
437 1288
8 352
442 2842
71 4519
304 2857
145 4584
286 3721
284 412
402 4047
390 4092
218 3102
252 1075
460 4315
444 1995
138 74
310 3218
10 2840
45 761
161 4401
241 2773
114 2565
79 65
416 2998
79 4526
174 2653
360 1068
217 1649
61 4597
40 3604
346 3304
53 4381
285 2208
397 3391
75 1568
103 3411
373 984
200 1422
404 4309
86 603
58 2320
230 84
224 919
48 691
219 451
22 4755
267 3797
68 4566
234 1560
78 2114
390 2398
321 4520
303 4296
143 3933
22 3855
300 287
209 146
85 2700
148 595
363 4606
379 1791
388 882
18 4858
340 966
253 4963
142 900
27 1685
436 2620
40 2518
287 3339
298 2515
86 2821
58 1651
232 698
262 1129
253 1034
107 1871
409 4664
261 1496
167 1227
86 2930
39 1086
361 4232
14 4671
204 3445
279 1991
442 4248
319 3039
157 3170
410 2203
106 2549
52 2473
1 2025
172 1105
443 3586
313 584
346 928
341 3062
397 4339
159 2525
29 3050
397 2993
188 1253
273 3707
283 666
169 3884
143 2399
389 2515
240 4305
15 3727
50 3518
476 437
437 2458
256 472
287 3278
42 2532
316 4042
49 2762
451 1276
449 3110
172 4700
333 1942
474 1962
305 2096
149 3348
20 3433
273 2762
66 2981
363 1210
10 3675
228 842
235 4917
206 4954
129 3061
249 4141
477 1546
253 4858
327 3986
379 2953
403 554
450 612
38 4567
164 1427
86 994
5 1438
321 1742
258 1225
172 1521
206 4017
435 3130
63 4869
214 4926
231 1085
199 3207
435 2008
10 804
26 955
300 4696
88 3205
355 2898
472 3202
396 4964
23 612
191 4909
150 1278
463 2117
291 1577
365 147
158 528
328 197
8 4432
229 2670
176 4979
141 4940
350 473
15 2865
215 1435
144 1208
161 365
418 3087
112 4515
418 2874
251 1558
141 1234
353 1813
43 2926
135 1926
102 3451
145 4209
242 2100
342 4367
299 238
476 2212
157 638
228 848
138 331
180 4855
286 213
54 4263
440 1807
177 112
3 70
196 1981
415 74
228 769
100 4746
333 4220
400 2354
424 311
71 4756
224 1865
363 537
435 4076
17 4631
49 4170
187 3074
236 218
422 464
351 3460
378 152
467 3728
319 2393
419 4058
106 975
118 1865
463 738
437 4422
188 125
372 1204
200 3329
167 1194
222 584
104 324
285 3084
32 250
72 139
275 1072
226 1777
56 4730
61 4182
102 3852
242 4472
118 3367
119 3400
96 4861
143 89
232 3285
261 4281
244 1413
100 4291
465 2537
259 1215
425 1652
39 4057
440 109
71 1552
258 1783
135 4602
173 3436
201 2327
251 4497
85 2102
24 3593
211 3680
168 2112
463 22
89 2922
126 1535
117 1084
283 2911
213 935
225 1039
107 1277
159 3745
48 2896
106 761
209 3565
124 754
378 887
39 419
305 3313
42 316
111 2951
191 2390
459 1855
232 3937
467 4837
357 2666
396 148
289 2180
201 1179
144 2506
231 1057
355 2429
362 2936
312 1082
22 4979
377 3842
30 4608
54 2537
117 3228
216 3102
44 4585
458 4478
33 3707
413 314
172 695
213 3967
96 481
214 4350
251 756
37 4100
