507 507
30 455
22 2211
250 3260
233 2737
14 2699
67 1283
234 4005
177 681
222 4181
23 3816
34 3441
89 2641
75 1246
206 4422
42 650
126 4325
94 3067
85 759
103 4
167 199
211 4289
99 870
77 4133
154 3252
212 753
164 2375
213 3465
159 2871
83 271
65 3708
172 4309
103 1339
220 4338
74 3746
131 3841
123 716
35 4875
44 277
217 1116
170 356
86 260
58 3135
132 4089
247 3440
17 1497
44 1594
14 4717
1 3851
24 1524
72 1724
12 1539
7 1821
90 2015
142 3977
6 977
170 2089
32 3674
196 3651
163 4439
56 4361
96 4503
68 2619
5 3274
59 3563
100 2197
153 3782
184 189
239 2330
209 103
50 3661
84 3347
144 3000
90 433
46 1230
62 2459
136 4469
181 3504
135 3207
180 4435
116 4420
116 2043
30 4806
30 4429
67 2258
173 3795
183 2896
60 1845
132 4478
145 3166
213 4110
148 4946
186 329
201 1291
161 3196
252 4179
50 2656
91 387
102 1363
87 3826
144 2463
29 2771
170 3126
149 4932
42 4644
99 2495
91 1622
229 2
143 1687
86 3389
5 2179
159 3667
9 4770
107 1547
227 1924
78 2458
64 2134
41 4178
69 2181
182 1337
246 2183
43 1823
85 548
179 2125
249 1552
24 3149
13 1243
36 811
37 3931
246 2855
117 2081
79 1756
248 1018
31 485
25 898
120 1346
252 162
212 3989
132 4907
99 2966
218 2907
191 2586
153 4860
151 4461
155 1849
79 2758
128 3978
203 1740
7 4555
79 4941
232 1684
41 4106
201 3942
84 1074
142 2357
92 466
146 1820
247 2483
124 948
119 760
80 2408
27 806
122 3115
40 2171
23 3650
21 53
176 4901
14 1969
160 2063
152 4831
221 3769
3 4581
144 4628
96 655
43 634
129 3980
150 858
93 2458
91 4660
237 595
216 4508
176 698
109 3847
169 2017
229 3350
119 3586
24 2995
163 1852
203 3486
233 4425
143 2342
3 31
246 13
5 3838
173 2815
66 1800
33 2676
159 1811
167 4832
248 4707
5 1530
18 12
12 2158
10 1067
127 2994
69 3780
155 4410
164 831
217 4816
162 134
238 4193
190 1883
236 367
78 2605
50 991
87 4919
109 44
51 1977
219 3168
243 1154
10 1481
187 3819
75 2085
105 3700
189 1949
204 2430
166 2405
77 1906
146 1300
243 1856
94 1926
134 1840
101 2073
48 2024
174 901
182 609
220 57
221 4096
29 4533
95 1276
238 2333
217 1294
251 1775
100 1101
120 2362
81 665
141 4490
174 3350
160 956
220 1717
120 2272
47 2066
5 1635
134 4533
163 4772
88 53
83 4685
146 380
158 3012
121 3601
46 3960
138 3583
139 1941
161 116
124 682
26 1766
108 321
160 117
159 1130
129 454
6 2023
138 1651
6 4613
243 454
164 4008
170 159
230 2403
89 2165
57 1652
75 2106
112 1364
199 372
50 684
181 1920
229 1981
33 1599
150 338
146 397
251 2743
227 1660
73 3489
63 4260
194 1003
124 2197
110 4209
200 917
26 2418
252 4070
163 484
177 1267
142 1956
243 134
56 666
233 1541
30 4382
143 1423
149 3135
78 1603
163 1893
149 1966
12 1420
112 3573
89 1477
109 1791
150 4351
107 3507
246 1787
97 3318
55 43
166 2129
106 4878
176 2850
191 4008
161 1317
21 3323
141 67
92 1222
210 2745
144 932
22 2117
68 976
234 364
100 2585
116 1527
209 2680
149 2595
11 3328
103 3100
209 1817
177 2195
236 2486
201 726
128 3852
49 3390
90 4580
185 2816
237 2187
82 2841
149 4626
162 4010
233 333
180 31
196 1472
223 2120
186 2085
252 144
81 4930
3 2666
99 910
64 2510
220 313
131 1910
49 4123
62 513
176 925
18 607
171 794
182 3634
197 1651
210 2096
82 2580
126 918
209 599
203 567
186 3398
188 4041
252 75
6 254
213 4910
87 2797
24 1133
159 3515
195 4491
235 4358
52 1247
188 4149
207 365
42 2523
179 2251
162 2219
146 3164
173 3592
94 912
95 3386
109 3415
127 4344
222 2369
98 1195
7 842
114 535
97 404
18 4394
162 4699
29 2820
15 1551
42 3824
117 4411
88 2284
127 2740
153 1568
223 550
249 3963
119 2782
90 2676
242 806
250 2273
134 204
223 4761
195 911
32 4709
252 802
25 4205
172 2116
229 3499
124 3503
193 3222
125 3381
204 1322
45 1191
69 1129
246 974
223 473
117 3736
103 1178
36 636
9 4252
29 4812
221 67
222 1919
44 4392
18 1826
110 1385
79 4550
148 3623
92 4896
91 1205
45 599
26 4597
30 1560
7 1765
44 1360
195 367
157 1175
242 1103
173 2786
69 4332
225 4443
19 3809
207 3125
186 2379
231 2643
217 3070
150 3763
211 4741
39 4310
122 1947
209 447
31 861
210 942
167 3045
97 4537
191 1260
2 3737
167 2943
217 3608
24 3861
252 1743
62 1446
205 3749
154 3881
18 1436
96 2640
74 4034
193 29
158 582
232 2251
154 3022
64 485
70 1628
112 1616
200 1039
223 3432
57 1366
131 1502
53 1375
249 1320
230 3111
14 4090
124 1018
173 331
210 1851
7 4926
164 3492
62 4823
13 2037
168 660
27 2745
241 2941
