691 691
135 1922
91 1099
8 4932
11 3096
266 4899
152 841
139 1569
283 2016
85 3873
7 1900
2 2248
286 1463
83 1796
340 32
47 2636
140 4236
181 2748
111 4119
269 4517
272 2453
142 4739
58 4900
84 4073
324 3265
7 1346
339 4465
283 172
228 436
295 3126
53 684
247 1754
204 4389
158 389
66 1141
127 1497
251 4527
151 2388
221 2473
114 4298
164 1309
133 3756
244 797
250 2372
341 1759
116 3422
197 3172
126 2158
158 3259
84 1889
240 558
239 2532
335 2283
299 111
35 1997
254 4569
160 718
298 4612
169 905
194 3317
96 1606
314 173
217 172
164 181
278 1270
304 4211
205 2638
39 3236
160 2832
101 626
305 2187
104 2981
285 893
19 980
278 4897
15 2784
196 2198
277 1466
118 1112
207 3634
345 1052
212 153
17 2127
6 2714
128 3752
302 2213
19 2025
239 4031
61 3790
280 3249
59 4321
24 4132
325 128
236 4414
310 4945
71 126
37 1014
135 992
70 2614
92 378
88 2641
287 1680
155 1372
278 1022
46 2105
334 2161
89 2050
172 2541
106 4706
233 2616
60 1508
88 1782
223 4779
243 4049
30 1197
206 3502
323 312
235 4428
55 996
75 1629
153 20
154 2225
77 2805
107 4177
176 2073
284 1135
93 1132
54 1649
283 170
88 316
36 2729
248 128
68 2627
217 3932
240 1469
33 3431
226 4602
123 4786
320 560
231 4213
196 4828
114 903
324 4233
65 383
95 4017
241 4458
284 2398
43 2178
38 1741
247 1851
73 1897
210 4607
243 1113
180 1283
39 493
27 2856
247 1399
340 2134
245 3895
208 1584
95 1492
35 2307
275 427
14 1574
248 3620
14 4091
66 4528
133 4875
215 1807
293 2883
44 4355
40 3588
156 1549
313 3123
22 843
134 87
244 1694
287 1741
308 2565
134 4907
334 3683
89 3906
280 1223
116 2679
193 4887
193 3815
283 2731
196 4568
115 4173
145 3584
281 555
118 1377
280 33
39 2176
266 2892
44 4560
224 3570
170 2978
19 2536
291 2632
17 4725
57 3281
304 3229
117 2
313 2421
183 2354
23 4997
26 162
90 3478
162 4594
273 2989
123 101
242 1731
189 3885
194 1798
93 346
291 1907
114 873
226 455
53 133
327 649
255 4745
207 2542
159 4401
284 4414
268 2411
274 1648
319 2149
46 2639
42 4950
125 4189
87 3782
242 759
243 635
38 3628
324 3748
53 61
55 4435
176 4832
156 3161
272 4726
19 4404
229 2741
265 4492
281 4673
171 992
201 3383
200 1026
109 2207
233 4271
103 2218
211 4116
231 2743
199 2808
86 972
66 4992
3 2757
86 2402
344 1849
212 4451
323 4795
123 3765
192 2515
35 220
151 3142
226 28
81 3855
191 198
187 3071
64 2221
307 4874
48 4568
254 3153
301 1166
68 1747
284 1060
310 2720
77 3099
9 4952
135 3440
276 1779
69 4945
136 4478
131 561
25 3139
118 2252
147 628
234 3874
122 1511
105 3897
54 4645
12 2368
265 2359
39 4610
229 1435
58 2709
170 4058
210 1135
332 4021
340 4088
116 2210
280 414
52 4035
325 3206
25 3550
72 585
180 3448
37 3277
190 2698
8 3743
304 1766
5 4817
334 280
17 3865
196 3174
183 1807
303 4723
97 4089
93 4472
185 476
253 4
100 1936
40 4259
271 749
201 1153
267 3424
309 3938
94 1974
191 754
234 4465
282 4921
328 4726
76 3390
108 3447
86 2589
68 4711
11 154
82 1039
304 2507
287 4300
107 1128
310 2566
121 2361
91 4887
317 3581
148 405
79 2177
119 4472
324 3074
206 501
238 1287
319 856
24 4712
48 2317
177 3445
53 594
142 4854
285 3199
159 3773
43 1059
308 1162
288 3429
122 1419
221 1229
318 4739
112 454
193 1284
306 2027
136 4003
181 4983
117 1268
120 2934
176 3126
231 2584
167 4012
277 2562
182 366
151 2834
345 3897
107 3987
277 2793
52 1064
73 3270
152 3904
231 2501
173 361
94 4294
65 1275
214 875
287 4112
339 1694
121 1630
35 3648
288 264
334 3970
212 654
97 3306
338 3964
46 1334
157 872
251 3650
12 1518
127 4193
89 166
233 4727
201 878
73 2722
289 3444
104 2379
286 4055
43 819
133 4609
320 890
282 3133
247 4507
119 123
1 4586
17 1173
22 4142
106 4858
196 743
320 235
329 4664
178 3564
53 4885
45 4475
56 3415
321 4628
132 455
15 1063
10 3088
344 4281
41 2644
46 1741
39 3074
14 2255
163 4180
267 1723
165 2861
192 945
193 3131
172 1430
15 957
61 8
1 1572
148 1428
259 4951
221 4274
312 4048
128 2942
327 1288
288 4426
294 4439
304 3909
11 2558
26 3723
217 2011
162 4348
311 2241
269 4630
1 1353
116 2344
271 4545
113 2387
139 1206
266 4020
309 629
78 2446
101 1143
306 4569
40 37
108 3989
206 246
281 4129
5 3368
93 41
125 4763
68 3364
184 903
41 2109
200 96
87 511
280 3905
310 1645
298 2400
28 2784
289 4335
183 4043
53 3284
11 4275
171 3344
9 2513
235 4962
277 2879
308 2844
45 4447
101 3803
345 2099
35 3995
14 2392
289 3082
155 3361
68 4445
281 1283
59 2956
140 4956
128 4417
31 2379
29 4280
179 3982
45 588
84 3155
38 1676
291 3460
113 4447
62 21
57 4470
238 594
329 2191
105 2650
171 1038
194 2213
38 1723
309 4808
246 794
337 4907
333 4528
302 2228
237 3621
2 4767
125 3306
317 2911
334 3186
157 3947
18 3591
110 1197
78 2307
8 1884
331 1450
75 3557
105 2503
335 4767
7 4924
333 1452
81 2897
64 600
154 4403
156 4437
139 2450
221 3095
127 3673
40 3166
249 4021
82 3771
16 2140
57 995
268 1167
280 4720
114 3305
210 4157
138 2530
185 4042
281 4823
116 713
245 3700
148 4778
269 4708
86 4449
9 4492
104 4241
329 3900
44 3068
147 3628
10 4026
330 1125
152 274
289 3857
109 2448
128 507
190 4640
15 2240
140 3216
296 4879
171 2804
54 3741
70 1661
331 902
28 2675
6 2867
274 374
251 764
173 1319
51 836
95 634
245 3875
145 3508
110 4263
73 1862
329 3654
136 4877
14 4060
246 4937
13 260
274 255
71 4845
264 1598
150 222
182 1906
193 3915
188 1217
305 4046
293 3114
216 3561
226 1870
327 86
33 1991
317 2848
289 893
29 1398
174 1828
314 29
171 424
164 3529
63 4119
291 4315
165 1005
183 4777
249 4918
247 255
126 366
330 2341
200 3719
87 1880
45 2084
341 3676
144 691
225 2622
241 2038
40 367
37 2964
278 2304
270 2995
42 712
278 2671
166 1926
23 4202
130 2827
147 2275
128 56
258 4365
114 3917
154 848
9 2115
111 3290
316 4156
159 4510
245 2377
154 1435
124 3187
293 3022
130 4497
23 3612
80 2380
309 826
269 4042
342 3429
82 1139
287 2505
145 3947
55 4106
242 4373
304 2104
206 796
136 976
254 2438
261 3260
246 4047
315 1923
230 2954
64 1287
143 4730
168 1756
79 2073
270 3089
298 2851
254 694
72 1607
291 365
32 393
274 3222
98 4636
152 923
