371 371
66 4557
159 3042
129 730
9 889
57 2772
77 1650
53 1468
68 398
105 2993
168 1300
147 4340
111 373
86 4740
73 4656
113 643
34 4726
116 3064
141 4021
113 384
89 863
179 3075
68 2257
136 2694
69 2929
22 842
61 1978
40 2804
25 1698
142 2164
103 3133
19 756
163 2556
85 914
98 2187
53 2345
93 2798
169 3003
43 1220
26 4100
56 3168
74 2911
157 3695
71 1103
68 443
92 4162
142 665
68 3389
18 4991
133 3871
30 3020
47 954
114 120
158 3843
167 3228
10 2932
104 1488
157 3007
17 3231
170 873
23 2705
120 34
73 824
87 3843
113 3485
155 4888
109 2370
169 4038
3 4000
105 4203
97 662
28 831
95 3488
137 537
135 1846
151 4501
37 3997
168 1918
80 223
73 4558
44 1460
71 2771
141 4084
89 4045
122 4387
93 3992
118 3274
108 1472
106 3932
53 2946
159 3209
39 3951
121 2259
9 4235
53 2765
4 3338
92 4689
159 1157
108 1997
54 3910
104 4644
146 4663
52 541
166 734
12 3480
112 231
41 3437
160 2427
84 1565
116 4374
110 2465
49 2455
6 3843
28 4607
3 1885
4 2148
165 1241
129 4011
169 2844
104 2098
116 3131
115 1189
31 102
84 3477
134 4457
8 4374
123 3770
57 1095
71 2274
116 1935
26 795
138 3613
88 44
15 284
32 335
91 1067
153 4408
54 1537
169 970
130 2447
168 3717
56 4490
122 2781
123 3360
23 1547
81 1453
65 4093
70 4226
59 5
36 2824
34 2585
165 3846
79 1323
43 3332
111 1503
133 1914
69 4289
10 931
124 671
77 3677
130 3456
69 555
101 3170
124 1152
62 3147
64 2270
150 534
14 926
86 3614
82 4553
177 1335
62 2157
63 3060
129 2107
9 1632
33 4601
140 2674
17 955
79 4737
100 1904
56 3787
116 2611
125 1227
73 2715
34 3951
11 4591
41 3164
94 404
29 3689
37 1738
154 1717
89 950
71 1692
145 352
4 997
78 2824
169 3067
174 4389
53 4680
169 2451
37 1283
33 516
12 1173
103 4978
47 3866
99 2136
28 258
7 3418
160 2113
103 1783
33 2457
76 1076
19 4809
57 1036
179 682
50 3636
6 4847
79 1706
76 1563
125 1858
91 3639
23 3550
124 2708
43 4738
80 3066
28 1385
160 3969
103 3376
7 885
30 3291
167 582
160 1881
151 602
171 1159
148 4465
143 1734
146 4131
22 3454
31 584
34 4966
160 4147
35 4644
101 3953
120 4684
35 2580
120 2655
67 3351
2 4940
131 4040
95 1335
70 3068
86 201
103 3097
110 3323
134 4657
158 210
118 2241
5 1041
74 2865
171 4737
183 379
9 2115
99 1607
109 630
134 3439
181 1497
141 231
79 3269
133 3557
57 3026
29 4420
122 1791
90 3501
69 2598
135 2630
2 3514
90 3189
98 2598
62 1976
26 429
87 2304
153 4583
62 440
87 2301
28 1874
170 449
59 3410
164 1572
80 2782
166 3273
24 485
179 818
126 2483
59 1087
98 3791
70 2808
82 1261
183 3053
121 3996
63 2483
174 3095
158 454
89 705
80 4868
120 4185
157 4344
24 3587
89 921
167 4222
71 425
24 3689
80 3653
182 919
54 3766
60 81
152 3309
146 1775
58 2642
152 704
75 4205
114 2866
54 4274
9 2385
123 4157
41 3841
127 4927
77 2634
81 4358
134 2765
25 3418
156 2897
49 1106
100 309
160 3898
56 4382
60 1013
28 1586
46 1914
113 620
158 561
2 587
14 3993
48 25
25 4894
162 1052
8 1279
92 4151
154 117
76 1180
124 4646
179 2765
184 1362
19 2627
178 4183
61 2672
126 335
63 1975
21 4953
83 238
61 3569
44 3606
61 4950
105 1934
178 2115
106 4054
133 407
74 330
182 1784
185 3764
18 726
48 3630
177 2172
