424 424
167 4333
44 2615
174 4218
185 3171
66 3142
7 1467
104 3606
159 47
172 2769
4 257
13 487
75 4556
200 206
38 239
18 757
95 1733
95 2246
25 2848
21 4026
57 218
164 916
44 413
12 4871
62 2153
158 3250
93 3707
81 69
109 3979
61 3902
181 2084
58 2983
195 4706
186 1678
88 1196
14 3357
188 2825
153 3958
148 1218
16 2147
201 250
95 3546
172 615
64 4675
60 1145
129 4747
83 1789
13 1514
205 2543
120 3480
7 2033
130 1908
191 1497
148 2480
203 4728
33 4480
16 1128
22 4033
59 2030
46 4904
190 858
115 3087
102 436
82 3100
88 4482
37 1830
112 670
128 4990
148 1376
52 2261
164 2033
152 2477
36 3671
51 4919
109 2953
180 1385
126 1624
18 627
53 2019
201 3804
165 868
165 3882
98 3683
18 2821
70 800
82 4396
207 4729
39 4298
106 782
52 3174
26 3354
87 1749
134 3650
46 3277
73 4932
169 4497
63 6
112 3984
92 2444
116 423
188 4168
190 2717
93 3055
51 4785
83 496
64 1112
168 3129
16 4770
41 1561
150 1527
200 1892
188 1137
126 1473
175 2561
42 2680
202 923
200 4888
14 524
30 674
96 15
87 4690
45 2031
201 1567
135 3793
85 4003
135 3622
109 4170
189 3647
30 3379
19 1533
155 2025
128 2710
6 167
193 1893
51 3881
124 3100
95 2187
48 356
176 1317
45 1736
60 3179
194 3880
93 2787
142 351
99 1842
155 248
144 778
76 1913
51 2305
160 2656
106 3984
129 1422
207 3352
135 4633
119 3000
116 4982
145 761
54 394
96 847
72 4777
203 2582
146 3764
81 1913
62 2944
126 4882
195 1372
99 663
190 3788
111 2457
78 4496
190 3597
140 2364
31 2022
101 3885
207 697
160 1738
46 4586
209 3569
159 4867
202 3266
135 970
64 2620
34 4833
158 3695
138 217
20 674
198 4929
195 4888
107 3027
125 4728
136 1517
25 3148
204 1136
114 3863
157 4269
133 3935
158 1786
43 3231
164 4632
45 1105
82 226
5 4214
104 2517
205 1822
208 3497
6 4753
71 4358
82 284
73 3879
144 4623
208 3664
128 2701
117 3517
15 2538
96 3852
169 3190
125 1613
163 948
47 1375
97 100
156 3021
75 3692
157 1043
162 2750
152 807
40 4123
65 3800
47 575
192 3209
208 405
92 4958
111 4154
74 4687
183 4572
75 1947
161 118
26 3255
169 966
69 1498
134 108
52 4900
84 3059
13 1676
31 2751
194 659
81 2854
50 413
46 3113
191 3643
198 692
51 2949
171 3560
204 2089
15 4282
198 4806
68 1138
109 1811
109 3756
201 4569
20 2631
64 980
172 4549
63 1099
172 332
151 4623
84 2006
78 53
143 184
113 1890
88 1304
72 2548
99 3624
167 1474
35 2934
82 4882
131 2198
23 3367
101 4177
48 2869
77 4356
76 1404
165 1645
183 3756
23 3768
103 3198
55 1843
159 1931
133 4127
106 4436
210 108
136 677
16 1393
78 2758
209 907
126 4415
178 2654
73 4576
105 1596
93 4747
182 1584
107 3620
3 1016
25 3460
112 48
113 974
201 2886
182 3482
166 4973
24 3968
43 3998
205 2095
27 2500
87 2309
85 2498
63 3834
134 2373
77 1724
41 901
36 3713
170 3112
112 1933
48 4631
168 4840
35 239
141 1145
27 1418
20 548
183 1595
191 4256
89 4199
136 1729
76 3376
24 3642
180 530
185 3209
162 2830
8 2478
142 4685
9 3990
62 3748
198 739
143 3870
2 625
136 4513
83 3003
206 1228
70 4523
60 1740
156 1669
31 1889
26 2615
136 3588
127 4780
21 4198
79 2510
6 3920
103 630
160 1262
153 838
169 2157
43 3983
192 3953
10 1154
152 1029
204 3141
70 1274
145 4990
40 1857
40 4549
50 1039
30 1692
140 362
59 800
205 1037
134 1069
100 4546
125 4937
27 1000
205 1757
208 839
121 3202
57 1313
95 4965
122 3025
79 4754
210 3942
81 2890
134 2424
16 4673
158 4382
76 2096
156 4077
36 4193
95 1130
14 3457
149 2407
178 3663
151 3854
188 4151
162 4815
27 2920
50 2478
64 770
51 4919
45 2427
89 3719
209 430
51 4459
44 4419
2 2800
52 4251
130 4660
211 4475
32 825
203 518
165 3557
169 2546
136 2025
14 1155
63 3144
31 13
166 2522
143 415
98 4535
19 1637
