285 285
121 588
103 158
138 3563
2 4755
98 2845
89 277
71 2565
83 1252
99 4859
95 2115
41 3457
31 3266
75 2199
70 2621
78 3020
94 4431
27 1730
18 3555
116 4690
23 4412
21 1228
7 4532
30 1772
64 4492
117 4473
121 4206
135 4016
101 3233
75 968
42 2809
137 3758
36 2021
113 2957
63 4710
101 4506
39 1863
40 4009
36 3141
8 3816
51 4680
124 108
71 2369
113 1608
64 2073
38 2176
56 605
121 4890
91 4281
31 994
102 3294
51 1794
56 968
121 319
98 3176
103 1702
26 4026
7 70
9 1739
102 1854
50 4353
48 2723
62 760
141 4880
49 247
126 4550
96 3700
33 561
14 1687
45 952
132 2570
31 463
48 241
53 4893
137 641
78 4195
36 4143
28 686
22 1328
28 4116
35 195
28 1092
136 456
10 216
91 4675
118 1924
28 2304
90 985
61 1694
6 724
86 106
126 4864
94 4494
109 2477
61 2898
87 3059
135 958
86 388
89 4492
140 3656
3 1117
96 3897
30 528
121 3311
76 4527
117 2284
83 669
84 2412
37 1497
3 3683
3 85
62 4257
135 535
25 3771
37 2732
3 3142
72 4776
67 1991
128 4430
66 4567
42 1180
43 2745
41 912
119 4706
122 1509
98 1421
138 3392
113 1867
99 12
18 1245
108 840
83 1423
118 1878
16 4410
61 4076
84 4269
63 711
50 2997
73 1395
18 1789
130 438
4 2624
79 3205
69 4413
60 2221
69 143
74 3860
123 2063
16 2131
140 1677
27 352
135 1430
47 3732
20 4682
71 3209
142 3624
96 3318
119 4402
129 4697
73 1083
114 339
48 62
33 3448
76 1365
117 725
62 4503
12 4031
60 1659
50 4362
33 3767
136 4434
23 2249
40 2370
92 393
109 732
100 1801
126 3139
132 2264
53 2931
62 2765
24 3495
43 3262
70 4535
14 1625
120 2393
74 127
109 2446
131 1332
58 2892
57 928
50 4431
44 2571
96 995
108 565
73 467
23 2415
52 3910
1 2546
72 3274
41 760
128 4982
84 3889
27 3147
138 1268
102 821
13 1041
5 4571
65 69
74 2050
68 984
102 1313
12 1672
67 2050
43 4511
103 2440
131 4014
134 4122
24 3772
22 1765
108 1728
45 287
26 2595
67 4814
134 430
49 2451
142 2436
11 1422
104 4670
33 2902
38 3005
107 4754
114 4956
30 2256
41 3936
34 3317
119 2967
33 2058
123 2098
10 1061
129 4255
122 1770
95 1393
138 2449
69 555
135 4141
38 1951
108 2610
73 1919
16 3044
58 1942
44 4453
53 1729
57 305
102 112
21 2452
87 406
24 505
4 1474
49 4331
5 3703
92 1012
49 2859
116 3662
104 4172
61 4597
60 1248
72 3350
41 3453
24 1912
41 1054
86 4082
4 2609
3 1816
56 2708
58 4397
112 719
5 1454
121 3416
48 3034
22 1386
141 3047
116 2350
39 1963
102 1765
29 4483
134 1768
