894 894
261 1056
105 2854
132 4536
170 961
415 1827
338 696
358 2259
375 110
333 2126
290 4764
81 3661
30 71
289 1577
253 1914
173 4015
316 4216
402 1639
224 131
426 4054
159 3165
366 1765
287 2163
417 871
283 4625
244 2647
330 1233
358 1930
417 1666
231 254
229 528
146 816
65 4118
58 2349
74 4570
1 3347
303 538
272 1078
438 3060
398 3717
410 1923
284 633
41 2217
256 4398
109 4141
290 3430
323 2616
297 1231
382 2448
237 1131
285 1463
95 3931
155 2667
301 2257
385 2901
247 4930
382 1956
151 4569
385 4155
14 478
195 4035
313 1960
332 3890
197 2711
293 4713
11 3168
353 4922
400 4063
229 1540
316 3956
272 4684
48 85
48 484
408 287
439 4859
224 2805
369 1967
43 3951
249 4107
192 129
198 1650
230 1679
308 3822
361 698
257 4858
316 3083
214 3765
312 4115
111 750
100 2543
334 1396
145 3275
353 2558
204 3964
322 3460
133 989
232 2599
400 4557
50 2506
63 3960
394 4932
334 240
289 1140
340 2524
83 963
26 3767
145 3486
347 4455
355 1241
273 87
132 2324
233 881
321 3611
58 3382
166 3724
78 1073
54 336
280 4275
199 2721
197 656
61 4051
259 3430
405 2079
432 1602
220 2842
427 2475
298 3257
215 4455
319 482
68 3872
375 4533
319 2049
149 2434
151 4341
170 2733
345 4469
296 4971
183 2578
383 1565
133 1930
130 4797
315 1012
417 3486
300 3987
434 462
174 797
180 3928
64 469
223 3159
9 1391
138 2940
127 2535
218 1666
279 2372
20 1615
139 4949
74 4402
271 4575
95 3391
324 1448
445 3821
444 121
247 488
231 3693
119 982
415 1930
157 4466
445 361
377 3827
101 1202
108 2556
305 402
190 744
126 2204
209 4550
268 986
438 2066
113 4071
386 3864
281 2376
344 2612
405 752
363 141
99 3443
144 3306
378 3283
310 458
373 3240
308 4201
77 380
142 3733
148 3522
3 2486
337 3475
120 512
385 3475
88 523
234 932
36 620
63 3897
159 4620
324 3982
262 1757
218 4103
110 1495
191 2868
387 3746
129 4228
302 1019
341 374
117 2716
354 2979
385 3355
70 1738
395 4721
179 679
302 4628
266 1780
348 4006
136 2633
102 2794
283 2580
415 3480
149 1903
300 512
85 1174
290 371
444 4387
121 928
236 303
93 3352
223 163
296 3277
202 2427
383 1572
171 2833
62 3801
319 637
335 3993
383 2153
314 1170
291 3117
9 4029
206 4821
195 4805
333 404
324 2503
394 2386
287 4663
237 1289
275 548
162 4207
436 2746
85 4432
351 1903
351 880
427 4880
428 1087
309 628
354 3094
390 4907
93 3094
40 1172
15 2759
84 2802
133 2910
292 818
153 318
395 1809
92 4319
78 300
294 574
213 1380
131 3729
202 3675
145 584
7 754
350 4109
183 4721
114 1356
51 3109
59 3158
303 2668
234 2908
391 834
97 3364
383 2525
15 2032
374 96
227 2851
378 1197
79 4457
371 2297
282 4689
380 4085
267 1040
39 2529
149 2839
67 3123
135 2054
79 2123
126 773
225 2233
283 3531
243 951
334 4471
133 773
124 1029
112 1149
409 175
265 2959
138 3984
213 2785
154 2509
79 3434
330 2345
268 4214
330 4186
165 3545
9 1477
422 4810
394 4297
284 1558
68 2168
118 3869
288 4754
288 153
9 1634
340 736
169 2708
41 1510
445 2516
404 4877
8 3726
216 1033
350 4542
192 911
257 2380
17 1662
237 4804
166 2950
198 1420
31 1975
62 3400
227 354
333 1370
173 1780
353 541
340 3719
198 2646
223 2408
188 151
154 4125
308 4426
143 291
172 4723
63 706
323 4941
205 1025
68 4860
184 3591
295 3955
247 4885
44 3805
342 3908
235 2218
182 2712
12 1734
59 815
57 627
1 4465
406 2556
356 4346
294 2771
261 3627
382 3743
442 2216
99 4652
250 3456
278 561
153 486
123 4097
79 1754
389 3291
233 3698
65 646
108 3085
104 3577
85 2310
179 481
322 2451
425 3169
198 830
187 3243
39 145
171 3814
123 2434
81 4489
397 857
12 4902
319 3937
285 2968
141 3094
207 4047
37 2853
179 1188
358 2806
112 3549
133 3993
381 4560
57 169
93 4987
134 4918
199 2418
155 4285
283 3119
19 4357
255 3294
239 700
51 3353
101 3067
111 4799
257 2030
201 940
104 604
265 188
276 506
224 2887
346 442
255 4694
392 3754
308 1331
8 2309
442 2475
246 14
158 1410
84 1373
136 332
66 186
190 3503
345 3749
96 3447
134 3016
19 900
439 2224
262 888
16 2490
395 753
133 1420
428 203
266 2780
262 4632
282 1534
285 3603
93 1137
164 3366
225 3427
232 1423
201 3863
429 3190
198 2310
139 3488
186 2995
394 4317
315 729
42 1867
172 3785
168 3576
269 3083
68 2667
211 2362
106 4755
30 4820
121 3513
183 2107
105 2848
48 3064
147 3501
140 149
446 2918
230 2761
214 1027
425 3984
384 2243
150 2211
444 1891
391 1175
284 388
266 976
390 4829
310 1874
196 1912
394 3994
214 266
189 67
356 1014
272 70
336 740
196 1100
278 2225
60 298
431 2010
5 4571
53 1596
24 1000
312 4804
431 1391
263 3795
71 1766
203 1332
134 3234
44 3188
409 4063
156 861
412 2144
173 4081
106 4147
222 3248
1 1540
312 1509
114 3954
438 2668
383 1898
148 2184
291 3746
98 2900
318 2525
43 3982
179 3961
297 2146
431 3466
128 46
401 1951
115 4687
185 3650
375 2189
62 1406
446 3648
428 2849
318 1756
410 2067
59 1073
438 4081
112 4120
100 2651
442 3398
142 1267
19 2137
362 1822
330 4943
245 190
203 3563
100 583
200 4936
25 737
244 3113
371 2830
211 2139
324 4192
77 4897
189 1281
116 1935
355 188
197 3302
111 1046
257 2428
24 67
187 1973
222 4071
335 3918
320 1623
252 3397
277 3084
57 723
407 2368
200 304
212 539
207 2514
129 1538
267 79
41 4425
332 1091
9 4967
247 2163
163 3559
138 2527
188 4971
228 249
93 1694
284 2569
169 858
390 948
301 2138
76 4447
33 881
14 997
319 2336
393 358
405 528
413 3150
133 4997
213 3351
403 1404
155 2226
195 4456
284 1235
105 3901
59 2916
158 1210
74 2175
83 1128
71 3118
446 228
85 4853
259 2586
206 994
94 4615
202 4411
330 2591
115 1020
423 4443
26 3069
103 4932
42 1123
143 560
288 2510
52 29
78 2464
299 3085
400 356
58 279
334 1669
417 4802
262 4189
13 3600
349 135
98 2984
301 3924
16 4493
332 2075
297 4343
368 728
184 845
74 272
395 2390
223 690
76 2135
279 1967
64 2680
164 2891
95 39
119 2401
356 3735
443 4682
105 115
173 4283
445 1492
346 3882
104 4143
4 2014
400 4541
299 3978
170 2849
440 332
141 490
205 365
272 2231
319 1779
244 2685
27 1881
417 812
441 763
188 5000
304 2533
333 3013
368 2974
299 540
345 3584
271 3910
260 576
20 1817
66 17
302 58
335 760
126 752
43 1927
387 986
134 4175
114 3337
14 1678
360 1373
408 4604
255 4746
43 2913
401 2434
350 94
247 4955
301 3935
357 1798
411 1167
122 3818
105 2767
188 4988
372 1129
279 1543
93 481
32 1654
232 1315
182 536
166 3226
174 802
86 4951
84 690
23 1235
117 2882
344 1324
246 3195
166 4342
302 368
409 4477
168 128
391 4704
53 4205
322 3778
148 4838
38 313
121 4654
177 2315
438 3489
146 4855
244 682
168 3284
419 248
364 3279
369 2501
143 4095
378 663
212 3275
404 1497
424 4756
186 2327
349 2829
82 4933
357 2201
228 168
16 2531
104 84
284 2974
383 4680
190 1940
19 4177
396 2893
230 742
32 236
64 3548
121 3470
243 159
434 3861
322 1486
361 865
271 3394
325 486
274 3892
59 2799
259 903
425 4906
83 2181
172 3480
2 3142
82 467
18 4791
199 2682
358 4448
268 1998
64 1373
404 1920
251 3213
416 4900
349 3166
412 875
238 1833
383 3777
224 2721
104 1861
50 4878
261 2693
93 1125
308 488
91 3938
102 4332
95 3261
371 3120
94 2702
315 3018
338 908
187 4760
121 4733
163 3555
59 4477
198 1964
104 3042
29 1350
80 1577
399 1582
324 1370
128 2100
94 3270
155 3045
276 3503
224 1885
397 2491
415 539
351 2841
302 4825
129 2455
115 4122
282 4414
91 2859
216 4666
149 1002
331 2678
425 236
91 4682
235 4970
423 4348
167 3602
186 2146
37 2354
286 2903
142 2675
268 3383
417 77
424 2983
60 3795
347 3730
145 4998
358 182
13 2510
432 3294
107 3199
156 1083
69 2556
151 304
397 3180
177 327
274 3470
148 2653
313 1200
430 2460
435 2308
59 1161
332 3752
210 2878
181 3231
338 3194
373 2734
354 4097
252 4023
443 4926
371 4633
293 2492
219 2762
414 3665
394 4644
60 4835
161 719
417 2506
263 2919
345 897
432 2261
370 2804
351 1016
342 858
65 2646
129 2853
356 1001
273 3219
22 3645
71 1692
322 3571
188 3098
153 4409
162 3492
115 3682
254 2543
371 2269
99 4966
40 2073
346 2314
29 2092
307 1817
369 1996
132 1212
233 2113
136 2375
