535 535
264 3071
97 1641
125 3245
64 970
27 3067
78 345
201 463
83 4723
79 1687
37 1914
129 4208
60 126
149 2780
255 3903
94 3607
138 560
245 134
24 2748
19 1705
56 3961
262 2525
104 1905
120 2505
177 1039
19 2356
108 1573
111 2316
162 4208
107 4163
71 2199
145 3630
57 1466
56 451
30 1269
192 4666
77 842
102 2890
79 1801
38 2972
163 1502
179 4769
96 3980
136 3515
99 828
191 3729
184 3925
261 4712
259 3624
128 3630
212 4691
102 1919
50 4456
180 872
119 618
112 3124
226 4008
188 4048
222 1092
215 334
174 1500
141 3724
59 1504
266 3591
218 3025
54 4768
193 1467
218 2995
98 3339
62 2906
202 4277
35 1790
54 3902
54 4580
87 3059
148 2423
77 4874
203 624
183 2126
62 3851
24 2259
50 1424
164 4666
151 3655
3 1473
60 2500
174 1923
185 4601
182 3797
93 4793
223 887
258 4644
217 1377
119 772
213 524
161 549
36 4726
220 2553
97 3002
237 4397
19 966
7 994
113 3260
221 1943
3 4238
219 2529
29 537
117 2643
247 1524
103 4195
114 2782
261 4753
46 4361
166 225
3 3509
255 353
73 3739
194 2567
4 1856
178 3889
56 3476
226 2784
100 2786
137 2840
33 4548
153 4301
231 4883
229 3779
260 4516
55 2150
28 1795
179 4890
174 31
55 1722
225 266
76 1824
51 2978
204 3047
83 3484
24 2014
39 4862
249 2591
137 3392
266 1624
156 3304
184 1417
44 3707
126 1616
133 2921
126 2438
37 4648
222 2562
171 2676
162 3027
77 2856
119 3500
173 4166
149 945
197 572
253 3841
80 1484
16 14
12 1648
1 3535
225 4662
219 3649
55 295
225 2082
199 2655
168 2355
154 1356
152 1677
112 6
218 1979
20 2359
219 2597
40 3436
125 3198
180 3086
187 1769
243 2446
50 3387
162 214
201 125
81 1363
3 4394
146 4768
2 4523
130 619
106 1057
230 801
112 3673
4 3072
141 2493
201 456
222 4988
6 1182
15 4049
78 3652
127 2479
197 4420
35 2308
259 3372
244 858
135 501
55 2492
205 4766
219 4555
203 2500
61 293
15 316
185 4012
28 2578
161 4507
46 1511
189 2416
76 1545
146 634
45 4911
266 1701
190 1007
110 1140
117 1228
236 1936
80 524
116 1283
229 1958
22 1470
255 2622
7 4834
135 197
170 213
98 4914
202 3216
147 3881
176 1013
185 4935
110 1213
27 630
142 4581
47 2534
115 1442
258 2769
255 421
159 2117
225 3154
159 3891
113 2875
60 2101
74 3225
103 1535
60 789
75 1123
152 321
18 4019
54 792
234 2675
75 2456
240 4974
249 4710
226 3823
262 3636
224 3940
88 3157
70 2384
190 401
252 4802
149 2681
119 3602
198 3517
67 4832
229 4388
174 2483
25 2010
36 930
88 4583
185 3837
70 27
143 3703
166 558
61 4164
20 885
225 40
243 1740
150 2055
191 1006
228 600
169 207
259 1249
225 105
220 629
56 760
122 772
178 603
26 3606
46 1271
135 3936
180 785
91 2844
251 4369
259 2479
160 4208
79 2883
4 4208
220 2487
228 3160
258 2177
68 2849
150 3096
182 3540
55 1705
180 3585
164 20
211 2577
66 1542
143 2571
142 2852
75 4933
116 3521
185 1813
17 4529
255 681
167 1869
258 1825
65 3993
24 2549
238 4421
73 3566
174 4411
53 119
97 3838
226 76
45 648
15 3059
206 689
225 3370
13 2667
225 4104
261 2638
137 3698
24 4208
217 4671
231 1163
40 2613
32 2233
10 194
57 4603
251 4127
150 2715
109 208
15 3586
48 2512
171 4696
247 943
179 1284
2 1576
122 3468
28 2277
130 3149
141 4072
229 2584
2 2573
54 1696
168 2842
132 676
205 4863
242 1345
141 4826
10 331
96 1244
11 1500
186 3046
152 3472
201 4243
181 1827
237 4916
137 968
9 674
53 4048
73 605
154 1686
198 2237
203 3421
165 3173
67 1853
62 548
66 1586
30 98
28 1713
68 512
259 369
211 1362
17 4360
260 4928
75 4355
162 4916
169 4781
68 477
139 3987
100 1435
215 1781
77 293
67 64
111 1713
217 1893
15 3225
53 3999
240 2564
22 1232
204 2535
60 1559
136 3983
133 4224
265 4989
67 516
190 2292
234 2480
237 2807
37 4817
20 3553
156 4059
163 1943
173 2573
32 4226
36 3166
238 4041
116 3335
140 3109
197 1758
229 1196
70 2089
199 4425
108 4000
39 1551
34 4855
164 2792
260 4375
249 782
61 3599
113 748
238 1540
178 4151
132 2485
113 3973
115 2949
31 784
239 4061
202 1087
122 2647
134 1185
107 1081
19 3743
17 1709
39 831
110 1405
53 3326
158 2582
244 2815
74 2633
83 731
248 4881
19 1445
215 3946
117 3166
211 289
106 1095
238 3000
99 276
63 2083
215 2504
118 4926
180 4058
43 518
145 4536
89 2765
163 763
223 4794
31 4547
227 2711
228 1965
53 4442
129 2627
55 170
238 1035
77 3594
120 3804
94 3445
38 4635
24 2198
157 4614
90 4700
2 1054
253 4398
201 3133
69 2134
143 3055
70 1063
100 2212
26 3154
58 89
122 74
6 839
148 3880
121 3246
168 1735
205 2418
16 3348
42 3203
52 3718
65 2186
264 222
256 4902
131 2329
267 1662
152 4
46 2643
213 4636
4 4769
177 1762
83 1821
11 1014
249 4239
35 2567
175 4497
6 163
31 300
4 1134
172 2152
123 4968
266 2253
138 3214
163 2907
142 2894
260 3210
59 923
235 3885
