651 651
52 1220
292 3742
40 2843
265 2002
108 1759
225 582
294 2398
194 1185
244 4387
170 4745
197 765
142 3088
4 4291
41 4882
107 1616
186 2207
98 822
103 4638
72 1331
325 2146
272 1106
213 4767
235 4116
269 4168
195 3917
89 2732
33 4352
41 4532
274 1637
278 1456
118 2663
34 2650
164 2011
80 3257
170 1613
101 1976
227 2721
116 3603
162 1144
145 3608
15 3472
12 3202
2 602
12 4766
73 920
70 4256
25 1070
318 482
271 3492
101 2487
184 4674
6 2500
214 4889
133 1889
153 3333
49 4670
42 577
151 2581
224 65
125 3525
118 2570
113 1495
192 1694
120 3703
269 4211
97 4208
225 4943
99 2065
191 3676
31 4578
221 3192
92 4275
71 945
236 3366
35 1796
269 4617
192 1633
24 4913
179 3565
41 2238
255 3030
8 4500
157 1899
168 486
155 595
249 4930
99 852
292 642
48 931
35 4736
241 2749
308 2844
122 2794
301 3389
102 3267
44 729
197 393
318 2644
72 1305
109 964
283 2806
45 2979
42 2579
130 4703
134 1414
236 1601
192 2725
220 4980
49 3929
222 111
275 3337
227 121
295 2420
233 4464
195 3286
280 2270
126 234
34 4392
224 2378
242 3571
196 3062
22 828
202 1844
117 1917
17 2986
128 2394
120 3393
118 4059
276 3005
19 917
260 1459
6 3289
126 3851
303 3896
311 1083
248 3470
157 765
95 2203
89 439
251 3585
124 68
48 1194
272 4834
224 3155
220 181
71 2380
225 900
280 417
81 2314
133 401
74 4534
178 374
298 2544
181 493
9 1571
133 2048
312 4364
260 3723
13 1589
242 3305
259 2132
141 115
293 3791
320 4894
204 1884
24 1780
95 2879
112 4732
50 945
25 1255
132 1982
306 512
171 2308
1 341
101 1692
315 4360
252 4124
273 2356
269 2912
133 1798
153 541
164 245
311 4666
53 2919
86 3744
16 2435
122 2117
12 2173
162 628
254 158
69 1418
178 1494
21 3397
200 4048
37 444
36 1218
270 4412
177 3812
191 895
20 2385
140 1176
294 3801
133 1210
172 2724
24 3908
322 1315
155 3801
289 3412
126 3047
128 2686
289 18
35 372
135 2253
269 907
53 256
117 2124
256 4991
259 1108
206 4669
121 4652
20 60
266 4065
69 663
229 4157
252 3943
37 3579
212 4811
211 1746
195 1250
178 4037
221 2108
216 1450
63 1858
143 1235
131 1950
114 1654
55 3915
90 951
41 683
118 4709
319 38
15 4303
76 290
211 4121
279 2693
255 3999
272 472
37 323
25 885
175 3462
144 1696
288 3925
210 2364
107 4817
243 3367
256 2521
66 4331
193 4389
5 3790
243 1318
205 3519
270 3885
275 2681
2 4330
219 4061
143 192
211 3616
286 1852
233 2034
10 1818
159 323
230 4510
297 2459
13 4850
156 4196
168 4902
157 4415
178 1723
154 561
226 3007
113 2636
323 4639
32 3292
281 1500
318 3281
164 3725
215 1491
224 2827
96 4796
113 521
145 1522
273 2081
147 945
97 4006
197 3104
1 1611
105 4148
82 2390
117 2590
141 757
80 868
226 3220
46 859
148 3041
23 4481
238 4882
115 1525
261 1120
145 174
85 1040
147 1035
79 1182
320 1881
21 3412
210 2913
23 1717
220 4549
178 2536
6 81
46 2146
298 1549
302 3079
28 1676
28 1871
51 3369
9 3148
118 2520
24 1294
29 3983
273 3298
142 3654
243 3510
321 2357
314 1321
253 1073
292 4026
84 4229
36 4624
48 300
203 1074
104 1551
81 4867
144 1428
149 2151
165 4182
177 3190
101 3150
160 1638
64 4927
69 3039
202 2446
260 3287
34 3938
85 1052
32 3414
309 3582
83 4342
95 3606
242 3494
232 2288
27 4676
190 4441
33 4441
88 1780
203 799
116 4071
41 3666
163 3915
98 512
78 3515
323 3904
49 500
219 4214
311 4880
318 3298
33 3827
223 4708
243 4601
127 1050
322 1330
318 135
257 2106
181 3529
86 3154
292 531
35 4356
207 2508
242 2182
156 4617
181 2166
324 2238
323 2466
114 2930
254 899
70 208
266 173
126 2587
116 422
114 683
272 37
189 101
186 4963
171 4007
104 1672
296 825
143 196
132 971
117 2955
271 3837
91 1684
192 558
8 861
286 3114
153 2216
118 864
138 1997
224 1152
322 1590
99 3888
186 1475
320 3891
308 115
101 2389
287 2282
220 2738
262 1399
175 3776
145 257
228 584
102 1418
179 3428
251 3231
110 1199
267 3387
61 3179
160 3611
169 2850
27 1257
139 3221
298 976
152 2483
109 3572
195 2038
261 1005
129 3972
99 2529
154 407
87 1201
243 1301
256 3353
43 3118
6 1464
261 3127
93 1306
31 3126
300 921
206 3478
222 1781
22 4968
290 2916
214 2849
206 2240
113 3721
5 325
195 749
66 387
221 942
165 1862
316 4779
267 1660
21 2294
160 1902
258 2470
132 1209
82 2245
48 2494
110 944
10 3421
180 3440
287 4465
321 3259
205 2604
132 1843
7 719
135 2967
163 4428
157 130
41 348
248 2692
277 6
291 3968
202 4123
129 1157
172 3868
111 3678
233 3714
11 4676
106 4966
136 2578
262 905
15 1294
114 2970
317 3511
184 1169
146 2712
312 197
66 4932
232 2509
223 960
157 4701
211 3735
320 2573
101 771
113 4637
43 1060
263 952
303 176
229 558
224 3400
73 1713
233 3452
105 4414
89 2146
299 4581
214 4450
234 30
16 1589
284 4232
16 4160
100 4365
30 3774
69 3029
18 1058
101 910
63 3529
156 2913
153 1800
138 1747
47 4684
57 359
31 595
143 4618
310 3331
191 707
310 3722
39 827
203 867
86 3901
20 3318
245 4486
113 915
288 574
76 4816
129 875
207 1592
267 114
311 551
279 1169
233 2662
111 2031
127 4317
30 1884
36 304
204 712
255 3101
190 4828
86 1838
111 1946
295 3215
248 2360
144 4190
290 3454
129 1839
131 4504
227 2845
73 680
275 1653
187 817
53 3367
235 1247
279 4141
280 1044
197 2909
315 3949
280 4720
317 78
74 3057
225 2610
266 2796
313 4036
86 457
80 4897
226 2304
316 520
324 3006
59 3868
122 1726
167 4853
71 1563
310 596
65 1737
206 4373
257 3725
226 13
288 2268
198 1399
79 660
179 1023
214 2088
122 3546
255 4269
65 4351
56 4580
34 3976
33 745
228 4285
4 4130
8 1853
311 535
227 478
150 2579
297 2209
132 4566
150 3413
126 2969
308 995
161 2748
254 4370
201 1541
224 4026
308 1702
321 1801
107 3900
19 3266
244 3904
203 3165
59 4955
296 3684
238 1650
271 724
252 4284
299 1247
127 2210
205 1378
241 3268
177 3840
302 3685
308 233
61 3496
17 513
124 3801
