590 590
27 2478
86 534
232 664
160 4422
213 2786
258 2093
169 1773
64 750
257 3883
142 4978
245 2617
247 3820
226 2938
34 2465
218 3891
265 1554
191 1195
221 273
251 74
53 2768
42 4649
234 753
65 2820
58 1671
290 3339
245 871
128 3597
117 2105
284 2409
174 2072
162 534
116 1796
192 328
121 2619
216 4904
180 921
121 4025
236 3449
76 1693
61 4724
254 565
30 983
179 1448
121 3353
104 3471
166 1656
246 4337
84 3717
228 701
122 2850
20 2511
211 1951
287 2345
37 3903
123 1901
2 3230
94 4742
89 307
115 1933
269 1031
287 4378
258 3174
248 4847
156 567
249 4083
282 1272
258 3272
276 1227
168 372
63 4818
49 4586
95 1425
145 3023
288 3946
278 2754
196 4587
194 2731
259 2452
41 2642
126 4574
77 698
234 3315
49 4911
11 1198
275 2630
129 2263
254 1380
101 1989
135 2781
16 2598
187 546
67 170
18 2565
228 2294
275 1933
67 4790
161 1732
133 4489
40 3534
293 956
162 4076
40 2382
180 1412
17 1386
160 3016
2 1082
73 2222
19 1942
150 1571
234 1329
97 2987
148 1527
113 237
272 165
150 2083
95 4523
229 990
64 2201
153 4182
233 2014
25 3234
204 592
224 668
135 4948
23 463
146 794
26 2399
123 1226
294 2089
258 4051
157 2920
249 4088
69 1075
58 2483
87 4236
107 4889
274 1538
9 2172
281 2321
124 3600
293 3167
4 443
122 4459
181 3826
25 3178
63 3241
118 2801
139 3381
199 1317
215 3875
214 3060
215 2993
11 988
225 4562
230 4825
105 3471
4 4484
185 3061
119 1689
270 2558
42 4934
218 2841
115 631
64 4543
93 2629
31 1704
164 4026
59 3326
246 1489
172 4967
157 3668
294 254
26 3370
172 4195
265 4735
76 4458
195 338
66 3715
17 1659
231 4740
208 4748
133 4970
98 906
98 704
267 2021
18 2922
250 3301
206 679
13 4155
64 1113
23 564
202 4856
187 4609
269 4585
248 4879
63 1374
293 4773
254 1796
74 2418
201 3478
65 771
9 95
121 1371
78 2974
10 2483
77 2040
39 480
175 533
31 3237
138 2880
151 4932
283 120
136 1976
225 3739
199 3369
88 385
215 4133
177 2519
230 2977
71 1817
11 1153
21 2383
25 1693
290 4176
129 3421
65 4465
83 3643
226 1173
194 720
98 3634
291 3621
223 2176
20 2906
175 2312
228 2544
71 4715
161 1674
230 4248
201 2465
186 1482
113 788
59 3156
94 4037
96 4266
25 1952
54 4146
131 1030
237 315
58 3766
19 4742
62 465
172 157
10 3287
79 2544
182 597
152 2673
283 2619
236 1570
162 2819
185 4034
107 407
226 2447
132 2527
211 2986
69 2140
20 2634
116 3018
95 3273
264 2601
70 3911
190 3039
127 4605
258 1834
181 4670
73 3353
194 3304
178 1635
256 2083
138 4910
285 1258
68 3889
138 4408
211 1485
170 3088
284 742
29 4818
8 23
88 3423
95 3779
93 3369
152 3922
256 2761
241 3529
22 3662
203 2577
22 1542
186 3454
2 1375
83 4334
116 4172
223 2535
64 1698
79 1822
182 3608
228 4639
9 2533
9 1988
236 2734
262 4247
76 3479
48 1107
174 1604
212 571
59 1670
28 3855
262 3548
137 1188
87 3685
224 1655
28 3226
268 342
172 4613
180 3801
233 3767
87 4914
88 4448
48 522
77 1108
155 2521
242 1091
271 2526
145 3341
63 3294
166 3103
284 1827
248 775
104 3374
83 2270
136 2830
157 2765
82 1414
26 225
63 4864
106 4461
81 4742
96 4406
247 4556
280 979
134 2894
29 1581
241 3215
97 2383
111 3921
179 247
200 1959
87 701
85 4570
293 1470
134 3853
219 1724
227 3648
239 421
145 4480
228 346
68 3971
203 2706
92 1083
62 4793
277 223
249 4923
181 190
44 2790
63 2607
235 2884
263 3842
7 1521
164 4155
158 4021
128 1725
135 535
64 47
66 2112
172 2096
248 2641
190 2818
163 3751
280 2665
169 2187
140 3444
54 3356
99 294
158 825
15 4600
209 4376
85 2831
40 1586
48 2684
250 4576
142 3710
5 4368
65 852
8 609
59 2806
184 1074
170 903
289 1307
243 2890
294 2415
209 1094
294 620
26 1036
13 2702
198 3938
25 3112
108 4738
198 4355
275 2771
94 4103
209 3873
193 3115
51 1184
185 2068
162 133
140 3837
129 2055
253 3725
287 3899
27 1524
92 1421
172 4139
80 4336
1 2238
272 4956
113 3471
265 3017
137 3905
165 1029
108 3394
102 2763
92 166
38 4319
250 3089
82 2216
194 3355
220 3269
152 1019
145 2955
151 3717
37 3040
198 1191
46 4375
106 2726
282 3438
240 4794
150 2192
85 241
173 3821
160 4973
25 4565
256 598
8 1487
72 2016
291 4356
288 4105
126 795
52 4938
241 3160
239 933
90 4412
48 209
167 2476
229 4740
11 4439
87 4612
6 548
110 1624
173 324
206 382
79 1705
1 3078
122 3505
259 3012
185 2565
23 3561
50 3314
107 1467
20 107
172 637
26 2531
181 1083
231 2005
153 625
153 620
19 2951
30 3055
250 452
37 3825
291 48
22 4086
15 4892
66 1768
33 4574
279 1176
65 3403
263 3983
207 736
159 2716
137 4785
75 2621
287 2719
94 1612
140 3124
115 206
191 643
165 1554
84 1774
198 1156
276 3930
161 1422
100 1382
113 2020
193 1854
1 1190
45 3909
15 1750
173 1311
274 2042
171 1930
284 483
84 1040
146 4735
282 3884
19 320
223 1229
4 1442
129 123
41 3951
81 2227
37 2981
224 29
291 3972
66 679
134 2778
145 3729
82 2097
86 4715
138 1855
82 1791
112 2775
220 2046
25 1711
71 3951
21 59
46 889
116 1975
163 4215
63 4357
42 1725
89 3473
294 4192
67 2304
208 2933
155 338
183 2855
196 4964
272 679
97 3468
72 1854
140 709
75 4323
137 1981
3 3680
230 4094
218 2527
166 920
44 3662
88 981
272 2580
262 1921
135 53
257 4178
184 3252
47 1855
289 4718
149 511
98 1589
7 3162
66 4065
39 4852
275 657
