612 612
135 3216
265 3585
121 3474
105 1434
184 2682
56 292
116 982
45 2118
222 1699
18 1969
233 4244
260 1680
204 1897
84 1457
217 621
238 4485
157 2297
8 3518
139 1441
173 64
192 2154
58 896
267 3181
179 262
150 4069
17 2026
173 2574
169 3732
50 1824
49 2378
261 3508
150 518
161 1599
90 3017
102 851
279 445
69 2973
115 4719
247 2837
7 794
68 4734
143 3398
271 2164
52 4402
263 4949
35 4658
257 736
51 551
41 4863
52 1162
88 436
128 272
206 4054
48 2914
171 2624
134 2487
152 1956
89 1979
273 2696
188 1008
261 4013
264 1418
225 4489
175 4485
165 1044
207 1932
17 2975
136 501
279 3042
103 3030
57 4579
87 1648
223 1955
280 4501
283 1775
302 2321
13 912
115 2274
291 3559
215 3565
259 2367
95 4832
299 1658
243 3942
172 3707
35 4714
154 150
157 4063
57 3452
269 3162
85 2264
125 470
43 3518
235 1001
197 4354
44 2975
94 467
101 853
142 4613
283 2541
103 2787
90 4946
159 4148
81 3546
118 2703
253 4202
236 2671
95 3971
134 4217
38 3878
57 1582
297 3272
304 3500
48 1148
178 496
265 1777
198 1993
17 2187
73 618
205 2918
205 2318
5 2589
189 3061
15 4861
250 3645
130 4177
204 901
223 2676
48 286
153 2859
76 4061
132 71
292 3837
207 2684
101 182
268 1624
185 1283
268 2474
120 795
296 3954
291 3303
4 4616
71 1650
118 430
59 1984
88 4060
235 4702
219 1249
265 3784
99 4387
37 3420
239 4688
105 2669
25 1720
161 2041
33 4489
176 2374
155 4679
291 1141
125 724
16 4612
260 630
37 66
61 130
254 2021
223 53
205 3659
52 876
182 590
238 1643
107 789
223 4749
91 828
149 1566
165 1180
300 904
194 4162
160 1223
245 2613
15 711
33 197
252 2849
256 329
46 1870
284 2239
118 3919
172 1185
95 4648
165 1594
263 3716
49 618
28 1010
206 3659
85 2261
235 3963
28 2439
184 4798
227 1946
238 3596
33 1109
159 311
141 4080
220 604
302 113
67 1169
227 1376
255 1210
249 4826
106 4333
269 1166
205 4243
287 2013
298 2955
196 4546
231 2441
208 3128
42 3769
36 3991
36 389
48 872
77 3543
174 2247
168 4611
220 3182
125 3797
29 3189
248 1386
90 1867
130 1399
219 1647
253 367
192 3588
239 2091
209 3433
175 645
225 1825
158 3391
163 1425
231 2718
157 106
72 1570
153 276
150 4145
99 4202
283 1636
232 2982
302 1900
132 2335
178 3444
274 4475
175 17
25 1333
278 553
207 356
283 841
170 79
275 4634
43 2368
59 1994
122 4728
233 3830
77 473
49 1867
133 2158
181 2320
302 219
90 4970
105 408
25 1221
189 4590
286 2115
138 169
22 3708
282 1884
102 3616
228 3622
295 849
278 1050
226 4061
92 3386
73 753
178 1152
32 2922
60 4135
81 3674
248 2695
41 1212
289 1349
30 4323
177 1041
187 1730
5 1682
43 523
192 3563
253 264
115 2622
120 4018
6 3585
244 761
81 4009
245 3023
288 12
152 2113
164 4995
226 4899
214 4985
196 4358
85 3720
11 4861
77 1795
129 4197
246 4771
159 2817
250 1063
77 3198
198 854
91 1601
197 1183
223 14
58 378
184 4453
23 1819
245 2839
105 1691
26 1401
298 866
300 84
165 1571
180 3512
110 1696
182 348
298 856
12 597
272 239
203 3705
270 2095
155 4150
175 2458
129 4209
167 4631
65 1030
78 390
58 265
275 3440
77 1513
265 4743
233 3747
117 4521
193 1107
305 3494
7 2569
92 1812
251 1199
17 4847
285 4923
47 2292
241 3767
217 625
228 611
83 4818
35 4062
240 1958
288 4016
182 1548
251 2329
268 1028
295 4973
37 4501
150 4975
165 2732
231 3048
271 1250
62 3183
52 3990
237 975
138 1302
4 537
266 401
180 1322
205 3175
147 2977
20 1717
109 3172
206 4203
45 1956
120 4269
84 1192
140 3352
149 4052
152 4263
45 3124
168 2941
104 2199
210 2228
209 2179
69 3706
81 4253
159 424
83 4184
125 1205
237 2747
181 4505
237 230
171 4429
88 788
200 4567
51 4535
46 1811
55 3341
166 3716
299 1953
281 265
209 4773
216 2286
8 4107
8 1374
51 1250
52 2013
294 3387
182 4494
86 4440
285 546
24 1046
208 3352
226 2721
120 1560
152 3222
190 256
226 4467
247 3587
6 4854
258 3444
227 4712
161 3464
195 159
83 1020
289 4762
281 407
79 63
217 784
106 2237
124 4625
254 4977
291 1885
52 1511
102 4853
69 2052
17 1969
54 769
210 962
296 3931
53 1394
229 358
273 1815
21 3593
169 3586
31 585
94 3523
221 874
77 228
287 3965
192 685
110 3851
182 4477
235 589
252 3248
75 4853
140 2712
188 4314
284 1791
187 403
227 2341
269 2344
151 1941
215 100
20 63
90 1619
126 453
272 1000
304 2328
217 642
99 2471
199 2471
273 949
170 1474
136 3798
226 4356
124 101
49 1559
189 4778
289 3898
13 558
71 2226
144 1016
41 1625
305 1286
136 1665
177 4460
230 4485
47 4045
278 1586
297 1303
199 996
220 4853
169 1163
68 2235
285 4549
246 834
250 3452
73 4713
25 4334
68 3586
247 2879
54 959
297 567
271 2616
111 890
3 1755
155 3134
58 4301
285 932
36 991
157 4996
130 4945
142 4482
71 2400
9 1265
166 4184
124 3436
55 3054
99 4270
270 2745
171 4724
105 2315
146 4363
263 303
167 1536
297 4719
129 1511
271 3395
176 2365
289 607
136 1862
120 4244
128 2309
104 3471
40 3874
11 369
141 4961
155 3487
175 2587
278 988
299 3691
253 4827
174 2865
92 235
198 4580
245 3817
202 216
16 4042
34 4148
132 985
161 1314
252 533
133 2865
91 1562
281 2706
118 866
291 3722
94 2335
258 2189
196 4857
293 1134
280 2177
293 3050
284 835
122 518
150 2472
294 1548
181 3040
191 3207
276 2503
66 152
196 4642
305 3311
176 4234
4 1391
119 1673
111 1772
299 1648
98 4041
9 2057
251 4130
269 3014
160 2527
285 830
94 1541
200 4522
16 2042
15 4808
288 3651
37 2363
230 3289
81 4777
171 15
233 19
79 921
126 3816
160 2632
81 3063
130 4530
15 1719
