433 433
124 2237
103 2337
195 1584
135 3364
36 1056
214 1954
39 4440
102 2596
77 2902
11 2863
153 317
38 461
11 264
111 2359
97 2967
172 2827
214 2734
82 2941
88 1958
34 263
207 3967
166 4783
7 4866
47 322
211 2006
205 2506
193 3854
129 693
92 399
37 2168
88 2284
55 2992
69 4413
190 1257
150 1103
177 443
50 1638
161 4426
101 3504
120 955
102 2659
205 3304
133 4417
56 4417
181 4034
76 1205
54 4401
120 606
194 2104
8 2264
70 2037
152 2171
77 405
79 4795
42 1392
152 1582
134 1628
192 4287
18 2326
109 4271
29 3150
51 2048
19 2563
127 1774
113 3787
25 808
97 3794
18 2747
13 3208
25 4803
1 1462
99 3834
85 3102
150 2684
181 1709
58 207
117 4267
216 4037
187 1809
124 1951
89 3926
21 618
182 3042
23 149
7 827
152 4284
210 1616
29 75
145 1427
167 992
109 1119
91 4687
101 1031
22 2651
179 2795
83 247
185 3173
29 3589
170 551
22 1656
56 4339
128 2534
169 1416
110 4634
174 2579
103 2422
36 3132
65 152
182 75
37 3083
100 1748
201 530
206 2250
158 326
106 4658
35 1921
145 3905
159 4464
136 904
38 367
195 3478
148 3074
210 3591
164 2513
99 1052
95 1383
171 4560
130 3523
120 4574
18 3852
125 1242
182 29
3 2207
68 881
75 2839
119 4696
78 3683
2 739
10 2190
194 451
113 4569
153 1211
141 677
133 629
179 2091
125 1163
114 1410
132 4390
41 1400
162 134
55 1487
202 1192
73 3925
149 3207
93 859
173 2579
144 2458
75 112
44 4628
5 3262
198 70
196 399
129 4821
179 2192
122 3580
5 1483
188 1983
78 2332
163 4611
80 2227
172 1129
21 1865
173 3963
60 2371
95 4021
169 99
70 4833
86 4950
125 3517
25 351
166 3713
110 3161
52 162
170 4087
111 727
152 367
8 4464
140 2296
21 4321
176 1462
181 4160
210 3715
208 692
46 1262
20 3878
168 771
195 682
73 554
152 623
166 1459
184 4262
27 1891
24 532
129 98
29 2883
51 4812
123 3952
116 284
113 3219
79 339
202 1430
119 3451
161 2961
61 1120
34 288
159 2949
104 2300
15 864
102 262
27 1691
149 1072
1 2772
57 3589
72 3187
16 173
30 2305
53 2994
5 2101
213 3920
56 302
186 813
94 1032
134 3340
104 4258
32 3380
36 3922
154 3184
92 1746
3 3909
99 2452
112 1799
92 1061
116 3382
18 4901
9 4056
170 967
208 2642
103 1997
155 2287
83 662
141 2974
35 4401
118 1818
32 3203
4 1765
106 1751
75 4954
132 470
182 2439
133 4530
1 2114
22 23
52 1731
203 2782
11 4260
90 2367
163 373
33 1895
210 3830
133 1044
100 642
135 4947
3 3954
52 167
173 1212
39 2384
35 3381
211 369
120 4017
196 1215
108 395
76 3988
55 846
96 2168
17 374
182 1864
42 1849
167 512
157 3542
75 4175
180 1042
202 1338
163 2043
21 4925
171 1748
75 3130
99 4803
153 865
75 3977
36 1173
95 4249
1 226
183 1636
67 3723
14 1338
107 1451
3 4976
172 3734
180 2039
91 4642
115 4868
191 1146
106 2856
45 2205
39 1899
57 2789
31 2249
103 2611
35 1941
58 1753
86 519
82 3365
11 1048
185 350
67 1377
131 1309
85 2790
212 1223
28 4063
90 3118
64 832
142 949
14 3319
164 1007
36 4562
168 1208
125 2404
182 1193
145 336
4 3127
79 820
29 4058
197 4824
128 500
61 681
210 4497
68 1616
133 512
146 987
106 2770
92 1890
7 3305
156 4499
132 1988
148 3079
211 1417
198 1694
55 1167
98 1412
36 137
113 1549
179 1844
130 4752
191 1682
17 4877
139 4461
69 1288
191 2488
13 4945
102 2513
119 3524
140 2800
60 1417
120 2837
201 3453
76 472
24 1660
90 2330
143 3570
37 3479
200 2623
150 1509
62 718
69 2604
155 3151
190 2155
115 2259
126 3203
126 3419
176 2159
155 1446
131 3069
94 4055
104 2770
91 4352
36 4641
61 3223
158 4855
52 4211
131 3766
107 4811
48 3298
80 1690
115 4616
151 3457
10 3575
35 1002
147 3920
190 2131
27 2158
32 4864
44 2178
152 2590
83 283
119 3058
15 1978
80 322
44 3764
148 1534
181 2875
148 4646
183 3976
113 3456
129 2287
180 2578
95 1699
26 1676
165 4512
45 1035
118 4787
109 4222
65 363
40 1553
