816 816
288 4235
24 1313
117 876
160 2779
76 1772
233 3468
329 4179
284 2667
77 545
31 2460
59 3578
300 7
221 2344
399 2643
279 3201
268 2433
261 4587
283 2278
219 4451
271 1730
56 689
299 2759
315 3459
136 4980
215 290
96 4229
306 3679
38 4874
94 4186
84 926
15 3607
383 2072
36 848
179 1662
175 2718
205 2148
42 4834
55 926
343 2717
240 1188
137 3987
297 1830
293 1500
310 261
373 2904
49 3643
184 32
60 1512
35 4228
351 4530
223 4793
90 2529
102 47
337 2861
17 3179
55 3537
110 2970
380 2945
63 171
178 3331
237 135
326 228
173 4884
127 3293
63 1794
188 1929
75 1733
194 213
188 918
113 596
334 333
218 3417
123 878
41 570
403 2677
81 827
311 1853
387 3607
144 1138
300 2453
187 4379
275 4166
25 3477
78 4554
187 3432
54 3629
329 4269
179 2433
103 3367
351 2699
340 784
52 2974
126 1123
160 854
335 4907
200 814
205 2104
329 3245
152 3856
10 39
308 2307
43 2845
196 2234
304 1126
284 87
155 3006
92 2859
49 164
94 4429
34 3962
362 1736
115 2526
229 62
12 2828
171 237
228 3031
322 1435
116 1267
391 3951
89 1524
70 756
280 4911
260 2576
28 3842
385 2505
310 4431
373 4630
247 1028
76 604
335 4266
133 388
349 1539
345 2845
272 1004
170 3280
13 3211
15 2008
306 2049
346 4096
387 1863
242 4129
335 4918
50 3834
113 2676
282 296
359 2504
114 3724
203 3432
380 3188
98 4433
130 2600
215 1658
385 4925
124 2241
186 961
400 187
29 381
118 4511
12 2685
40 4408
171 984
278 581
269 2678
144 3761
28 2316
41 2756
403 1398
321 1549
348 4883
7 3249
328 335
23 1096
21 3865
284 2302
71 4322
249 3820
153 3319
128 4284
117 4035
387 3228
225 1298
131 4215
201 3384
91 2023
41 3533
301 3924
186 602
230 2500
273 1829
45 1526
312 2066
240 1436
329 1270
90 2135
44 4773
339 2029
57 3103
89 1579
85 74
304 339
123 1023
187 1190
92 2604
46 3
31 2872
85 2333
155 1605
81 376
174 3676
126 2564
23 974
140 3267
129 4924
357 4411
70 4667
182 20
382 2114
69 2098
389 865
234 2625
113 1977
22 3730
54 761
395 1121
125 2618
243 2703
334 4775
12 3974
247 2317
143 4750
343 1116
83 4451
102 357
99 3736
313 384
219 1720
324 4198
163 4157
210 2572
195 2292
148 4532
184 654
82 3831
137 1719
293 423
72 3962
55 2177
233 1882
299 2934
317 3826
155 554
119 3936
307 1819
120 4184
134 3219
222 2329
333 1098
348 2306
293 2710
7 2884
406 2973
195 2466
142 4366
214 4475
29 4137
260 1745
19 4539
25 2405
105 2175
191 135
396 4129
376 563
78 2180
288 4498
217 2629
351 1625
202 2623
270 502
393 1375
27 4339
404 309
8 4823
189 4585
288 68
389 4072
119 1087
194 1175
294 4096
249 668
285 1570
395 2976
228 3475
51 3666
222 299
279 698
350 2571
28 585
243 332
68 13
203 4334
349 1993
286 1709
213 2631
338 1275
276 2127
74 2063
32 3772
350 1843
307 1813
377 3899
276 4736
290 4846
274 1024
335 1438
338 1062
240 3658
371 3755
181 219
353 4872
102 4734
91 754
375 4306
14 2974
192 2829
311 1362
91 511
160 1564
398 2437
26 2499
401 524
362 317
182 1651
82 1031
178 3818
224 4201
389 951
206 3922
209 4252
230 524
327 3969
266 1068
290 485
390 608
285 3492
273 2144
175 2855
104 2947
378 1467
157 3868
268 3778
96 1533
163 4368
199 4044
330 2507
251 2968
84 1571
307 2740
215 1067
240 985
201 4246
376 3542
78 3402
66 2999
47 2632
269 1664
106 4596
154 4322
260 1488
212 4755
9 3877
303 4901
236 949
366 2234
71 460
270 1071
296 3201
34 2422
27 2853
47 2356
145 135
261 1100
47 2762
178 4932
390 4060
395 2345
373 4710
402 2557
86 495
390 984
292 1661
397 1622
400 3261
261 3914
151 2012
174 196
366 4528
169 68
31 1854
245 2686
48 3711
392 4098
370 1710
247 4137
130 1737
376 2515
3 1076
34 4300
114 400
386 2417
78 935
375 4470
289 3583
164 2314
304 4723
152 2685
352 4650
95 2505
254 962
250 4811
280 4135
349 449
170 4242
98 2410
310 1103
264 4105
257 69
18 796
104 3625
308 3668
180 1857
277 2890
324 3871
388 3048
373 3762
224 2005
38 514
288 4835
260 4005
288 3048
160 4527
356 4270
342 1653
114 2926
123 830
18 1676
37 1213
105 4500
257 2758
118 3169
175 2539
301 205
197 4905
14 3724
208 789
108 1529
69 2835
194 257
141 4440
120 2941
333 2155
189 1144
164 2235
96 387
90 3045
82 1730
300 1260
2 490
273 1736
289 4806
189 1723
137 2243
299 3889
146 376
287 4798
404 4352
378 1520
319 4074
232 2615
236 1779
161 4978
407 233
336 3272
353 2903
407 3788
17 3847
387 2563
284 4037
166 4983
237 2339
381 682
380 4012
94 3349
117 4824
195 4283
306 4918
335 813
382 2334
123 3733
110 757
282 3980
39 3094
312 4171
321 1100
85 4955
332 3
237 1816
223 2062
76 2541
366 2852
324 1632
54 760
141 3892
160 307
90 4883
121 809
312 3040
195 4924
88 1528
60 2519
202 2742
71 183
393 932
106 4674
254 3322
404 938
159 3974
21 867
366 3783
95 4583
77 4787
323 1293
256 412
24 4451
170 1586
259 4505
160 2752
341 4498
337 723
55 3232
264 606
259 2493
222 1493
269 303
43 884
241 3574
53 310
388 3162
16 3902
50 543
310 1195
32 3065
58 3661
163 4742
294 4128
278 1774
310 3832
290 4611
353 2484
398 1503
204 3454
164 840
307 600
323 1532
169 2647
332 3395
356 4984
353 403
87 1131
353 1038
260 4726
130 3758
352 3461
281 4168
49 2961
308 3073
215 2705
272 2163
402 3450
69 3281
20 3581
243 2161
41 78
186 2988
95 4730
233 745
203 470
24 4564
34 733
269 3466
14 3659
175 1142
101 4000
371 2501
194 1936
357 2663
151 1600
197 2834
301 1372
12 855
64 1659
89 1018
70 2350
252 308
341 799
138 1646
197 4205
246 325
259 2884
70 1624
14 2505
322 1869
397 3795
283 4265
127 843
121 1662
378 4370
338 3738
18 4518
399 4752
191 3391
78 4207
245 3249
87 431
245 611
291 2602
145 2013
118 4670
77 332
28 297
367 101
110 496
236 1782
200 11
395 1911
341 265
12 3050
270 3887
291 3752
186 1299
236 478
340 3458
213 2397
201 2907
134 3360
4 4740
197 2019
332 2214
187 1699
125 1618
333 2346
184 1049
172 830
364 190
216 2212
73 4807
113 586
404 1962
270 4040
314 2785
39 2581
286 213
253 3682
251 895
260 2332
293 2392
369 1095
128 74
5 1134
379 1543
296 2154
27 4375
374 2609
83 2563
403 3384
323 3104
18 4290
191 1288
131 2629
314 17
78 1273
119 2031
273 2978
90 982
125 2039
360 3536
108 2238
56 2036
134 3442
281 3762
77 1649
240 3052
11 2694
219 2557
52 3422
65 4976
181 118
203 166
43 2277
272 3944
138 4329
290 157
286 3048
351 1059
84 3176
174 1403
95 741
145 3794
236 1893
122 2409
84 4801
276 3343
321 1004
383 1531
189 169
284 4
62 717
151 3041
92 3553
371 2883
182 1772
384 3193
53 1021
177 3086
372 3642
77 644
203 2374
34 215
84 1727
90 3811
59 2222
102 177
337 4970
176 2094
307 3012
12 4043
405 2620
195 3113
143 3074
143 345
86 3289
183 3194
36 2535
19 3044
163 1403
223 3628
253 1838
109 448
244 1828
313 2108
261 4148
179 732
211 4103
253 3142
12 1289
356 4843
357 2451
144 2782
98 1702
21 3272
238 1140
203 3811
231 857
400 1246
265 961
129 3572
293 2996
179 1842
179 1158
313 3210
265 831
387 2731
66 2432
225 3936
299 2700
197 1214
385 851
351 1523
126 491
204 2807
88 3811
50 901
307 574
333 756
87 1459
140 2070
355 1805
334 478
338 4592
325 1249
258 1959
222 1719
75 2806
221 3278
202 3452
358 478
116 327
344 2698
396 207
124 639
335 2780
355 4421
251 2059
343 2937
292 2604
307 1996
21 1295
206 4992
215 1065
101 1586
370 2821
244 99
221 256
254 3472
36 3292
320 4013
100 40
