862 862
96 3169
95 3620
217 2970
406 3393
129 1246
77 4469
410 1818
233 4280
217 1788
81 4611
209 1582
383 2797
26 2377
64 2041
14 4340
258 3737
192 16
312 946
164 1505
395 2735
109 2103
150 3869
259 1610
121 153
4 455
51 348
388 3477
172 169
412 2053
212 2088
369 1352
342 1599
199 3379
34 2187
341 925
6 351
330 4066
97 2558
145 3955
23 1938
278 3958
48 4780
259 107
318 834
298 2849
122 4982
345 4262
39 4122
209 3206
191 4000
139 2122
84 2402
425 4801
218 3091
354 2453
136 2592
380 800
299 3348
145 4535
167 2286
424 3496
307 4493
397 391
208 4885
4 1789
401 1024
336 4224
114 4060
374 462
105 1781
260 1769
397 2912
156 4365
146 2151
415 2310
55 1961
129 124
138 2751
185 2402
414 4869
268 1005
248 820
306 4831
372 4974
317 4538
124 4372
349 4880
141 2554
373 2211
168 4450
377 572
187 1929
225 2705
20 3058
78 1455
36 2514
189 4766
268 3924
103 3820
390 1109
126 1356
76 3967
422 3809
281 4318
309 603
163 4722
120 4508
174 1344
74 4648
79 2437
370 1851
157 4113
120 1057
155 1625
386 3302
341 3408
276 3935
42 205
182 1506
314 1445
130 2965
94 2223
51 1331
411 3751
206 2599
197 525
88 280
188 3473
336 3116
257 2787
7 4164
324 1955
161 2158
158 1997
347 2330
177 1474
267 2984
91 3664
13 1412
169 77
264 1537
396 562
194 1229
238 3000
237 3699
333 1251
232 1137
73 4972
213 2641
209 3047
426 4195
313 767
410 4288
259 2763
269 2794
207 3388
231 1999
396 274
427 3211
309 1288
218 1332
275 1512
3 1079
411 2192
409 1825
173 704
237 309
394 3953
371 2567
201 1005
74 4413
154 3965
387 4128
198 887
323 2866
310 1909
38 349
244 3841
311 3582
48 1775
298 1607
263 738
10 4179
75 159
131 4099
240 3728
191 2060
107 4622
308 4710
51 2221
162 1367
385 4473
388 4236
378 531
410 711
279 304
328 4704
36 3367
107 4254
26 2054
32 1171
191 2617
250 4337
101 1914
310 201
199 3627
93 111
352 1395
160 2550
59 2382
419 4608
401 320
132 236
46 4218
335 1241
17 2700
53 2518
309 1422
101 1552
4 3270
82 679
298 2171
39 1631
115 887
251 2159
6 2429
102 407
303 1863
69 844
185 3600
61 4446
278 3718
214 3448
99 2413
77 4706
109 3199
23 451
72 4551
355 4769
365 3214
150 4337
167 4596
392 1380
283 1167
385 165
119 36
43 2218
239 4189
21 2545
20 2292
260 3185
102 3555
140 1934
366 354
227 243
57 1119
209 144
108 2358
307 290
315 4837
63 1457
119 3259
198 1940
3 567
52 3283
388 4062
428 1908
389 4593
214 517
161 1472
70 473
406 4409
204 4455
317 3551
352 2440
229 2594
307 2908
362 2820
116 788
140 1966
310 3841
239 2312
130 1967
116 3745
118 3708
393 676
296 1055
26 721
186 550
429 197
127 2318
246 4617
361 4399
306 4589
325 1539
86 4037
340 2767
224 2676
245 436
263 2696
358 1951
84 4018
341 3048
74 4656
399 1143
349 1022
111 990
254 3680
250 2470
358 4538
407 3034
231 893
146 3418
413 1967
384 4877
427 492
97 1233
399 1752
347 1875
277 4355
121 3795
341 4052
254 1506
385 4613
100 1876
209 4188
84 2483
400 4564
116 2250
199 3015
129 2048
221 4364
56 3616
233 1857
203 3991
104 4465
291 1305
265 3724
425 4251
127 3241
321 1169
302 2139
211 1106
294 449
159 1432
370 3683
416 89
34 2421
389 3456
36 2661
173 4539
206 1657
1 222
410 2688
54 2549
329 4827
396 4165
136 4830
362 2779
94 1417
192 1862
153 838
19 2771
372 598
146 1305
152 2533
416 3790
344 4242
162 3776
149 1177
10 56
139 4814
390 4862
196 1155
418 1339
399 2756
322 3326
331 2023
316 500
20 1371
83 2597
86 3008
334 274
379 2869
106 2001
227 4248
39 1622
227 2373
33 2223
31 3742
125 4878
312 4792
43 4216
417 1966
424 4543
130 3090
79 1761
305 3198
166 3084
1 4170
370 1856
46 1057
249 3204
212 1903
371 4247
94 4980
254 3492
167 3894
259 4779
34 4499
87 1306
66 2671
214 4431
29 2616
4 2737
422 3276
151 3795
365 1222
365 743
404 2747
54 3890
159 3144
53 3272
323 2235
64 387
315 4320
71 2228
113 4457
281 2583
316 598
257 14
168 3711
414 1295
387 2269
413 826
304 3207
182 2387
354 4414
50 4643
348 724
390 3198
131 2936
92 2919
116 533
122 2259
209 3203
191 511
351 231
211 1550
347 1296
141 4280
314 609
127 3295
227 535
25 2818
90 4143
50 4487
396 3556
280 991
225 4527
112 3823
323 3741
215 60
320 4690
405 501
260 1419
243 3528
207 827
181 689
386 138
227 3896
292 4903
158 783
238 3265
144 3842
82 201
56 426
319 1301
387 503
85 3122
269 4020
412 4028
249 2451
245 2313
412 2644
398 1467
147 234
373 1053
108 2236
70 4126
357 4557
274 3442
237 3083
149 3370
224 3464
250 1521
317 1429
191 1657
264 302
119 171
278 4539
59 3827
103 1691
412 1656
373 790
60 1780
339 3307
182 145
277 233
319 3519
53 454
193 4391
298 3192
319 4494
251 7
36 1771
42 4283
292 727
220 443
279 3854
124 2236
224 1202
178 2367
104 2697
316 2071
320 4485
57 92
23 187
127 2976
79 3404
109 3312
65 1124
288 4822
14 1077
330 3266
272 2209
198 145
106 4640
206 1875
208 3790
216 895
362 220
342 1823
389 4267
340 1720
163 3225
209 4985
344 4132
214 4026
329 1731
185 4669
52 2354
224 2832
66 4408
419 3083
220 1734
29 1411
212 96
27 3499
219 1331
175 4584
311 437
219 4341
105 1329
144 2423
158 2129
234 1746
188 2974
48 3233
408 1650
362 4465
58 4483
267 1516
43 501
346 1014
135 2326
306 4305
287 1785
26 403
331 3948
400 1874
182 1418
287 3383
138 3702
10 2133
167 4377
111 1077
355 836
228 3896
86 3554
171 2135
179 3424
136 2404
417 4502
238 288
98 4447
69 3224
306 3007
352 2232
61 2226
423 4793
388 304
138 4156
158 2070
35 3651
101 1598
92 2394
258 3153
398 3643
239 1367
37 2868
125 4713
301 908
171 2125
352 4186
400 4501
201 2456
67 2436
30 843
17 2229
129 1685
214 3782
22 2160
379 1267
20 4232
387 1628
197 2207
22 1915
367 3879
362 2493
16 3299
410 3857
348 714
76 990
54 512
422 3342
362 2461
403 4095
398 2094
71 1259
222 2647
282 3406
205 1960
165 4191
327 3949
51 365
54 2533
343 2275
107 3753
216 3858
325 2373
154 3227
89 1672
45 1513
408 4599
398 394
356 76
16 4446
324 3882
63 1113
311 4058
89 4038
396 194
390 3173
82 3991
78 505
296 3781
165 3269
353 4536
31 2763
192 2093
45 512
364 4745
301 2903
295 1592
285 3487
223 1454
205 3289
374 2414
217 508
123 3583
270 3755
388 4167
197 195
407 4836
192 4433
234 594
171 3604
393 905
93 4277
125 175
190 1838
365 4308
27 462
68 866
87 891
361 1291
303 1760
400 1321
247 4650
411 1786
232 460
183 1563
407 4378
71 994
117 1873
21 4838
91 3141
374 4834
419 924
115 361
256 1530
233 3341
386 388
284 3935
308 4220
217 3551
317 3432
57 3169
244 2912
59 1295
298 3797
313 1057
322 904
375 1879
291 2569
394 1810
273 2229
409 4695
101 686
276 1165
196 4981
190 2924
91 2687
399 858
80 3680
193 3677
360 2196
178 1596
148 3162
187 3183
10 2078
234 4401
377 4083
86 563
68 939
56 4793
301 631
421 2077
407 3016
1 2221
175 1412
49 4271
181 2874
27 1418
35 4724
316 2349
342 3211
74 470
424 4309
6 1169
270 21
388 241
336 3558
222 142
410 1897
157 3191
95 844
73 450
24 4988
69 718
202 286
55 1256
168 53
106 3996
23 1214
353 1477
20 1846
359 2662
323 743
92 3812
24 2657
84 1597
57 2874
77 2870
173 3786
17 2452
161 1083
95 992
150 3816
39 559
412 3844
50 2957
172 4795
39 957
299 226
55 824
85 3843
80 446
117 1438
365 3414
112 1934
404 1591
422 1617
158 2966
30 1610
171 811
90 3199
114 213
241 529
333 1783
278 2971
68 862
325 352
155 1253
173 1012
239 2174
219 3860
69 2344
378 2647
224 809
416 1259
163 2675
281 1528
289 2703
123 645
389 266
170 2459
104 4015
358 3169
245 531
411 2238
125 3115
338 845
73 2579
45 2273
319 3160
306 2020
68 407
111 1801
262 2562
235 3972
100 432
188 1309
389 3517
276 3900
121 2853
206 2419
249 2561
320 4219
218 2589
197 3875
326 3935
264 1153
336 4334
351 2401
14 379
100 4190
332 4059
374 4605
55 3209
398 3603
