465 465
158 2275
209 3916
216 417
200 2332
88 500
19 1370
154 2358
127 4462
89 2903
99 2646
91 4511
145 2004
136 3240
59 5000
55 4715
132 3685
9 938
42 2859
215 947
209 4059
146 2585
172 1248
202 4964
94 4345
8 1911
89 1188
217 3465
138 765
87 2728
145 53
92 83
136 3768
20 3953
141 1876
181 2141
214 3745
92 4091
87 2802
140 4742
79 1753
111 2679
9 4886
192 3118
146 4597
93 1191
200 3001
194 571
177 2604
163 1299
72 2029
148 2754
142 3827
150 3489
99 3982
26 2365
226 1876
60 2116
168 2526
173 4099
135 2665
169 4446
67 2836
143 4565
140 768
207 2809
48 3804
59 1459
106 3781
157 4935
191 3539
40 1425
6 2224
204 2946
76 169
137 4801
27 3468
167 1840
53 319
1 3617
54 3564
8 4281
178 1626
108 2070
227 3167
138 4125
2 2344
8 2732
48 4923
227 2966
36 2547
67 4061
112 4792
191 3749
96 3526
76 796
99 1379
24 4628
219 3484
86 3130
220 595
154 2930
23 2617
162 4599
116 1001
130 2980
94 2538
41 1048
82 2792
4 4833
58 152
103 415
198 1157
57 4879
99 541
14 2709
181 1370
210 1621
39 2378
14 483
225 4930
106 3560
162 4519
128 4430
206 1427
44 3730
39 940
60 3534
168 3962
149 4659
57 4485
110 1735
58 4915
205 3432
166 4283
48 576
175 765
146 39
133 280
183 371
227 415
18 2069
202 4859
46 3696
54 420
179 634
196 2290
42 3355
222 1009
107 2739
198 472
95 3169
208 3756
102 3231
213 2100
79 865
114 4036
98 1977
20 4197
169 1044
182 4114
38 2190
121 4281
104 3300
205 747
61 873
102 2394
91 2296
193 504
47 47
168 1048
112 2524
6 3685
193 495
12 1043
3 576
98 471
115 2168
177 847
95 1998
114 4868
50 4592
30 3679
211 197
184 3999
232 4773
218 2766
196 2153
60 2781
120 3318
55 2831
170 4737
68 2827
138 1460
162 782
44 1604
195 1638
193 2084
9 3412
119 3821
164 1349
211 1949
227 2107
148 4360
194 1185
169 1706
110 724
102 4715
138 1993
214 3229
180 3433
88 4872
99 2115
118 1839
187 1937
11 1195
207 3243
185 3841
69 1822
219 935
35 3624
205 2212
72 4450
96 992
118 467
114 1799
209 727
160 4302
10 38
89 4303
175 3692
86 885
212 3111
46 3577
4 3957
219 157
215 1323
202 515
139 99
208 1473
103 33
5 2758
143 1206
228 3692
34 1526
153 296
25 1806
19 3275
26 1155
129 1636
146 1824
54 4302
87 782
12 93
132 416
219 1495
141 3171
65 4417
76 1595
78 2727
58 4601
214 3129
80 966
180 3836
8 2347
31 3784
89 4915
136 4676
41 4459
181 4302
51 4808
103 4384
2 1348
138 2633
155 1632
142 3311
35 410
21 4067
28 1980
232 607
80 1621
94 3214
193 1361
191 935
70 3150
199 1154
68 3696
183 1250
200 2545
115 2137
75 4407
214 1353
226 1498
70 2397
62 2968
22 2514
148 3954
34 3876
43 287
106 2032
189 3308
202 1484
123 671
141 3917
178 3661
44 3402
75 1475
45 2014
84 14
199 1785
193 4281
197 4332
183 3886
23 4344
213 520
5 3513
69 2973
80 3169
209 2243
118 4676
181 2321
93 3095
197 2235
133 4108
184 2572
210 26
192 1563
139 4218
38 1514
199 3973
119 4963
49 2868
2 3840
173 3406
149 1471
70 1056
210 3942
206 2026
121 726
139 829
149 4144
26 3537
48 1937
32 3090
192 768
184 1525
199 1498
23 1907
60 1081
207 2837
138 4232
220 3
200 615
75 1082
146 1341
157 79
160 3544
154 644
131 3587
178 3840
5 1423
175 144
221 150
39 1656
68 3809
30 686
91 2241
180 4642
118 3164
114 3723
56 2451
50 2551
95 2128
138 4501
193 2294
212 423
221 2635
181 4460
128 2666
106 1130
40 385
128 4226
55 2894
114 2811
158 1985
92 4538
159 2779
95 2395
64 2496
189 4834
155 998
196 1073
112 2083
7 3440
161 552
79 806
186 2849
157 900
126 1508
92 4573
160 3560
135 4630
189 2840
114 2071
177 852
65 1565
112 2351
190 3984
78 207
229 4072
207 2334
187 4840
142 3219
36 957
128 4188
35 1914
211 1297
123 3483
153 1485
66 2853
208 4150
140 106
172 2242
27 3341
111 2420
47 1091
110 431
100 4639
211 2773
156 1509
135 1836
45 1303
84 3432
97 2952
104 2620
8 4675
21 1681
231 4622
120 2779
215 2689
128 4675
149 710
140 2642
50 3704
212 1453
161 4824
11 1827
119 4385
203 2987
55 2160
90 697
172 1315
87 2488
118 2328
162 3616
188 407
106 754
82 747
10 4687
139 2111
174 2024
91 5
38 4858
146 1926
180 3728
131 2996
