961 961
19 158
437 4323
239 1674
191 1720
315 3286
127 665
409 2252
48 1423
456 990
155 3216
283 2635
179 4128
230 1108
285 4808
405 1668
86 3791
385 1301
291 4314
477 2782
393 4945
88 471
186 1112
216 2951
391 1282
393 269
48 4081
269 1531
387 1517
138 3551
474 870
259 1142
470 2806
380 3020
447 4640
217 2518
279 2656
142 3732
335 4318
469 819
349 822
264 3940
295 4848
474 4296
172 626
330 3077
181 378
13 2414
385 4253
266 2930
404 3753
207 1875
337 2256
371 4469
132 421
220 4508
330 3660
432 3064
63 749
137 678
188 1103
249 699
344 4836
373 4893
203 2652
218 104
156 2630
125 880
97 560
8 619
69 2771
338 2966
405 3974
377 1984
467 3444
67 4802
30 4759
286 3882
356 3153
172 2603
348 259
210 1331
17 2056
349 1099
352 3376
209 690
346 4619
308 383
364 1770
95 1981
48 1427
374 2615
157 2502
469 3470
136 2417
258 4143
278 3304
303 566
199 3732
455 3412
226 1015
92 1096
265 971
377 36
5 417
175 2975
215 3939
478 4187
416 4682
50 3496
40 3959
130 1088
243 4058
375 176
212 955
172 4017
41 1432
333 1158
25 4473
96 4114
241 3431
469 3265
433 322
306 4585
316 29
260 1287
439 196
188 1261
358 3173
217 4489
190 429
365 714
144 1256
8 2275
381 368
260 1048
171 835
355 4536
211 1304
263 828
131 1403
70 4757
238 403
247 2103
390 2084
429 582
279 1603
42 4917
469 3200
353 3933
469 808
276 3693
134 1455
256 793
81 251
335 1545
169 1694
17 2138
409 1549
237 3937
225 1672
56 1379
217 2467
305 3007
395 3160
474 1149
263 271
324 4823
293 2169
76 305
384 2501
226 2374
177 4325
142 891
420 3164
257 3511
245 761
270 4224
124 2838
468 935
34 3560
122 4703
386 516
271 1236
461 3648
175 3561
389 4452
60 2828
212 949
451 1798
278 3473
425 868
265 3192
327 427
249 533
172 1408
51 4947
156 3026
67 4286
459 2089
321 1407
390 1389
420 3001
227 3049
349 3172
88 225
155 2402
255 2425
302 3949
299 715
386 3485
419 888
244 410
394 1305
68 4803
80 1623
274 3183
290 1378
375 4357
61 1956
234 1571
184 3408
233 643
275 3837
423 509
45 24
181 3860
340 3120
34 1876
228 2573
263 3432
422 3579
31 2405
432 2157
398 623
281 3870
24 2988
191 4734
456 70
215 4405
359 99
20 698
302 1273
247 793
266 4985
394 430
210 4340
390 283
340 3326
437 2415
479 1294
312 3773
175 2866
246 3904
84 1414
190 4267
73 3405
314 4802
221 2787
371 3269
417 2415
239 3705
270 1845
101 2190
153 869
321 18
44 1658
418 1833
370 396
171 293
244 2868
196 1605
214 332
328 3502
61 1189
196 1654
425 1328
375 4599
137 438
215 3420
134 272
107 3384
233 3717
258 1000
404 4140
277 156
30 576
439 1739
207 4082
266 2011
38 3609
18 1595
214 224
295 1763
423 1807
45 1972
113 388
112 2477
415 65
474 461
43 4027
443 2525
136 4756
150 572
150 3448
42 517
25 1697
233 1963
86 1062
456 1147
39 3103
125 3925
3 3537
415 3820
22 3867
381 1043
90 380
219 2775
19 2818
390 2790
460 935
171 3772
452 4357
388 3520
144 1035
230 1317
266 1391
202 310
245 3450
343 1861
275 1966
202 3514
177 3971
96 4444
73 4347
311 482
342 887
44 113
71 753
217 2316
466 88
34 1592
322 113
384 1590
376 2911
170 2058
77 231
470 1725
222 3901
312 741
162 451
478 2568
28 2546
384 761
381 360
125 1052
468 2772
119 4186
198 448
435 240
382 3848
450 3708
73 4749
238 1803
299 4977
250 768
464 2909
129 3599
267 3024
412 708
160 2070
75 353
166 2801
313 1563
86 483
171 3205
422 4731
212 4053
474 496
95 2039
173 4575
274 1496
429 3068
117 2365
182 3427
445 3431
350 164
215 679
275 1667
101 3359
185 2396
98 626
205 3348
194 3077
153 4311
220 1919
287 2016
244 3915
102 2004
128 4468
207 3530
198 2147
124 1717
56 1891
11 1927
209 2959
446 3563
265 2085
252 4855
45 4335
55 4924
76 4784
248 172
10 3818
438 943
14 3035
111 3224
368 4667
231 3202
269 3411
246 503
236 561
261 1064
190 2840
340 263
302 1535
380 4784
39 2814
124 3366
297 1132
175 4192
210 1272
405 135
143 3036
93 4103
311 728
93 1419
477 2340
13 228
448 3275
142 2018
132 2337
392 4262
313 4318
148 1162
403 3764
258 1752
200 1696
297 3545
400 4178
461 2872
222 2727
148 4298
207 324
243 4988
434 3084
145 4650
452 2010
174 4937
155 4170
414 1553
293 483
440 1643
305 4033
120 501
386 3866
50 1118
242 3035
271 2137
477 3717
346 3290
199 4093
177 1869
411 4245
125 2657
188 2119
149 1922
370 879
212 3341
311 4274
255 1383
54 401
468 778
194 2455
59 3098
153 502
84 4673
476 2650
299 4052
150 2992
113 2240
471 1978
353 4890
338 168
160 1662
387 581
120 1664
242 4842
158 4690
202 4424
226 4859
158 4107
387 2139
361 4476
294 2866
106 2372
147 2193
119 3758
108 960
310 3590
99 3807
134 4121
189 3786
381 3059
381 1347
303 2837
356 3400
263 4955
249 3898
187 1604
217 1003
273 1688
320 975
19 1903
215 1666
228 4982
31 2134
118 1731
96 1494
23 4860
60 3385
381 2834
1 2491
255 4498
311 4914
219 3386
130 1474
68 2467
465 3501
328 3845
232 1323
107 2415
474 4650
222 3577
387 389
127 3145
96 1648
345 4474
152 3725
427 907
332 4146
31 2419
274 4932
13 1744
259 3752
352 785
160 1910
473 377
349 3314
40 762
376 842
383 596
253 2191
5 367
40 4680
12 3375
417 843
70 1005
414 1014
282 613
308 672
374 3459
155 1989
403 981
425 1767
17 4984
460 1384
164 2790
256 3013
473 1663
219 3398
408 2703
75 482
215 4656
397 4302
202 140
83 3345
165 2416
142 2381
76 4985
316 2456
7 3145
122 2227
221 2143
275 1479
181 1629
246 2915
344 2951
189 1921
277 4176
296 1065
360 3925
168 490
84 918
81 436
469 3030
265 713
295 1509
328 4307
281 1874
81 190
302 3536
359 3092
96 4431
343 2628
128 2019
148 3516
38 2083
186 1310
66 612
302 45
252 1237
232 2156
112 3484
156 4812
406 3276
147 3300
180 3341
406 3333
248 4263
41 3450
256 3370
57 2463
462 1330
166 2472
410 4220
29 2584
108 725
48 777
45 2663
388 1456
110 2133
153 2141
443 4945
172 3715
257 4048
181 3549
250 4106
54 2418
417 2784
360 881
422 1061
308 1296
60 3688
362 3407
441 4774
318 3848
166 455
315 4572
52 4674
183 1364
438 2008
334 2858
444 3139
469 2822
183 3977
310 1692
64 4416
192 1531
291 103
277 1039
470 2222
46 986
384 1603
82 3163
65 990
97 796
356 1499
8 4277
285 479
439 3376
162 1345
283 425
283 385
85 4262
368 1713
373 2430
97 2622
297 4909
260 3223
56 2897
270 2502
247 1865
26 3508
247 3714
466 1570
316 4566
229 874
311 3017
376 3714
89 2905
137 2498
23 825
125 3424
176 2559
365 1994
169 2327
36 782
80 2959
318 2505
453 874
326 3043
258 4509
447 4154
210 548
418 4423
279 78
188 4114
459 2420
194 2345
117 2729
471 2341
231 1148
173 4479
68 4244
370 394
298 2942
13 4330
266 3388
453 1597
152 436
324 1497
90 1787
19 3649
387 3564
469 351
406 4743
428 801
87 855
462 2374
428 4927
87 236
160 4993
130 4525
228 1107
466 4050
207 787
441 870
61 284
395 2251
61 3571
222 2089
74 48
439 3063
417 2160
428 120
358 3946
115 1345
291 193
220 867
433 870
59 3578
286 909
185 4229
40 4755
98 4240
321 3988
217 2049
257 2117
398 4626
166 2262
102 1461
250 4731
445 4061
23 698
176 789
380 1588
233 1431
408 4766
242 3852
272 4615
469 4374
376 3653
395 1069
217 1076
392 777
474 2387
423 2823
320 3725
296 56
155 340
102 3891
201 3858
461 3577
402 2248
20 4817
85 4871
380 1612
67 3983
397 525
423 4559
460 4396
356 3425
60 4798
300 2437
268 671
256 2097
460 16
109 2445
145 2793
115 3885
265 2540
380 4666
228 631
72 3740
179 684
1 1883
98 127
121 3123
331 1092
107 1266
89 1188
198 4654
133 1931
23 4687
353 771
443 4601
104 4603
46 341
471 1535
245 4185
28 2745
31 4244
288 2101
62 705
345 375
4 4131
155 1307
161 1765
285 2216
11 600
259 4209
42 3347
393 1921
223 3213
395 1895
432 382
348 3746
20 535
444 460
150 3022
63 3082
356 1261
300 2525
339 4301
333 896
301 3950
341 4954
184 1764
172 2694
189 1846
280 4009
369 2785
321 4620
112 3265
258 2551
381 1273
77 1159
290 1253
84 3498
109 3280
298 1918
366 3125
145 3322
443 1874
431 3071
234 4225
293 3061
212 4225
145 4767
237 4938
443 2143
292 2387
405 1637
268 1989
132 2506
376 4957
252 3711
310 3207
167 1803
34 4674
333 375
258 48
384 1944
478 315
66 4212
296 386
356 4044
4 1391
7 4832
287 4816
465 2614
184 3175
441 1067
307 4029
410 3542
80 356
6 2377
264 3441
219 1493
11 1404
295 3637
442 2974
15 3856
156 3361
294 4182
355 1432
380 2934
167 863
322 1189
115 1310
473 1771
237 2719
386 1882
118 2578
350 240
339 4676
137 4889
436 2746
265 4893
325 4569
405 1315
288 1373
442 4982
289 53
288 4313
423 4722
156 2045
213 4304
292 3466
51 2251
247 3124
301 736
132 1618
78 2529
227 3647
47 1473
396 1824
429 2602
203 1422
134 4850
323 2937
366 846
5 1304
222 3868
295 2562
76 1357
326 49
205 2593
297 4744
382 4009
420 991
