820 820
5 3120
295 2463
100 3702
150 4335
289 4639
168 4989
65 809
375 2969
332 3663
298 3596
332 1673
105 1117
218 2517
284 2871
318 2368
202 3875
340 2710
361 751
251 3484
318 3694
49 4286
259 796
81 314
101 1414
38 2811
137 4122
300 935
273 1743
235 1266
246 601
164 54
131 1252
78 1004
317 465
117 1690
78 3049
122 1779
44 2110
177 780
279 2481
118 2386
371 4597
362 2559
280 2233
299 2692
285 2699
290 225
161 4870
113 3833
326 3187
226 2052
286 3206
170 3904
6 1093
91 3500
277 3084
189 2249
343 4664
75 3321
115 3036
49 129
130 2136
234 4257
250 2135
194 2995
134 3272
30 1690
318 1101
376 4441
29 1409
97 3349
92 3582
4 4888
198 3649
272 3896
261 2937
144 1144
179 771
106 4002
234 3476
142 179
85 4315
82 2090
105 4456
201 3381
241 214
395 2985
196 344
330 2945
362 4748
134 1958
234 2057
33 1569
81 1444
403 3492
41 1319
81 2640
229 98
129 1887
137 2907
17 244
94 4468
58 2400
166 1420
277 635
87 1467
260 2030
164 3023
68 831
92 3673
175 4495
279 1282
132 2566
273 2002
312 1024
298 2525
258 357
43 1629
191 2277
125 1931
96 4444
196 2041
144 860
183 429
299 234
237 1433
397 1716
192 818
207 4360
298 2986
392 4358
204 4547
224 3327
43 1975
95 3518
46 4146
190 765
173 3922
299 2163
102 4067
126 3769
38 3406
159 368
374 2899
331 4040
126 1503
116 352
258 4181
243 383
43 4502
228 4726
203 4524
180 848
245 4546
118 2412
168 1636
344 1114
41 586
190 4450
291 4184
228 2630
67 1829
347 3957
382 205
220 431
137 494
75 4249
166 4799
108 759
186 3815
383 959
178 4026
79 336
281 3045
93 3752
180 1485
292 4809
117 3399
205 4733
144 765
354 2046
25 1802
71 2321
298 4987
353 1888
84 2943
302 2960
356 1408
271 952
3 2537
32 1966
207 52
60 3158
229 961
95 4047
396 1058
103 3124
319 3091
246 2527
171 2884
289 783
305 2498
197 1978
50 806
395 1690
268 3477
390 4203
358 1193
169 3829
33 3942
244 3449
131 4388
81 2834
65 645
379 4911
4 3743
377 418
180 4978
331 2066
397 4929
313 3577
344 376
316 3789
266 2125
224 2498
162 2157
381 2116
331 4791
366 2484
99 1583
15 4116
342 3489
231 1170
403 532
401 1261
126 4248
249 3280
89 1882
149 2025
258 3741
35 2390
11 3940
144 995
332 2696
83 992
313 3272
103 229
121 1649
380 2651
341 62
19 3828
257 3585
302 4589
55 815
65 3331
289 2493
87 4881
5 2319
275 1858
176 4596
205 1824
258 3711
7 3638
308 998
273 298
296 1137
382 1651
285 4245
56 1090
142 1306
298 1404
293 3311
313 2339
213 2970
343 323
128 2685
203 1920
147 2229
313 4661
266 4962
323 1286
334 2325
342 1473
194 3533
193 2150
103 2125
327 3810
285 2617
310 3717
174 1058
160 3390
157 4392
332 3929
115 3516
157 2550
17 3293
158 2784
49 4213
380 1085
388 1086
364 4450
241 1184
275 3898
306 3933
201 283
94 2432
146 3291
308 2440
101 4093
4 2898
21 4253
350 165
253 4486
169 2415
139 4315
261 879
46 2717
347 2555
307 371
200 104
386 1535
211 4644
51 4227
151 3549
73 4031
384 613
94 4129
2 45
386 2392
280 611
347 4762
98 4529
289 2516
11 4962
119 2764
206 3844
42 3377
252 710
301 4947
208 1381
215 1460
73 1551
94 4032
26 488
111 3532
90 1210
257 3658
192 3251
385 4216
366 2634
124 4920
198 4785
310 3629
142 1631
165 3518
73 449
169 1318
105 1827
131 4531
367 4570
159 3031
51 2480
246 4890
312 4642
67 883
262 3046
156 3751
210 1571
252 4956
79 2671
355 1951
320 2564
325 3009
294 2415
53 2188
136 3785
286 4526
88 4613
127 758
183 727
36 4750
334 1535
406 3831
227 4056
333 1148
125 2362
217 1875
26 3990
162 1086
295 1610
319 1694
162 2365
39 4974
249 1098
393 279
161 372
57 1858
172 4716
406 2232
98 801
70 607
159 1157
339 1528
285 4144
126 3670
230 110
322 2841
144 1878
64 260
300 2563
30 4859
202 4836
212 4266
225 2701
285 1271
360 116
224 2784
365 3729
47 494
164 3510
295 2927
69 2657
272 3638
198 791
348 2509
337 3186
366 3721
41 3934
232 3817
322 1394
253 1857
189 2106
382 194
55 1567
99 4792
59 130
365 3071
4 2785
253 1412
39 407
74 3371
117 2868
8 210
154 3125
123 4012
406 585
157 2553
72 1001
409 3517
360 4422
268 3746
283 1869
175 4037
147 5
69 1112
72 528
316 615
103 3903
356 3954
199 3434
114 3137
357 424
82 3061
371 3607
226 1297
365 1221
56 4667
211 3183
326 4550
192 89
280 4251
1 1807
154 697
267 1389
199 4439
42 3806
180 1621
266 4366
215 4262
264 3199
175 4642
41 4316
140 2063
179 4527
181 350
136 189
348 3931
257 75
182 738
115 2978
38 4314
13 4144
140 466
60 2679
234 4561
182 4943
222 3440
379 1080
197 4883
85 233
405 3107
17 702
7 680
247 550
138 945
307 4974
230 3145
271 4100
257 3072
397 4998
287 2006
147 3350
236 2261
118 191
56 677
161 937
399 1953
335 3341
331 3230
128 395
58 139
131 1628
61 2256
144 3084
324 790
114 697
104 4074
87 4854
191 698
364 4734
49 4704
138 1649
7 4998
251 1293
252 1087
287 529
136 1706
283 352
93 3018
252 1357
119 1330
251 3918
159 1420
358 1947
287 2840
195 3237
273 1124
41 1362
200 2843
91 595
192 195
261 634
175 1430
218 1162
75 4771
58 632
90 1434
322 3962
117 1149
30 2114
402 3516
330 4493
40 4777
133 4583
272 2414
30 1368
284 3458
330 3321
245 4411
164 2147
157 2205
143 30
220 4656
343 925
361 3143
89 2035
344 3516
214 2853
80 3467
189 682
267 2224
163 1244
183 2791
124 281
353 3338
117 4290
310 1072
324 3879
142 4942
73 333
4 2889
376 1378
195 2849
91 3109
289 1242
311 1671
85 4242
332 3627
128 4688
154 2295
287 3181
215 4313
296 2117
343 759
380 829
125 4393
114 1045
182 4120
406 230
87 351
325 1781
25 3780
80 2791
378 1143
290 409
22 1142
352 4080
345 4247
161 4840
156 2643
183 35
227 4802
200 321
371 4947
310 3064
100 1951
140 4777
384 1673
125 625
306 3112
73 2904
111 1586
89 4975
175 2735
394 1730
259 1243
61 4329
2 535
268 4354
135 712
313 2364
268 220
375 2460
329 3546
171 3092
16 3709
294 4215
82 3106
308 3913
89 3377
94 1540
159 4040
367 1746
71 2291
350 3660
78 1662
94 317
269 2181
148 840
101 3737
356 1248
368 1581
395 4870
182 837
26 4829
291 2859
155 4785
395 4272
104 3611
389 4731
67 2798
108 679
96 3954
180 4318
191 3040
351 2009
317 794
323 1127
166 1143
172 2379
52 1332
29 2790
364 2744
351 2885
124 4648
330 336
275 1841
350 4822
277 3874
123 4647
151 2154
351 2381
65 2858
132 3988
376 4246
254 992
378 41
317 3729
40 1946
146 455
357 3225
252 1081
301 4647
88 3665
126 1991
385 10
239 1107
192 301
341 3201
400 1661
288 2444
255 381
175 1026
86 4143
84 726
42 4657
75 4786
111 2071
97 1626
68 3913
344 1325
10 625
8 729
363 3025
75 1104
73 1165
272 4181
274 3575
358 2042
111 2982
225 1514
238 15
234 2950
244 1261
247 4348
395 3654
100 4588
273 661
97 922
134 496
84 4585
395 4478
379 91
345 2591
359 1819
302 2206
290 3705
333 3985
161 4140
92 3268
263 3996
119 2184
167 307
90 2722
288 811
313 3163
300 559
99 358
177 268
89 2221
58 863
43 1969
277 1792
232 1399
284 1513
212 3257
126 4836
246 1424
3 2338
86 4806
141 3996
255 4970
141 48
186 4063
327 524
151 2079
229 3434
247 1670
221 502
58 2555
155 2714
72 4155
175 2970
399 3684
262 2209
327 2188
368 1972
6 3513
351 3598
272 3631
154 1920
134 1676
182 1874
169 888
12 2495
233 4729
404 3397
70 3519
91 1387
223 1789
262 2230
279 686
296 956
307 2618
35 3769
116 353
371 1436
343 1588
273 1248
221 4015
124 4922
98 4750
64 4766
290 2739
297 1720
301 4356
40 778
102 2383
352 643
271 3557
