444 444
81 2704
112 2585
172 3291
144 2824
205 1430
180 3728
59 4291
20 737
144 3130
119 4457
148 469
50 3094
34 4053
35 2724
82 4345
42 1055
111 1861
5 1133
17 2781
217 4574
92 1334
214 4321
90 3938
179 402
170 1826
19 350
6 411
80 4665
108 2365
84 2450
100 2930
54 2452
21 1949
193 3919
140 1031
77 392
87 3
119 530
117 2868
208 666
17 2094
71 4706
213 2486
163 2974
98 4495
85 2728
43 4858
109 40
220 2447
143 2413
104 4277
94 2582
208 3420
110 3564
40 1759
148 4343
126 251
44 2416
167 4962
185 3259
47 1398
55 3053
95 1764
8 4579
97 127
1 4819
51 3648
128 2861
170 787
46 1976
219 691
101 952
16 1479
181 1046
153 789
75 3587
60 2
39 2145
21 3518
41 510
91 2700
175 4185
144 1484
118 2082
74 1216
177 2905
117 2041
189 1613
173 770
34 4114
89 178
167 4790
106 2285
185 1540
42 981
146 1196
54 2717
66 3169
62 937
21 678
84 4209
218 1735
16 1683
208 3004
17 4685
53 3546
14 1372
219 915
139 1365
196 2191
180 4404
104 2126
2 2988
62 2023
45 2633
177 904
43 2540
172 2680
42 3143
48 1927
184 1881
182 571
219 2896
152 3377
121 4484
142 3103
87 1558
106 813
125 1447
113 2913
219 559
134 3599
188 1553
207 3361
58 1592
214 4336
81 2895
201 3851
96 3631
93 1181
3 366
72 623
26 2130
31 3316
177 2252
110 68
150 4003
107 694
188 3338
78 715
145 4690
2 3928
71 1464
80 2436
95 871
12 3511
188 3664
126 3364
62 3412
107 999
69 4949
46 1568
147 1770
37 4152
128 3061
63 4521
58 3376
211 2010
196 1796
97 2752
2 3232
140 279
71 285
61 2052
22 9
183 2188
136 3893
43 4515
79 342
195 2159
93 854
97 1716
133 953
178 1395
15 4151
209 4185
95 4441
95 3833
37 4586
116 2397
96 1457
174 304
45 166
155 3618
114 1928
116 2492
121 2660
213 3675
113 4172
119 854
58 1053
45 1026
60 4616
143 4145
189 981
39 3260
23 3343
31 741
102 1577
66 599
105 18
219 2612
123 202
214 1870
36 2143
208 309
70 924
169 4661
129 4888
186 2864
199 3445
133 305
51 2766
137 2172
211 2612
34 4097
188 2236
117 4239
120 886
204 165
149 2889
150 1002
94 4420
129 651
199 4165
221 4595
119 2405
208 2617
150 4748
38 267
97 429
66 3537
169 2984
133 2420
66 4041
102 2428
178 1485
162 4918
68 9
124 4952
186 1931
124 1488
152 2538
154 3282
40 1508
139 3481
97 3353
181 4154
95 2103
36 2202
40 4032
141 3808
107 4824
66 4957
25 1799
145 3541
165 627
164 797
107 1850
11 425
108 3878
178 2112
24 2725
137 2455
151 2979
30 1643
161 2167
68 1149
106 3646
75 2197
84 4841
170 618
44 3349
133 35
17 4646
89 599
29 4215
116 2820
201 1378
27 965
193 3639
171 3102
41 3471
221 560
79 3163
211 3385
51 1614
179 1328
82 4226
41 4790
48 707
114 3750
123 310
167 3766
116 987
195 4128
186 1309
187 3143
115 1184
2 1589
29 3753
84 1206
121 3478
132 2555
50 4714
103 4193
4 1078
147 2240
183 863
8 4513
5 3521
55 1832
47 2194
43 1521
140 278
150 567
4 4117
127 2264
173 4955
99 4062
44 2575
8 4243
178 1999
111 3628
173 161
166 2078
73 3130
35 3013
48 2229
17 3671
184 314
128 2886
63 1573
74 2662
207 3641
16 1507
142 2927
108 696
153 2365
181 2627
175 4138
151 3017
16 2678
95 4323
146 885
128 4744
109 3586
2 1052
216 3334
181 4232
1 3901
77 183
74 509
11 4333
103 49
191 3632
9 3444
191 1424
85 1679
93 2240
50 330
123 3058
146 3668
58 3698
54 1699
52 2451
137 4763
215 4850
89 3249
33 4378
189 1163
60 945
30 4437
191 717
174 4635
134 2647
179 1267
201 4589
15 4306
50 1018
74 3151
217 1841
145 106
119 2236
50 1064
210 371
209 2758
215 3989
36 3501
48 4489
121 4157
118 658
178 169
168 3216
9 4681
71 3112
174 1366
71 7
78 521
144 4716
201 3532
70 4601
102 1331
132 3936
98 4102
134 2982
162 52
108 2463
45 582
216 3089
88 1506
67 1744
57 192
165 963
184 4526
41 4099
71 425
128 4575
25 4386
101 3097
84 2441
62 1109
6 842
52 162
17 3104
210 3270
90 494
58 1938
142 592
112 4491
178 1022
31 2026
205 4773
123 1830
