852 852
123 4754
227 1619
330 1010
221 2105
166 4633
345 2252
36 549
381 3117
265 2513
212 522
329 1500
394 475
298 1666
316 4521
243 3091
218 2878
177 1875
418 928
160 1289
423 3004
110 2529
410 2264
90 869
214 2624
412 2960
180 2436
54 1759
419 4604
237 4593
111 895
286 1480
272 1526
263 2568
111 1881
300 2314
382 4255
203 3725
378 285
375 2584
240 4961
223 624
81 4838
246 2203
124 4748
47 3372
184 3535
149 168
200 24
340 4554
326 4267
303 1516
192 2807
108 3403
316 1150
258 3559
424 3855
78 4425
302 2849
78 1638
170 1215
212 2583
422 2467
207 3870
288 2375
28 3389
323 4417
278 3039
291 2680
384 3937
89 1901
116 1968
115 3660
381 2613
62 1090
4 2726
206 3469
90 3303
396 585
256 4003
271 3313
424 751
237 303
360 42
421 386
95 2394
181 4103
47 2306
60 4119
287 999
126 641
119 3319
168 2445
383 3253
38 1204
260 4047
384 3281
142 2785
399 4349
344 3908
49 3955
292 3399
311 565
59 4472
108 2816
308 2609
160 4603
190 1249
393 1619
71 890
101 2966
376 1168
419 1632
100 2079
271 223
363 520
30 4279
388 4371
131 1267
106 1385
92 3368
260 2618
165 2187
274 4145
239 2281
153 2800
291 1627
98 1112
156 2807
245 3116
11 692
31 2868
126 4302
130 4945
11 2394
339 2074
71 2454
422 3180
110 3481
366 1898
47 2837
26 2356
366 139
204 3635
316 1174
422 3304
195 972
259 1468
348 4846
284 4386
323 404
339 1284
86 281
50 4903
20 4839
86 1217
307 36
359 3996
249 3168
305 4339
64 3750
339 2244
382 1602
186 4321
163 805
69 841
193 50
73 4262
349 3971
161 1864
282 2397
61 1223
272 96
273 4722
313 4306
24 4377
31 2979
354 3388
369 873
404 1611
105 1888
13 510
410 3727
283 100
245 1709
22 3436
152 2105
106 2941
205 2063
41 1409
396 2173
176 4148
212 2716
120 2324
208 4243
191 2987
264 4720
82 414
283 488
166 335
98 2628
405 1797
11 3607
303 4793
403 3649
146 700
29 4345
176 1392
149 3075
251 264
387 2202
325 3003
252 1956
302 2502
200 1560
37 4628
214 532
169 1623
72 1519
396 4357
372 4792
292 592
403 3525
94 2567
375 1844
96 4525
40 1958
184 2088
289 2926
153 95
232 2157
364 4236
178 1212
55 4902
148 2241
407 4534
44 1486
297 3357
335 625
150 435
183 2407
144 738
133 1559
287 1485
232 2538
23 1236
416 878
31 3299
288 1999
284 4601
159 3604
73 3492
14 1336
320 3854
85 3097
375 4299
214 3347
182 2173
291 2189
259 3633
310 3715
87 1959
397 4312
425 841
123 2010
43 353
142 4720
365 1698
404 2250
215 2794
337 3255
277 1999
28 1945
26 4516
418 4529
293 365
377 3744
41 2890
317 4947
285 1686
332 730
248 3428
303 4067
219 3162
230 4159
325 3906
125 4553
261 1333
352 1866
62 2399
69 3637
14 4872
149 4541
311 4446
225 3598
415 4208
364 1896
5 1085
326 571
14 838
262 2506
186 2377
270 88
405 712
332 2192
75 4428
301 4785
62 1763
100 1923
313 992
19 337
161 3778
233 3248
264 945
78 2100
360 4053
284 3151
331 2079
63 372
230 4828
372 2268
41 1058
398 3878
270 2087
157 2013
290 785
390 4384
309 2628
109 4143
236 144
358 596
333 1366
68 3906
212 1269
51 3448
349 1417
302 2174
392 248
383 3917
359 1428
399 3955
382 2624
25 4095
4 692
164 3421
315 3369
110 3783
363 3508
41 4351
36 4263
48 1315
304 3898
294 2798
354 1229
37 2155
12 4181
342 2110
314 3147
232 1047
51 610
317 3793
316 1868
195 2429
43 1291
33 3333
158 381
70 3233
380 1312
237 1786
12 719
177 992
414 3120
50 2374
89 2593
231 1816
261 1796
321 3870
339 2775
367 4355
190 2605
300 69
345 1179
409 4704
76 622
229 4695
218 668
378 3711
121 4445
247 3092
125 3691
51 2940
18 3146
118 3458
419 4602
374 4266
244 1994
314 2985
130 3995
343 938
67 1132
276 4139
5 510
72 4060
255 3319
297 2952
381 1870
395 3735
44 2564
234 99
316 4792
409 241
72 891
335 3186
137 3998
205 3264
262 2446
10 3575
338 1958
124 3766
8 1891
331 3130
369 2055
194 2203
15 4369
317 3743
219 2923
244 1656
52 1121
105 4095
7 3305
188 2012
382 1522
273 2221
205 3367
314 89
112 3098
129 4515
383 432
385 325
213 1171
164 201
233 1754
58 2806
1 1031
46 4413
289 1201
274 2704
13 4632
242 4282
415 3653
98 1813
306 1108
379 2058
366 467
214 4582
71 339
355 3568
348 1582
251 3759
24 2382
359 3129
203 3110
395 3225
386 1930
398 338
100 1933
56 516
312 2099
382 1937
266 2529
51 63
287 4048
355 4038
260 3057
350 2956
417 419
421 4890
274 819
114 298
338 3731
17 546
113 2880
228 83
244 230
209 1947
37 7
20 4312
362 1022
40 3120
289 480
15 4434
133 2898
61 4169
176 4531
165 402
244 3727
304 3870
31 2255
315 4833
229 2016
299 3577
135 4411
124 1225
202 1902
353 2134
214 2047
246 717
400 2321
162 2761
86 3936
312 3880
238 1064
346 3448
12 4817
98 171
209 205
8 4961
108 1081
247 926
386 2067
337 3204
344 853
212 1192
263 4373
128 3949
17 1729
297 4772
125 1739
316 4073
253 4828
69 410
87 1759
351 3407
12 4544
414 2729
97 1076
32 995
228 2677
76 4324
132 4828
77 4205
53 369
141 1528
198 2420
218 4680
157 442
116 2147
129 2218
402 170
246 1348
378 900
2 2123
34 1050
363 1255
260 4301
255 4812
19 758
271 2081
295 772
341 4177
340 2891
202 580
293 371
181 2339
344 2875
204 877
65 4877
384 1875
334 859
184 4926
369 3495
271 2812
274 962
350 3057
186 1219
230 2132
167 2240
339 2577
16 3371
411 3292
347 1787
255 4808
317 4710
422 3462
372 1815
31 4944
290 3424
207 3359
70 4034
208 1658
261 4498
256 1433
126 3101
74 2758
36 4661
245 1924
222 433
242 69
373 1518
257 3943
314 391
131 4439
72 1516
406 59
50 2628
85 3031
162 2134
330 3326
241 383
147 1514
33 3074
238 731
280 1179
232 2498
194 2778
213 1141
143 4075
376 2192
314 4995
58 915
224 1564
258 1490
190 3310
156 4605
217 1252
268 925
112 4393
361 3216
67 4108
48 3801
143 4363
298 3390
58 285
325 2916
46 2569
127 2171
97 4107
326 4522
243 3573
386 1770
125 943
175 4690
417 176
350 4366
315 2824
326 4970
156 3458
32 4050
178 1417
337 1740
410 3111
374 1409
337 663
104 3984
417 3885
107 4742
190 1072
204 4922
125 414
236 435
145 1637
195 4028
224 2299
304 2455
128 1027
263 140
365 2343
338 4909
235 838
218 2138
156 3089
32 4747
54 1640
6 447
307 3043
72 4421
281 2977
258 3900
125 3900
253 3484
309 4999
163 827
149 4290
251 1596
340 3240
142 2643
6 636
243 3986
124 2582
99 3169
214 1523
366 1017
391 4258
109 1482
91 1045
419 1126
44 3182
344 1247
130 1329
384 4870
117 2241
355 244
37 1866
163 2817
211 1457
193 3612
421 3179
419 3201
179 2720
155 1116
218 347
276 3637
80 2636
365 254
115 1763
311 3597
164 2314
123 3628
173 3982
5 2704
315 3474
239 3171
30 1938
394 3299
352 2318
128 2771
402 2316
61 802
76 1435
102 4430
86 2469
317 924
157 392
139 719
323 4875
308 3636
390 4117
187 2655
354 4866
84 2410
97 144
98 1378
294 3651
47 3779
320 3353
23 4444
227 32
52 417
312 2506
235 1744
343 4143
161 2966
287 3577
302 3117
314 714
67 1763
312 4352
11 2119
297 1924
104 49
163 214
70 1365
303 3679
189 3356
207 1692
184 2277
378 3114
98 4201
87 4830
164 1813
294 1875
290 4209
250 2955
212 1019
159 1854
166 1556
205 3895
301 446
92 2662
162 4853
114 1255
115 3423
210 3706
396 1133
399 4231
117 3369
399 2519
210 2988
104 3112
92 4797
316 3924
143 3404
269 193
227 4656
304 4456
314 1005
72 999
275 2947
36 4855
160 421
37 4957
23 1092
329 1437
176 2146
112 534
105 4431
23 2389
146 2066
248 58
333 2937
281 1287
352 993
181 35
94 1345
76 1657
199 164
246 2940
403 714
415 4616
25 1115
220 1911
215 653
353 2798
276 3588
237 4343
96 4264
38 4223
152 2157
17 4767
153 2638
330 4042
157 436
236 903
80 3693
329 1135
54 4783
226 668
303 3256
143 981
366 2709
70 2356
370 4300
88 849
172 1268
388 1056
206 3708
166 4772
371 3372
419 2637
173 4589
405 3857
86 1549
194 639
