889 889
329 4363
214 2559
52 4489
191 2718
5 1436
227 743
168 4719
141 3961
370 2730
157 3050
422 1413
222 3401
220 723
196 3414
130 2355
130 2404
55 2066
360 2472
417 4310
186 737
65 1658
385 2584
9 3622
210 4710
187 497
66 3277
151 4595
33 4597
415 2542
145 3533
416 1135
409 3201
81 3089
391 2005
227 2919
368 4465
425 2545
427 1191
133 797
149 3480
266 1866
222 3877
158 2358
157 3144
395 4220
139 2749
71 4935
7 4457
202 4670
405 3061
30 2358
172 2812
118 1461
308 1474
182 3139
180 2547
143 168
56 1561
208 2053
261 1199
389 4560
339 2936
268 3228
32 2118
171 510
409 794
188 1537
351 4704
355 4505
2 662
82 3884
405 4692
192 3511
172 2675
288 193
26 4496
389 2625
415 3996
371 3373
46 4251
119 195
312 1693
351 2522
130 4870
220 2519
88 3596
409 4960
109 2687
247 927
234 2353
326 983
161 4368
168 1652
271 2730
326 3698
46 2513
364 2668
283 4646
310 2654
230 4708
199 1362
159 992
397 3907
196 2954
437 4054
256 1707
137 4878
210 1052
40 2024
406 2463
283 4619
256 2239
257 688
12 2077
434 2517
341 3435
303 3032
436 1186
230 3469
216 2719
437 2508
151 1415
1 1436
155 2865
440 1835
238 2143
289 966
238 2148
35 2470
403 2503
182 2913
184 2014
35 2439
256 3007
242 3453
346 397
106 4614
303 3194
121 878
232 3494
186 1093
119 211
250 4958
253 4350
256 1652
17 61
50 1775
161 3385
204 4957
376 3112
111 1584
221 1718
149 1083
17 2548
115 3492
149 3681
141 633
292 791
432 1711
178 1357
234 4719
207 3961
21 1363
116 463
313 2165
319 1725
346 1982
375 3345
299 3158
178 1481
401 1158
105 4599
369 2836
200 2146
9 1960
57 3079
193 3988
329 4188
167 1268
78 4817
200 3685
244 2328
238 2963
134 1561
27 245
259 3525
125 319
390 3297
285 1920
284 1070
372 3895
93 845
211 798
76 2569
272 4928
306 3954
374 2905
405 4653
295 2683
419 1157
144 3488
124 3208
285 1643
53 3539
218 4895
282 4013
151 3946
24 1194
334 4800
302 1152
188 890
285 822
210 3872
46 77
368 3402
268 1523
218 2868
154 1972
423 549
72 2290
437 4860
407 1612
293 4767
94 607
382 3815
14 3554
237 1059
39 2754
337 2029
95 2202
313 1902
268 4215
27 2253
258 1979
103 3966
83 1258
117 1038
52 4932
391 3527
388 1197
98 2561
95 1125
123 4289
421 4297
430 1213
187 4587
193 1185
307 4117
190 1319
279 4553
268 3798
421 1013
332 3814
315 1402
259 3610
321 4808
179 4290
13 4611
371 4220
392 4863
196 4682
330 1177
344 4518
24 1286
363 3968
132 2763
24 3528
342 3408
433 3399
299 1462
55 2223
183 832
324 2551
24 2382
313 127
170 1058
373 2169
290 2977
300 3110
395 1522
218 2344
159 2889
169 4988
280 4306
113 1772
375 4960
128 3400
439 474
146 4618
244 4915
141 3058
98 2995
9 959
319 4901
190 2817
5 4070
138 1260
213 4053
355 762
33 4152
333 2966
230 3455
100 240
252 1256
46 672
91 4007
430 4321
274 403
440 493
92 1973
437 3322
110 2745
52 4647
434 511
308 1868
5 1565
441 4990
156 335
311 3207
256 1049
238 4971
94 4544
422 632
241 1275
30 3314
86 2787
345 1827
346 512
308 802
38 3687
83 1408
172 1937
311 2193
206 3324
368 2346
293 459
304 3600
142 2624
352 1815
19 2034
173 2531
231 4250
366 1144
440 4734
246 3415
229 4370
133 4784
179 2487
296 2049
289 811
238 2459
16 3953
417 3376
253 3095
218 1237
276 3962
425 1695
302 1397
301 1668
35 3767
364 3246
72 3027
282 3094
106 3515
352 3562
147 3809
362 3183
436 2206
138 4913
330 2985
306 1994
371 1757
72 4389
396 3498
162 1351
253 2725
5 2107
190 1460
367 1860
280 3605
355 3865
378 2520
139 3516
324 355
42 291
5 3399
411 4360
420 707
249 4473
352 4522
308 800
154 3481
67 3739
378 1203
116 1486
40 3525
433 1047
369 1705
309 523
207 270
91 3033
91 2372
359 18
61 2417
325 633
387 1699
26 1956
17 4964
245 1941
351 4201
299 3980
402 3833
56 2405
369 1845
391 1213
285 4560
14 4864
217 4102
144 4334
49 503
369 2660
386 3673
367 2438
293 970
316 2000
139 3159
31 533
179 1210
187 317
67 1697
79 897
294 3174
164 1182
402 3861
33 1815
429 3167
99 1146
358 2396
133 3867
359 4985
326 1765
25 4755
262 4376
60 595
205 4558
79 3026
371 2911
136 4008
297 2426
217 2903
268 3370
104 3311
437 102
6 3877
296 4105
277 4433
289 1107
104 3042
185 1505
380 3392
254 1542
251 1854
231 1510
414 1118
169 2081
214 1134
257 3420
2 2674
81 4828
104 819
2 4682
259 3780
299 3436
73 2744
62 149
202 1295
349 2372
95 3237
73 3027
55 4636
255 4099
352 91
39 873
206 2255
424 537
408 4625
112 3504
225 3214
148 3498
55 4745
160 3158
177 1987
405 4717
105 976
333 3660
110 3990
89 2939
259 1380
184 4514
336 2933
256 1240
45 4254
337 4623
45 1230
131 2527
299 3712
191 421
339 768
252 4662
128 3826
358 3166
418 225
247 792
238 946
305 3589
295 2415
316 3014
411 3585
135 2171
38 650
384 694
97 91
223 2052
117 3758
126 3759
251 2815
402 2624
152 4323
235 4111
289 2043
70 72
257 1034
256 3665
161 2176
69 125
293 2540
374 144
212 3348
432 3723
355 2382
213 3783
63 1283
110 4512
408 1108
266 3305
381 2663
254 1278
23 2972
46 3304
290 2066
435 1795
18 49
262 4359
249 146
283 2704
171 4820
316 2534
346 3601
179 738
147 3819
303 31
224 3710
146 1191
205 1480
189 4471
295 1289
299 2595
169 3394
392 3310
96 1775
347 1688
117 3374
161 2919
361 1120
34 15
443 262
385 4415
368 1205
215 3845
12 3579
6 3207
350 4659
320 3524
244 1589
191 1621
223 3068
125 621
40 1202
319 3966
358 713
181 3883
418 2723
47 422
84 1039
311 4705
11 3205
287 2216
157 4717
141 2115
327 270
382 3731
137 144
359 1574
1 2500
242 781
67 1889
93 4582
46 629
329 1093
91 4004
261 3475
248 673
427 1044
66 4585
21 2925
33 4874
132 2081
74 1863
243 4894
368 2133
174 2644
426 995
10 1694
400 899
98 1541
227 1656
203 2617
197 4733
19 2372
102 4610
51 4900
394 3746
84 2258
200 2568
418 4836
219 2759
340 1908
216 2909
256 1846
160 2571
397 1514
203 4421
220 3584
291 2633
273 3046
50 2915
225 4048
280 1623
173 3117
14 1579
300 143
242 3869
416 2254
74 4938
147 1602
398 3664
21 3448
41 2604
397 1313
291 4922
139 930
220 1969
284 2419
346 4310
372 2267
90 4537
111 4701
329 1722
79 3611
143 116
302 2104
327 4996
415 3317
322 2065
24 1512
400 4376
441 669
391 3506
284 1291
402 3830
280 222
223 1031
436 3700
41 1564
137 3172
250 3867
435 4274
116 4352
226 1181
129 654
195 4498
437 2226
382 3235
336 2872
199 1032
370 4626
260 4008
251 1162
184 4974
178 1449
105 1757
286 1545
282 4933
213 1765
134 4641
122 926
170 2545
82 4120
58 4538
117 4975
60 1868
157 2591
369 3956
343 776
276 3348
322 4590
241 969
112 3978
235 4347
185 3659
22 3471
102 2934
235 1323
4 592
57 2329
263 2921
350 748
333 2984
326 460
343 4399
370 4224
330 3646
264 3638
304 1217
419 1371
53 4931
333 2357
401 418
280 2048
90 2389
407 1122
192 2695
128 3042
176 2906
51 2077
79 1308
47 2341
248 1
395 1912
1 3063
150 1258
12 3487
353 2466
211 3787
33 1676
123 1094
411 1274
210 3212
186 3935
411 2090
45 1060
427 2224
352 2385
121 1551
144 1220
76 1432
4 3194
79 1520
408 4665
20 905
339 3837
232 1468
298 1057
225 1413
416 2836
174 4714
112 296
108 911
235 2192
296 3487
205 4255
159 1676
374 682
104 2870
314 4564
68 425
347 2225
109 4675
114 4663
25 2506
318 1245
357 650
26 222
212 2391
374 4732
319 1842
6 4176
96 1925
409 4550
33 3332
142 3849
11 2113
281 4138
17 1073
248 4806
301 1254
441 1058
336 4553
373 2478
178 3472
191 26
322 3803
378 395
55 4692
102 4949
7 2317
440 2024
182 1479
113 1807
41 968
340 593
235 2231
205 3972
71 901
439 1453
307 2356
33 3503
389 4095
361 107
43 3978
354 3735
279 1822
398 2339
1 1914
75 741
369 4671
287 2068
69 4690
150 1196
280 870
309 3413
196 3879
277 4364
152 2227
252 939
108 3724
343 4659
292 508
126 4016
281 212
322 1550
323 3149
61 4324
356 3243
19 3722
402 2180
282 2535
234 3684
419 26
412 3178
324 3250
240 4038
22 410
156 414
344 3548
86 4999
313 782
56 2272
96 488
412 3298
262 3931
192 2530
191 315
103 3858
49 3196
55 4966
382 404
243 4604
176 2872
204 2095
12 289
202 4651
354 3738
31 12
363 1270
429 4284
52 1580
311 4833
395 4686
