763 763
345 3242
261 3875
231 1797
233 2505
181 1410
57 2850
239 1257
1 3530
48 2387
279 606
149 51
136 1889
9 2347
361 1595
202 2518
170 1795
15 4251
340 654
43 2902
332 35
105 1158
297 4240
114 4460
9 1107
115 1089
87 156
272 4407
186 4351
201 3902
321 4606
312 417
359 4790
20 3302
23 15
214 753
333 746
229 1355
243 3941
286 835
131 4992
285 1076
303 3738
96 1744
261 3215
357 1997
204 307
17 662
57 2383
49 3092
250 1585
362 793
161 1658
56 1593
212 1487
81 1273
261 531
334 4120
16 3219
125 1692
339 3777
233 483
19 3026
342 1334
288 1585
351 3964
232 1873
173 4754
87 144
99 1708
93 3231
79 1059
270 908
367 507
115 3384
327 556
284 3301
210 2721
70 2292
140 4596
214 3408
273 2654
140 2274
233 2291
4 1384
33 1734
129 695
96 2821
117 659
110 722
218 4607
264 3391
352 2426
232 1549
36 2643
328 1960
88 988
56 129
146 400
126 4937
331 3501
41 830
310 4
337 3482
209 73
106 3199
325 5000
95 306
38 1079
354 4993
275 3283
254 2729
145 666
137 800
241 253
118 2463
112 24
159 3143
232 3030
240 1831
64 4198
66 4101
255 3490
342 4011
299 224
368 4469
155 1775
320 2566
136 3079
151 4004
51 4733
212 1281
89 2366
178 2655
249 2372
50 4193
205 3900
157 1161
173 4943
12 3091
349 4741
99 4469
132 1931
103 1672
366 4400
265 3856
309 3878
33 1834
188 3634
328 2860
23 2534
209 1291
346 2641
332 1507
178 430
148 2901
189 1802
358 1654
43 153
47 100
290 4640
336 525
146 359
342 4437
334 1561
176 1673
145 1750
307 4868
284 3468
342 4113
225 867
76 4025
308 2962
170 1138
88 82
281 2548
172 3664
54 2768
270 2011
88 1344
189 59
17 2646
103 4573
57 646
91 2518
255 2589
232 2380
323 3790
52 2749
193 1314
377 951
21 1257
350 255
259 3125
104 746
88 1051
140 3187
18 95
229 2220
162 1159
18 344
204 2358
74 1748
336 3215
161 2906
64 1618
335 4617
146 116
36 4448
248 2234
243 1122
151 856
279 2476
186 345
156 2770
227 2745
167 4744
338 293
90 4510
206 129
220 2523
261 4833
101 4653
313 3519
54 3816
301 2174
286 4507
231 1992
323 1649
201 3583
334 3947
187 2843
343 3853
30 4300
262 3011
177 728
258 1474
214 2882
295 278
266 2412
135 2907
90 4437
20 4227
55 4020
143 1628
47 136
362 2132
361 830
191 1888
212 25
10 3169
293 4521
284 3869
220 4274
106 3715
210 4383
174 2527
316 1651
250 29
339 2165
139 1675
26 2413
347 4807
346 4621
367 3578
373 1612
286 3353
303 3009
115 2016
347 1188
340 3515
325 1801
81 3282
71 3622
152 2718
84 1468
260 2896
7 2461
116 1187
8 3955
206 1937
176 3240
191 598
9 4324
102 2847
101 4421
350 650
200 2887
326 2676
138 2419
142 232
77 913
200 1776
168 15
15 1216
142 2862
259 4451
304 3521
312 3194
363 3570
120 3778
191 394
62 4377
57 4381
278 285
297 1241
242 4974
329 3725
158 172
52 755
153 2432
204 624
312 3389
313 714
165 1526
312 581
271 1378
362 807
358 820
248 4755
126 3059
231 1385
202 2305
50 3012
196 950
45 4243
2 2355
269 1691
99 1408
381 2023
58 439
255 4637
152 1545
21 795
197 2913
83 4973
248 929
17 447
225 3787
196 1821
160 2466
67 4113
299 3032
107 3771
5 1961
180 3019
186 151
370 1265
64 198
296 4211
331 4817
8 3933
169 1676
235 3000
69 4305
374 2949
359 1743
223 2664
22 4918
124 1404
75 4350
322 646
36 1264
335 4759
63 1607
67 56
138 3795
73 2193
208 3374
71 3729
119 3052
78 3153
281 4043
214 35
184 1017
58 4269
143 1453
315 1701
84 1864
77 3907
148 3948
303 120
35 1187
107 1957
132 4912
131 1557
312 1017
141 2432
157 4240
38 779
128 2092
121 3112
371 202
185 3226
305 2983
315 2571
327 3491
14 316
148 1317
31 3909
227 186
1 3563
220 2897
311 1884
208 4373
132 426
292 590
236 1099
333 1872
345 4947
53 4947
212 1392
329 3473
345 4719
349 592
66 712
271 3562
151 277
279 4052
250 248
229 4208
303 1485
229 4311
345 4387
209 1302
39 4340
21 3077
110 2317
177 1735
364 1141
55 2981
143 3335
88 1616
184 1677
134 2435
224 68
266 214
111 1803
292 4618
52 578
56 2231
1 3228
268 3002
300 2354
230 1564
161 1201
360 4324
234 14
264 1118
351 4188
276 1741
59 992
108 4610
194 3108
303 3650
196 2939
13 3610
15 644
337 604
172 2904
54 4249
302 2487
372 1272
59 3084
38 586
178 1573
295 2491
343 505
200 3244
375 2925
31 4247
296 196
149 222
240 3224
236 3154
240 3411
45 4502
56 4027
309 2567
323 366
131 2681
342 4034
69 4021
298 765
122 760
244 2940
21 1354
171 4544
305 4042
142 427
103 488
33 4674
120 3389
15 2758
268 2703
119 180
260 2251
99 3097
363 4404
335 134
345 4722
163 2374
355 1801
176 2269
94 2082
235 2331
147 4857
53 3049
27 1544
296 711
244 4850
11 2704
52 1486
226 19
154 4259
178 3395
279 836
318 2119
222 4116
115 3621
87 2835
217 2236
243 1162
49 2144
232 3063
251 80
98 2066
56 3602
3 3250
343 1172
380 4561
101 4888
162 3677
264 1541
140 4831
30 3073
78 878
12 4667
271 1226
34 2126
178 193
57 2054
32 796
46 3513
78 3160
24 1340
286 2885
129 4606
124 4824
197 1576
222 532
122 3171
309 3852
222 3879
150 1432
276 2404
146 1025
140 2777
160 3921
316 1785
260 647
11 2164
143 1296
117 1238
228 2354
85 1910
7 2146
28 200
42 4239
79 162
377 1076
64 4465
265 12
24 631
329 682
273 2450
360 2839
317 391
347 1338
59 2471
114 1280
360 3336
231 2840
269 4201
80 1935
60 2163
218 4920
34 1514
346 4224
239 2201
258 198
94 840
207 3473
344 1480
178 3195
231 3205
292 1755
184 1768
377 2277
321 1824
48 2437
311 3916
40 1927
274 3616
243 3661
40 2743
36 4617
256 2130
365 309
272 714
331 4965
329 4220
316 594
365 4798
296 584
37 3412
206 1627
369 2252
299 3484
175 4291
100 2587
280 2038
140 2287
105 3906
52 456
112 132
47 3303
293 2864
303 38
308 3633
111 3288
15 1552
229 274
24 3542
344 4010
66 3445
270 1087
379 3898
155 4716
38 3073
256 4754
90 1672
326 3536
349 2985
307 803
355 452
317 2604
126 409
105 4552
29 1388
43 3898
210 278
370 4807
137 2610
80 2545
236 2229
178 4044
256 4068
366 4303
325 3219
142 4539
167 3013
158 4391
357 4322
182 2869
126 1450
41 595
335 81
342 4621
68 1299
356 937
142 893
287 978
108 2333
274 1716
147 489
280 4057
338 2277
347 2497
41 4526
142 3362
145 178
369 2400
191 1800
49 2083
356 2234
129 1449
279 3551
262 2482
341 293
23 3821
118 2032
340 4343
362 1311
262 1999
81 4578
326 2069
67 3895
290 4440
151 4064
299 1028
37 4152
187 2727
329 3694
166 3461
269 1012
169 3659
246 4491
241 771
378 3347
120 1012
156 1440
28 4982
146 1332
283 257
277 1027
329 3323
156 4018
247 552
279 3813
309 4723
107 1338
165 4880
328 3828
46 1885
145 276
260 1939
206 4192
279 3209
277 1189
41 774
176 3042
42 2933
133 4439
10 452
374 2846
64 3083
174 3588
169 675
270 194
106 4390
149 1077
297 3903
227 3712
221 4523
58 1668
275 1448
23 597
50 2177
313 3228
328 2473
33 4697
291 2639
167 499
157 1574
160 65
45 101
215 3241
246 887
293 821
220 203
213 2405
82 3660
68 1008
