653 653
262 602
301 1020
286 4563
121 3261
30 1285
180 4007
165 4355
134 3695
10 4050
35 4974
92 13
144 276
222 373
290 934
283 2259
129 2604
50 971
23 4787
111 476
219 1264
308 3843
132 579
129 4104
167 4681
9 143
100 1320
236 4498
301 3527
104 3622
290 2991
236 2703
281 4094
288 855
9 658
195 1589
201 162
97 49
212 3791
57 1601
29 2558
201 4754
187 2302
47 3330
254 3726
280 358
299 211
211 3127
97 2579
73 1699
69 3531
13 743
80 1015
214 689
136 1823
9 991
189 177
197 1279
303 719
62 4754
122 3277
99 278
156 808
279 4063
211 2198
299 2231
231 80
38 854
264 1757
307 2832
87 1326
254 2655
82 934
87 2720
157 976
93 1107
255 3361
31 2493
169 3508
150 1617
179 4170
32 1109
20 1536
165 2260
253 2002
235 2772
266 3849
169 4741
287 4718
6 3124
162 3777
94 305
216 3906
243 1029
270 1749
282 1256
77 2994
288 564
283 2994
37 2496
249 2990
23 3783
147 4595
236 1619
250 2578
251 1297
314 4484
223 3944
75 368
262 2496
294 515
114 2133
266 2739
162 984
178 4310
22 564
176 2406
15 4166
326 1833
238 309
39 4742
33 3847
100 4758
147 768
140 829
114 1820
308 4628
295 4601
117 1345
288 4150
2 3619
304 600
267 4467
242 3594
121 4156
272 4029
298 3647
321 4935
141 494
122 245
80 976
41 2498
74 1098
164 4845
281 3995
117 2173
27 1980
214 208
47 2909
310 4883
188 105
186 4874
129 1145
281 79
39 1530
99 1818
278 4234
257 1889
142 4969
9 411
13 1179
96 4508
164 4351
80 433
100 3511
7 3500
241 3830
237 746
175 2253
113 4136
38 493
159 170
124 4260
208 3251
229 2281
155 283
326 548
59 1153
185 1506
174 1110
215 168
177 4934
58 875
18 321
304 1364
98 3630
226 3084
105 2943
276 873
18 4722
64 4625
285 2048
124 1470
212 3028
50 2655
202 3623
217 4117
124 300
215 554
283 2881
13 246
94 1817
309 2110
117 728
223 4136
190 2253
186 386
260 303
291 3186
271 4600
216 3340
162 1152
6 2561
272 2705
50 386
85 3971
56 4670
158 2050
52 4222
296 3731
74 4784
97 2267
233 3648
314 2445
46 4745
323 1029
188 2560
86 4192
275 4925
90 592
286 364
238 3571
140 438
100 736
108 1202
150 2685
236 3351
190 2010
204 450
9 2787
239 1490
151 1675
159 33
81 3457
308 2061
60 51
52 3454
312 3905
184 2846
84 2720
212 3702
172 3386
282 1404
3 3851
248 4732
192 1435
12 1218
250 1460
3 1605
292 4595
159 1038
136 2782
298 3673
255 2594
249 439
275 4864
251 1097
106 3657
247 4949
297 4767
268 2173
163 3786
321 3322
249 2333
43 1403
88 1491
38 1980
87 2373
259 2620
52 4057
163 4523
249 4416
290 3641
12 1581
306 1121
260 3225
60 1159
95 173
326 2372
21 4738
190 1409
29 1589
64 4933
190 1193
15 1242
20 3363
227 3545
72 4478
276 4913
211 4108
202 2684
216 2835
24 1164
92 2542
103 2240
312 1260
318 685
304 73
81 4558
241 2757
46 4450
165 897
300 533
317 3154
139 3533
115 708
252 635
111 4345
286 4189
320 2252
7 40
176 1880
1 3587
309 4679
266 1617
261 4682
17 306
194 1027
102 548
277 2028
104 1323
145 2137
175 950
185 4857
276 2631
153 116
232 542
113 629
189 3102
267 979
68 1396
324 3568
45 3240
278 1342
115 4265
136 1186
205 1114
24 3896
244 2481
312 2003
108 920
108 2393
215 740
134 3989
25 4202
295 4660
148 1699
308 4981
74 4690
268 2573
201 3965
4 785
188 2840
313 2960
122 1057
313 4173
144 4515
225 1593
240 804
298 2919
152 3206
269 2354
59 2110
325 446
40 1655
98 542
188 1941
323 2360
27 4475
140 4800
317 2442
199 780
120 4291
305 595
50 2171
130 1708
213 737
130 3161
207 1479
57 4947
78 3302
10 245
8 909
258 234
39 4783
145 413
52 3483
301 3182
226 616
218 316
35 361
213 1305
154 3864
277 2595
26 3620
35 4076
119 575
25 2395
50 2883
94 1145
41 3090
119 2695
174 4044
209 525
229 2274
241 2376
188 602
275 4837
278 3982
244 4141
184 4806
163 1687
288 1198
165 3151
77 2264
289 4454
59 4832
101 4537
23 2187
182 3202
27 3052
159 3261
245 462
167 3722
185 261
177 3334
93 3559
194 3454
269 395
154 1224
296 6
109 1731
112 3965
34 1650
164 1383
204 3710
48 4373
78 2502
313 949
11 3514
176 3791
3 4007
307 4035
225 2760
229 2644
159 1016
85 4727
195 537
196 2100
123 58
127 751
258 4845
76 2201
152 3155
227 3981
158 3652
61 3269
255 365
244 3745
236 1841
44 3899
106 4404
277 4613
214 432
140 4309
94 2471
49 1337
286 2806
236 1912
6 4238
107 3420
216 2917
42 218
13 3114
28 888
38 11
243 1556
321 2650
104 2016
291 976
157 3377
323 409
293 1569
87 4629
223 4923
49 4654
248 1840
152 2655
82 4655
113 2279
134 1992
287 1904
195 1642
30 2771
59 2772
36 122
265 2810
79 3385
296 2599
101 1372
21 2841
157 2907
301 1004
325 1662
164 1682
29 2850
137 3718
214 3137
286 1836
206 3921
167 66
8 4396
188 970
133 1748
142 3888
265 1348
151 3848
98 2761
70 2011
9 4254
242 3294
231 1058
174 4711
123 896
153 1097
64 459
261 3606
197 3872
159 1386
141 2171
227 1097
45 4789
318 4592
118 4250
77 3887
296 146
177 835
60 4125
208 690
62 4965
308 1629
18 3239
200 410
261 1559
153 2982
236 3442
197 3167
14 2140
310 2387
164 2372
20 3122
157 706
261 501
49 1092
16 1246
106 152
194 2673
203 716
285 2896
309 4298
138 564
229 4873
21 819
173 13
184 4640
38 2553
196 1926
248 2056
193 3129
115 4549
20 1977
136 3807
134 1604
164 3662
129 2379
272 2971
196 2466
229 3919
56 188
311 4266
92 3822
23 2868
239 3173
222 130
174 4691
81 1016
77 3311
175 4218
265 2089
269 2162
67 1907
251 4290
78 1906
295 4825
149 53
80 2162
83 3910
130 3014
147 3442
127 3192
164 4740
79 2958
69 640
288 1791
121 1480
285 102
123 2438
20 1832
147 3918
139 4162
2 2914
99 183
1 2239
192 2192
209 1028
229 70
17 1356
313 405
7 22
297 892
3 3468
71 4349
46 1246
305 925
268 560
113 2141
314 3692
27 2988
27 2982
156 1607
172 1117
69 4122
56 3422
248 132
151 2654
233 3797
126 2510
70 1736
293 2972
260 1966
226 3753
270 904
41 2616
287 2400
