202 202
8 6
90 227
27 1905
85 4915
56 1692
18 1937
44 643
64 55
41 4351
17 66
21 3394
44 1861
82 1470
15 4430
73 281
91 2723
19 1382
72 4743
12 2842
95 1534
93 4941
72 4199
97 4662
31 4894
59 590
90 2470
4 1416
14 2115
67 255
95 4784
41 2790
52 1949
7 502
91 2581
26 4507
31 254
82 798
35 339
32 416
69 2133
63 112
93 3862
22 3318
44 1591
52 2621
95 1151
20 3356
89 4223
85 282
35 1091
59 3196
15 4775
76 535
83 3320
44 3519
42 572
4 419
20 3489
20 4060
66 4191
96 1610
93 4063
100 2715
63 1811
87 3750
15 4873
17 458
61 568
88 1282
48 1244
87 3377
45 4670
97 3582
45 4414
68 844
6 1664
55 243
38 4948
90 4528
51 4986
68 2416
89 4448
47 1860
90 4840
34 1921
53 3643
1 890
24 1158
2 3496
27 417
16 4770
92 420
64 3839
12 4298
3 3525
25 4223
71 476
15 1477
5 1179
35 1888
77 363
9 3227
25 3018
69 409
65 574
28 3463
5 4606
18 4172
41 399
1 2349
93 364
47 1519
39 1030
5 480
37 2285
16 3662
17 4529
83 1418
61 603
5 4744
51 4141
32 4347
100 3564
71 643
46 1046
91 4782
24 282
37 2003
42 3302
33 3541
18 1126
86 3816
14 4224
22 3202
46 139
17 2301
9 2917
76 28
83 488
68 4466
88 1194
71 4889
17 1482
37 4303
28 2197
47 4385
17 4573
57 1166
41 1594
87 636
33 403
70 1940
22 4026
76 164
59 1140
8 3382
82 3952
43 2052
27 4047
15 152
37 2922
46 1610
22 3944
38 59
22 3239
82 4780
24 1422
53 4247
28 3399
67 3966
47 1475
21 4770
84 1092
55 2134
45 3852
91 917
3 918
76 1570
20 522
50 534
72 251
100 1268
91 1557
39 2172
36 30
79 4623
17 4843
48 1160
80 2145
96 1478
98 4562
29 3750
48 3578
97 3626
46 41
64 4352
54 2199
26 2269
16 2759
71 3064
64 2463
98 1886
