378 378
119 2582
139 1082
86 1830
74 766
119 3681
143 839
148 3575
186 1085
183 3200
164 522
115 4649
179 4646
164 3590
9 3650
166 2520
41 639
146 3337
3 2361
6 1023
9 2989
83 2268
164 3897
13 4497
155 852
86 194
44 3082
103 4118
88 4148
181 395
75 4205
84 1158
180 3501
136 2333
15 2307
71 4030
66 161
104 4773
112 4320
133 4745
4 4479
69 1849
28 3539
59 1081
68 1223
11 1686
151 4246
76 706
159 517
168 4794
93 4307
163 1536
131 4937
27 1361
7 3444
23 2662
125 239
121 3523
157 4140
176 3938
124 4705
42 4631
2 906
169 1631
114 4283
91 4612
19 2680
28 1650
106 2754
18 1495
58 3454
75 3195
146 2420
52 220
88 4435
86 4249
88 3815
188 300
47 1276
16 2427
166 1018
133 3760
100 4109
62 2219
128 3552
101 2384
143 2941
113 1540
95 1263
123 4182
183 4698
80 3241
88 2727
171 674
127 3244
71 3016
132 2595
102 3927
107 1602
61 1700
117 237
172 1183
144 845
105 1877
156 1199
153 4738
1 1379
27 4690
31 2455
160 4784
81 1926
163 4610
117 2200
35 2487
147 2069
129 3345
51 3758
83 294
176 4983
139 3538
130 810
169 1714
93 2982
180 4137
2 3302
46 1028
126 2220
175 2616
171 4313
182 4527
17 1214
53 4385
124 3712
11 4262
28 2696
20 4985
62 1054
160 3983
3 232
47 2903
146 2806
160 4331
17 640
25 112
127 3095
109 1535
8 1084
19 1717
121 1159
101 978
114 1510
164 3609
171 1429
113 4059
93 795
47 4859
13 4090
58 733
136 1039
178 2072
11 4784
79 2974
41 42
142 4637
179 2998
115 1527
150 685
14 3500
100 4087
115 3144
119 2695
33 448
28 2251
128 1838
20 2877
26 237
163 2952
26 2019
183 2848
59 4754
67 1436
122 2698
59 1191
162 977
2 1977
175 1119
99 759
121 4340
138 2876
39 640
180 124
9 3107
71 1766
76 2331
11 431
163 497
55 1733
89 150
64 1993
158 2382
55 796
150 2313
138 3261
79 1690
90 2016
140 2081
101 4727
27 2751
136 1023
67 557
75 2290
36 1448
135 2877
50 3290
58 3299
100 985
3 2431
78 3666
73 615
68 568
84 2767
173 383
101 3469
157 1479
72 399
115 2894
125 110
100 61
165 4631
186 3637
55 2059
180 3294
99 2720
2 3699
144 1058
121 2971
186 4482
31 1364
34 1381
87 483
81 3979
101 4441
130 3297
29 2055
86 1293
84 2105
48 3248
188 2670
21 4759
28 3879
158 3944
69 3664
104 2161
57 3621
36 4786
74 2290
125 2124
101 1641
23 4950
61 1763
119 1955
21 1748
148 616
110 2103
91 3734
11 2061
73 3658
107 632
28 2929
109 771
77 1957
182 1953
139 4827
2 4796
8 2370
164 623
74 2360
60 4020
85 2854
155 651
47 2920
134 750
186 4101
113 1431
136 2272
9 1646
171 3392
39 1202
16 56
69 789
79 753
23 1916
3 458
171 4231
170 1237
146 1867
43 4161
101 734
19 383
122 827
144 2508
112 1921
133 4175
149 4616
156 4203
56 4166
61 4138
28 669
140 3802
152 3314
59 3260
179 3699
98 4497
108 1163
172 1193
105 3327
140 232
89 1670
140 3163
184 2818
42 4949
19 2981
1 2664
152 3613
141 2454
97 2158
95 3603
38 2258
151 1585
126 1466
176 2780
21 1106
120 1098
25 1911
59 4619
128 4381
51 968
120 256
29 4739
21 3038
121 4255
8 141
29 1265
157 2648
102 4231
109 3674
49 2959
145 844
89 3690
95 999
153 2641
135 3882
11 4418
10 2633
38 253
96 740
76 2222
95 173
93 196
43 4782
122 3822
20 3966
71 3714
100 1256
109 10
46 10
48 915
32 675
12 3810
146 2149
110 3194
121 25
106 2216
100 1035
50 1273
90 3472
164 844
120 2385
57 2183
