281 281
25 1772
54 465
85 4472
21 677
92 1092
136 1850
63 2239
108 504
138 3278
129 1654
132 1176
111 4959
22 976
29 1929
67 600
131 552
5 1857
97 3986
100 684
8 428
31 2553
1 2440
137 3464
39 173
138 1959
101 4862
96 2034
30 837
96 1424
123 1354
124 762
56 3503
104 2569
139 3238
96 2381
42 4317
64 591
34 3083
77 904
41 2468
21 441
78 4530
126 2172
51 3406
112 1543
117 988
49 3740
108 3151
100 942
96 1458
85 1273
116 4395
60 2349
6 1491
17 4211
14 1943
22 1549
125 1031
80 4251
11 1192
96 4374
70 40
130 3012
94 606
91 2137
132 1164
60 2036
20 4935
109 4308
108 1130
71 4450
67 498
18 2849
26 4124
79 1753
45 2050
31 2427
37 1660
51 2242
84 751
14 3604
92 4864
112 2497
15 741
130 1810
114 4498
13 500
109 3788
44 4463
115 1598
111 1462
74 4822
5 4541
117 2336
48 4904
54 382
108 1809
52 1596
106 1350
39 4912
8 1343
17 4628
66 1509
89 4728
27 100
17 1563
96 926
20 2752
92 3545
20 3216
25 1264
85 2294
114 3676
25 2622
131 4388
11 4293
125 3286
35 4541
137 1248
133 3456
113 1359
127 2205
48 236
113 893
91 2315
22 352
67 3005
126 1877
118 2952
29 2721
116 3120
20 2847
121 2523
13 906
115 3841
30 2945
3 725
11 2882
16 1276
107 1596
37 412
59 3176
123 2416
2 695
108 720
34 4291
98 3790
43 926
128 4166
20 863
101 4780
111 1525
90 2712
38 4169
105 4132
77 685
123 731
4 4736
83 1675
94 3669
44 3086
88 3122
83 1496
53 1707
70 2357
80 443
62 2969
75 1344
32 3560
121 1888
4 818
35 4536
65 2046
56 3927
9 1963
96 1798
66 1600
52 1300
99 4401
47 2848
62 4686
81 4111
61 1414
100 2109
103 1480
60 1005
84 1407
99 2714
49 3455
67 1235
132 4922
76 3005
125 4958
50 2099
54 895
15 4128
92 796
12 312
78 2008
118 2697
45 1143
68 2028
124 1251
19 1962
8 3819
42 2932
75 527
126 2583
107 15
66 2567
7 325
132 3880
27 3627
45 1600
110 2606
105 4317
88 2652
34 4578
69 879
119 4693
67 3780
23 1165
24 2916
22 350
44 2062
133 3404
138 1117
114 3415
24 4299
10 144
107 194
66 1283
117 279
14 2576
43 4159
117 4107
131 4107
33 225
84 2432
78 947
65 2264
64 3585
85 3697
94 3721
110 2296
85 55
80 4266
17 4263
12 2081
13 3619
136 3250
43 256
114 1252
61 1729
43 1640
99 3387
95 3743
128 4408
115 2788
105 4480
56 1306
36 3777
88 4388
118 2709
116 1569
19 1239
4 1077
4 2014
121 101
130 3565
72 848
81 494
67 2709
28 1027
118 2058
108 312
64 1665
7 2479
48 4037
98 3378
39 4417
