586 586
177 1564
137 3473
90 344
254 4604
45 3678
271 3024
175 3818
262 3761
81 413
193 4198
53 3422
227 3133
100 287
270 1342
26 4707
10 1386
144 4411
241 991
263 1375
171 4281
246 342
136 925
133 1887
29 1150
280 3686
41 3493
65 3714
86 1517
254 4768
268 4336
159 354
71 2345
153 3509
95 3570
197 4083
77 4833
182 4400
118 2704
253 538
104 4073
249 4903
144 3781
202 4492
68 2785
287 4337
211 2873
261 1455
169 4608
163 1066
287 3399
226 4934
179 4692
173 2250
157 1606
131 601
137 2392
92 4607
278 1011
42 29
178 292
29 3312
37 1142
175 4523
236 1795
179 4012
32 2242
202 3519
275 2810
78 1693
256 3227
157 2298
177 3809
31 4506
121 1099
51 2840
52 4110
266 4801
142 3681
271 2402
208 215
19 1629
44 2053
40 3397
56 1881
33 1857
93 497
68 3254
127 2267
137 1649
57 2061
50 725
183 1167
210 217
185 810
192 749
80 1517
51 3673
250 3801
257 4045
4 806
17 318
237 4703
28 2185
290 171
289 882
47 121
131 3644
255 1039
2 2475
252 4676
167 3245
145 1374
117 1296
135 2678
276 1067
272 1993
78 949
64 105
209 4105
163 4156
274 432
9 1609
128 1804
144 2006
120 4641
64 2644
266 1891
225 4125
209 743
130 941
57 2807
237 695
104 788
191 2584
163 4032
212 1578
60 3709
22 388
163 1187
129 411
245 3925
116 2339
218 4598
229 1771
95 4568
258 739
200 761
100 4411
225 3533
44 3020
171 2303
177 2667
93 1487
160 4819
211 1484
102 1745
13 1888
291 3171
169 920
198 1958
175 2629
275 2173
241 1608
119 2029
155 19
259 2807
118 1142
202 1388
216 4244
268 4108
26 2202
15 1819
214 91
179 3411
234 1745
155 1033
116 50
84 1203
66 4359
90 4219
197 835
153 3228
275 3523
165 4027
187 2192
138 2601
107 1082
204 346
130 3165
236 1669
42 3298
148 283
59 4729
213 4619
153 1220
288 3021
8 4620
16 4133
34 4669
174 3508
237 3959
172 3681
122 3915
266 1507
183 733
266 2352
223 2463
106 2459
236 2789
100 3467
229 1679
223 2021
130 3432
153 273
177 23
227 2958
228 2381
263 2010
203 4683
265 4440
95 2862
164 3651
281 3395
29 2143
198 1549
173 2056
32 2938
169 3753
7 2405
144 4526
132 4953
214 1186
108 3570
223 185
37 1843
190 2170
103 1455
6 1262
203 934
144 4134
197 1417
225 258
162 4719
281 3190
172 3713
167 4829
25 4796
120 2123
107 820
259 2135
46 523
62 2417
194 1117
266 4480
272 1382
291 2678
5 516
174 276
241 3495
118 2882
267 1078
139 845
57 3762
181 2328
135 121
69 2082
255 2233
247 2524
286 213
210 893
14 3974
225 3619
113 1120
43 1921
238 2149
14 3200
255 4136
170 277
166 395
142 2171
45 3455
52 3372
108 2337
274 2078
110 557
262 2498
24 3401
285 538
194 3966
232 3688
51 2521
220 2660
235 3474
203 2624
29 4347
61 454
192 3849
203 23
41 4108
213 1471
228 596
166 3025
246 13
97 2386
134 2916
266 3826
64 1623
109 3087
220 4240
115 363
11 1153
276 3750
174 2628
119 2538
270 4792
58 1446
184 379
53 2231
55 2388
285 2490
216 2999
30 1867
214 4460
121 2531
273 277
274 1588
147 3954
93 2075
1 1949
72 3657
127 2603
73 4230
77 4475
45 4313
14 1859
43 1848
166 2809
201 926
74 4531
142 4044
167 4165
68 3298
102 4015
122 4249
48 2902
232 2324
248 4474
40 216
100 3454
81 2143
224 2331
31 42
273 3837
104 1791
133 1241
223 3390
287 3571
117 1891
23 2995
280 859
256 2215
199 1741
93 2941
94 3711
274 4515
4 2168
218 4438
26 845
62 2231
96 4644
39 3934
35 1938
135 2682
273 2863
255 2817
185 884
212 2023
113 3718
77 2482
253 339
146 4790
223 4863
210 2359
168 1160
172 994
29 2157
251 850
93 4913
282 848
93 3337
131 1617
11 3482
112 3061
80 582
121 4042
73 3519
244 3241
285 1615
80 176
194 2210
112 3352
214 4854
78 2500
78 2332
116 4170
23 1653
152 197
227 754
39 853
25 167
82 4926
57 250
198 4710
39 3308
68 3419
152 4903
52 3462
196 477
190 579
258 3557
198 4660
135 1946
161 2281
239 2366
95 1186
153 3542
62 3465
176 2762
50 3817
20 944
146 2005
239 1226
65 4337
161 3317
146 1121
28 2653
231 1634
268 4765
30 2357
227 4713
254 1322
228 4024
264 1483
128 4432
23 647
19 2514
1 3579
160 2341
216 3591
58 3663
267 799
282 4584
201 3896
292 508
57 1472
184 2834
51 4780
107 4236
252 3422
280 3944
202 725
171 4672
85 928
226 1226
21 3464
232 3376
119 2903
198 2905
218 4291
89 3440
153 3628
289 2628
112 2655
19 4873
111 4282
167 1847
171 4070
227 3823
162 3934
87 3097
161 3385
236 3282
65 2303
39 1814
207 3143
252 2996
37 3251
54 2055
236 491
145 6
28 4870
5 1732
95 4260
64 2689
141 3736
8 2489
267 149
31 2014
35 748
254 1578
169 4585
226 4355
150 2712
183 2549
1 4570
56 2892
252 1884
58 3065
124 3374
141 3902
33 1669
6 4070
285 3427
266 1563
93 2142
287 2752
29 945
109 3122
152 4997
19 1166
243 1067
217 3993
199 2401
78 2880
46 1981
132 418
218 960
240 503
60 3633
159 3245
61 1442
266 2716
220 937
64 3748
43 1800
85 4748
280 2258
82 1571
285 2350
270 1191
16 4656
249 3469
255 2931
68 3545
225 2559
253 4975
114 2530
264 1599
168 4431
66 1235
170 3597
229 3314
179 4179
96 2396
133 4054
44 747
22 3786
87 1197
96 4066
259 2111
77 182
13 709
272 1103
163 4210
115 4248
52 106
212 3107
67 3751
175 2631
1 2583
180 997
254 4394
112 906
183 841
45 2294
215 77
133 2901
109 1967
17 1744
9 4086
160 1467
269 1806
24 4302
58 995
143 2295
128 1877
