635 635
126 3575
274 1148
88 2654
151 4548
140 34
307 1347
87 4238
141 2507
277 4022
63 1966
34 4643
176 336
241 3461
167 2776
31 3842
280 4310
32 3986
279 250
309 4716
6 3345
259 1160
120 1187
70 4200
128 1385
147 2245
35 2598
217 1426
199 1795
121 907
133 1887
80 534
77 4593
165 3809
312 4884
306 1963
96 1837
163 1690
52 3004
39 2507
268 1379
261 4323
294 3025
310 1012
77 3921
59 1686
154 2484
163 2259
299 4644
153 188
175 2467
193 4178
294 3786
140 3921
278 3287
162 1246
79 4563
88 1181
95 3906
4 678
119 886
302 3853
117 3906
11 2480
279 4564
10 1790
194 4457
51 4333
35 1144
16 3648
16 2852
31 1385
301 1684
16 4968
94 4004
206 4497
132 2207
72 2244
304 3138
214 3520
270 3294
143 1645
288 529
224 3184
174 2655
263 2729
115 2315
7 3679
29 4308
224 957
268 4535
48 1093
158 1442
279 3434
179 4177
216 4609
283 1885
168 2382
183 3016
196 1285
92 1802
276 824
271 4206
241 1779
91 1562
219 2377
21 2831
235 564
277 2352
272 1529
294 1584
296 4917
279 2279
213 4537
129 944
33 4138
270 3175
281 1707
201 106
314 4740
109 38
45 3208
101 3980
156 4495
196 3595
181 3639
120 3634
53 3748
76 4154
127 35
85 1682
177 1871
76 3637
260 1424
195 2725
164 3059
145 4813
211 3030
134 4668
191 1654
165 4501
198 4367
124 4889
91 1102
245 3301
137 3165
155 782
150 3885
110 2498
126 3152
286 4753
25 3900
291 451
296 3204
205 3117
51 583
284 1166
132 998
37 4818
236 4110
265 3270
307 2612
66 4812
231 3602
39 4318
292 4230
92 4135
113 4821
130 3831
201 1811
292 2001
228 1843
8 4066
18 4064
314 3479
103 1971
97 4851
175 1405
20 1517
53 3372
1 897
267 2645
19 2705
67 3428
67 2950
268 4877
267 746
44 789
225 4764
241 3787
243 3726
44 3486
188 3418
245 71
51 4585
36 4831
9 3646
138 2412
185 1789
123 3558
92 3435
160 3004
219 2840
101 2568
119 1888
246 49
317 4057
34 1777
127 4651
155 1474
293 1098
197 1504
302 4148
115 2282
203 3433
298 3217
34 4102
21 2513
192 1166
44 1676
122 1850
112 1654
65 4025
13 70
165 2502
181 1617
212 1703
171 4177
208 1814
202 4256
116 1836
276 3712
235 687
3 2936
149 2694
38 4499
233 297
188 3116
158 2087
253 2291
102 1018
237 443
287 1823
128 280
184 2538
23 1448
61 3643
168 2763
67 4494
133 1529
294 3984
267 1313
178 2717
131 3642
176 3598
105 661
246 988
235 999
269 187
47 4954
146 780
72 1866
236 4575
174 3507
258 3274
51 1313
228 845
305 2856
132 4511
135 627
235 3476
207 4933
18 2685
231 1259
118 3849
114 4500
32 3083
17 2548
239 627
110 1764
266 2898
35 4568
52 19
12 3812
138 1408
249 4206
313 317
268 2060
242 3716
1 310
41 3650
212 709
220 3552
187 2965
289 2789
107 3688
292 3565
252 633
135 830
89 128
116 555
247 3455
168 3455
315 2113
122 4503
165 4820
73 2830
308 3587
305 3907
233 1903
261 4129
220 2643
89 2948
242 2172
59 3568
162 3541
312 1507
262 876
211 2391
69 2108
193 3865
249 814
90 3521
65 1654
291 3358
108 4780
237 2944
130 1138
237 562
246 1243
314 2411
15 827
77 1945
201 243
108 3826
173 1115
265 3757
52 100
293 3517
126 4509
290 867
281 429
260 297
268 3176
98 1821
157 1130
112 2662
284 2288
9 2627
68 3729
219 2423
224 2485
66 890
144 1343
3 2318
201 1707
162 1058
1 3352
234 3055
83 858
6 4582
250 4357
105 2695
104 4568
63 2099
233 4436
32 4241
287 2791
32 3446
89 2662
185 4861
233 4788
284 2495
269 525
311 1234
302 3268
59 4838
70 2064
141 1397
24 3470
202 2464
49 1248
160 2835
313 1238
284 430
60 2328
124 818
305 745
14 1780
193 4563
49 1616
55 208
187 4044
107 3652
133 1708
213 1915
49 2130
303 497
223 3462
56 5
62 133
309 3187
19 3364
146 3690
45 1688
266 3654
19 4720
120 3585
75 1583
259 495
316 923
278 3314
128 1091
276 1000
179 1562
196 3444
310 1850
302 3687
84 4921
290 4193
215 4734
126 2831
90 537
156 186
239 2682
106 3957
185 2873
214 3268
251 4358
246 2319
232 597
62 2504
69 722
4 4603
181 2347
103 2849
243 1864
273 2284
228 479
71 4419
68 2726
35 1656
100 4849
171 2485
92 2422
145 3533
245 472
80 4448
297 3845
55 4439
110 223
93 4700
269 274
250 3184
225 3150
179 4264
311 156
201 4298
293 1414
29 72
219 4652
234 1178
110 2661
120 4659
244 4983
242 2206
70 4087
66 3623
306 3224
294 1453
39 2789
240 4067
12 2834
185 4695
95 3592
294 4315
100 1905
256 3161
234 2997
225 4729
266 549
164 4298
214 4906
145 4346
32 4129
192 4609
280 169
88 787
274 3255
120 257
122 3034
101 4875
195 2055
233 838
244 3996
113 3496
303 2904
103 3013
305 957
18 4514
101 3487
312 3556
277 441
38 3494
78 3008
117 3862
169 2122
249 4241
45 223
111 2836
130 4011
123 2417
278 4151
34 1900
216 4641
129 4093
261 1973
207 1702
155 3776
106 3129
302 3062
56 3879
283 1520
239 4756
34 2688
201 3368
211 1528
177 1095
96 1277
22 3849
245 2115
219 97
286 3221
45 4293
18 3191
139 1938
122 2741
93 1110
199 1386
191 1781
174 1394
29 3798
107 2704
298 1005
235 446
117 2788
214 3946
36 4929
2 2530
205 66
65 4862
128 1789
200 3086
213 2951
17 4750
302 4225
288 1665
264 3634
242 3161
70 3058
134 431
30 4404
182 3584
148 4904
292 50
45 825
10 2763
64 281
68 3482
197 130
59 1866
205 4671
244 2801
241 3449
207 4347
38 690
32 674
224 3455
268 4913
39 1168
247 2750
95 2392
26 193
275 3056
27 1908
255 1082
240 1268
211 3847
20 1204
306 1256
149 3741
270 3408
104 4300
117 3966
164 4743
148 3571
105 3654
84 3048
67 973
8 2054
208 2168
28 3888
117 972
280 4019
227 3015
213 2503
172 740
155 2721
233 3975
200 2088
17 3359
193 3117
145 2312
278 4070
27 2514
258 3072
202 4711
137 1831
294 3283
87 3253
40 3283
193 4514
126 643
68 2074
136 3409
190 3930
20 1359
27 265
91 383
121 2996
188 1288
7 516
137 2252
222 3528
55 3078
64 4605
