124 124
45 2927
49 560
42 4058
32 4678
59 3778
35 1643
14 1069
37 3961
40 3261
48 1531
22 4995
8 2779
23 4046
60 4601
55 2052
37 1990
49 1210
60 2163
1 4722
10 305
22 1966
22 1800
8 1690
31 4955
11 1968
51 3809
33 3788
13 2577
35 2467
41 4059
10 2828
32 4396
48 4813
35 315
24 1268
27 2790
11 4002
27 407
19 452
16 3885
46 206
6 955
32 4555
44 4537
27 367
49 3577
6 2208
46 467
59 239
48 4777
13 4905
41 1474
24 1710
54 168
26 2759
25 920
13 4164
36 4280
41 1122
35 3379
39 2077
23 1176
58 1633
11 2566
37 4694
52 86
40 4760
59 789
5 3239
55 223
34 3734
41 3875
43 4008
4 2095
31 456
32 1029
28 596
49 1496
51 4317
3 1001
38 2169
3 2379
12 3164
6 3129
2 4773
32 2762
43 761
11 4418
20 207
56 3089
26 4743
35 3450
25 2030
13 4506
61 4738
28 1984
57 4120
7 4952
34 260
59 554
20 1346
26 1798
17 2319
14 1251
3 1638
34 3038
27 336
38 604
61 4741
18 104
7 2885
45 3426
48 2204
49 3064
13 325
55 3371
27 3687
41 2524
41 4620
11 3413
27 2463
59 4381
26 2720
19 4909
