658 658
32 3145
96 1749
318 2845
82 3151
300 1726
85 3407
159 1624
248 1391
82 316
179 3842
245 4216
125 2990
224 376
90 304
60 412
275 3764
263 3272
197 3783
184 2597
140 4412
74 2812
29 4026
8 4471
108 2596
23 4476
87 1504
4 708
26 1386
255 1167
234 4079
222 3511
41 2401
8 4762
102 26
193 4250
231 3694
215 1391
94 2755
10 2476
6 3244
128 4265
102 776
112 3267
226 3652
25 3047
299 1502
140 3914
217 362
278 2539
298 4782
108 4179
319 2344
262 2195
98 3768
145 808
149 3606
99 331
174 1486
19 3770
20 3868
27 4685
320 1749
194 1423
61 1850
273 1702
16 4070
35 3541
273 2467
212 3616
297 3216
170 3817
235 4065
222 243
47 2464
205 955
291 666
29 1900
32 780
15 3968
215 2018
128 2705
203 179
217 391
219 3800
326 4142
35 2243
214 1312
10 984
202 114
251 3947
254 1537
184 2647
174 721
184 3612
171 2544
61 1479
90 3762
277 3402
230 4503
117 3092
266 2024
100 4289
44 3592
237 517
3 2305
232 2348
13 3518
140 2904
291 925
104 3654
88 3051
267 620
211 3125
188 876
287 4526
121 4610
105 2242
209 2787
313 1475
112 2633
261 956
249 444
154 400
110 3050
59 1021
221 2039
147 2511
66 1480
54 884
186 4401
267 825
71 3158
15 1734
220 4934
173 2836
82 3613
274 103
247 1677
23 3684
140 2072
155 3079
15 2371
135 2837
310 3198
53 364
206 4658
84 930
251 4517
192 4929
36 3988
234 1905
156 4537
130 1992
176 2952
110 1592
73 3871
120 3658
327 3554
305 3308
97 3974
170 507
294 2458
328 215
283 4059
138 2449
301 2521
157 3666
187 636
250 2142
138 4033
169 3036
110 1630
247 3545
161 1117
312 3557
158 1657
35 2825
312 1066
184 4386
8 2899
67 246
244 3144
145 2660
269 3118
138 4109
199 1655
313 1049
76 3271
157 3503
271 3499
240 2706
54 1325
243 2332
24 4534
117 2384
202 1691
283 1865
189 3285
22 4928
244 4685
308 3262
119 1496
286 3367
190 1440
239 905
135 4628
317 3123
240 2448
254 142
249 2658
95 4072
325 606
25 2415
119 3675
220 729
233 3241
165 774
179 2889
163 1478
137 1683
7 1706
201 1305
266 3774
159 946
26 1655
157 3302
89 2388
28 984
155 4913
259 4194
97 3920
277 768
12 3855
224 3024
212 2398
233 303
77 4810
144 48
326 3286
31 917
137 3316
294 4000
278 1837
191 1255
177 77
204 1860
102 3082
297 173
251 1764
76 3160
207 208
160 3719
247 1674
290 4164
8 1253
108 3615
130 2075
185 2399
208 2909
221 737
260 4246
160 4072
265 299
271 2716
213 204
139 3028
153 3924
132 3608
172 878
204 4013
247 1458
68 2419
312 1606
156 4512
298 4427
60 560
253 3653
238 2174
316 3970
166 4775
72 3826
94 4809
140 656
183 224
227 4132
138 3406
92 3805
178 4646
186 3438
308 2142
247 4471
207 3559
91 3567
238 4271
142 536
216 1327
41 2504
261 376
61 3559
146 4486
74 89
238 1698
108 1968
325 470
143 2536
2 2663
221 2627
89 1310
281 1551
204 294
116 2068
287 1389
31 4492
86 2767
238 3302
95 2731
283 92
42 402
106 4598
114 701
38 4105
207 1898
151 1833
294 2660
87 1653
92 4844
186 3181
208 4820
298 1204
8 2362
266 1169
278 1371
104 3702
11 1905
150 1149
133 3852
11 4459
279 4219
97 4077
324 1864
112 3030
214 2302
118 789
24 1784
100 1687
150 2696
144 2965
289 3213
94 4747
169 162
16 564
211 1968
260 457
44 3815
224 1633
124 1382
320 3076
34 830
44 4162
100 4214
91 4456
31 44
47 3079
102 3162
131 3915
214 1231
212 4191
317 3943
46 2903
120 207
317 1095
2 4889
212 1580
250 4212
166 3499
250 2357
102 1471
251 723
110 1534
263 867
74 3126
13 201
183 4196
280 1421
312 1258
16 4761
190 640
255 87
300 789
34 4
119 1199
260 3939
238 2285
23 675
272 1633
101 2465
162 4026
118 2589
217 2801
264 600
307 971
5 3440
47 4831
323 2637
202 778
302 3006
225 2517
117 4729
287 945
269 4466
202 4212
178 3160
265 4802
8 744
237 4888
133 4032
231 3805
237 3807
312 3885
295 909
304 1677
323 4751
83 1097
87 2675
207 2083
321 4973
78 1675
126 730
80 1639
284 1530
92 4658
56 2949
294 4743
71 4971
30 2581
199 704
241 1080
324 4749
282 2476
42 3049
226 2461
59 2662
323 3546
257 2363
143 144
174 4109
240 2281
166 803
174 4219
100 2377
79 210
7 2620
14 82
104 1709
86 950
44 3189
175 4646
216 1922
26 1492
187 3587
188 2504
81 3391
98 1229
100 2478
185 1656
219 4913
56 4076
35 2702
179 4038
288 2375
322 1941
265 2560
292 1058
258 1275
306 428
103 1027
269 4275
309 2748
244 4250
278 1941
295 1115
319 1391
268 2867
257 1382
114 3772
216 1502
268 2356
243 3448
91 1376
18 4092
270 4889
173 4758
158 2617
246 1583
103 3607
70 4458
140 2959
321 707
19 4051
103 1550
308 1433
62 1305
99 2781
204 914
296 2782
254 1325
95 2306
56 146
272 2231
237 813
171 940
287 4448
91 4427
120 3588
142 679
174 2642
58 4557
135 3770
184 132
186 1720
181 3297
53 1485
142 1061
127 1767
187 3750
194 1256
144 2434
273 4926
4 1125
227 3416
6 823
142 1634
155 4530
247 2100
261 2838
94 3909
60 1357
51 1248
195 3673
181 4564
290 1507
259 1211
103 1369
264 4832
35 1813
222 3780
151 4300
77 2476
316 1720
268 2783
36 494
98 4247
293 4878
193 337
202 225
39 3891
54 1588
75 3273
156 1128
206 1318
269 3288
189 2817
105 842
18 4695
146 4459
128 3093
16 2494
111 4801
6 3224
63 3877
74 4710
120 897
16 4295
142 4634
162 3075
80 473
39 459
5 2438
126 3167
28 2196
115 841
8 4765
162 1168
91 750
217 1953
131 4750
287 2935
36 931
42 4495
70 1667
218 3693
116 1233
268 4227
207 4968
285 3416
87 2376
68 3935
258 2274
51 4593
216 3366
180 3631
308 3350
235 4743
270 1060
202 3881
328 106
207 3055
76 4857
18 4898
149 4545
88 3359
240 3849
13 4223
311 3648
46 3435
58 3338
109 3867
85 442
300 4023
247 3686
239 3181
86 1277
248 3596
162 4209
97 3025
281 3709
207 2941
191 1050
10 4367
266 3653
125 3851
261 4809
280 3990
32 2325
163 1628
40 3339
277 2201
106 3060
45 3129
289 192
134 3100
54 2651
185 4569
35 4808
219 935
192 4350
313 3113
78 2118
92 1812
267 4227
176 4688
103 433
137 2800
258 1192
28 366
297 1166
228 442
140 1413
