626 626
58 3357
296 4489
17 1952
208 3778
128 630
257 2561
90 1373
206 1034
75 2683
15 1442
81 2110
305 146
22 1952
15 2093
298 1706
216 3686
82 666
271 4138
19 3531
292 3283
109 2140
107 4278
234 3158
292 4742
248 3682
175 79
229 1989
112 2845
68 1118
72 3446
95 4700
301 2352
175 413
73 3286
226 2749
53 4260
59 4010
285 2091
245 3557
308 4015
284 813
283 4972
12 4639
294 3326
57 2232
240 1187
260 3444
266 1369
130 1351
175 570
137 3480
283 645
18 1121
194 4102
175 192
228 2076
239 2904
101 4300
284 23
15 2750
166 3803
197 4608
290 4053
146 2051
179 4075
21 2105
19 1588
160 1310
93 2651
39 4031
139 4187
32 1252
210 261
112 2302
154 1360
267 3275
43 3915
97 1633
107 2956
186 3270
78 1140
45 4807
73 4118
191 4608
203 1218
243 1671
257 1729
260 462
96 2068
215 2251
212 4651
42 1359
176 3617
26 2526
111 2817
212 1091
203 4282
79 1825
185 1816
163 950
48 4954
288 3002
278 475
117 1275
120 4974
225 1966
249 149
71 639
145 2390
68 4637
283 946
129 683
282 3451
17 3163
82 843
222 4087
20 3026
87 58
156 2359
158 3114
33 803
99 3112
77 1761
190 2679
107 3627
271 2386
80 1064
268 1141
1 670
279 606
195 4573
278 579
249 1622
196 4310
66 689
196 4780
312 2264
161 2064
210 288
181 3593
53 4473
151 3296
240 689
57 3721
169 182
16 4861
134 3811
118 854
71 3280
69 4910
26 2876
153 2545
122 3312
271 948
306 624
58 148
79 1020
169 3204
151 4582
307 3889
68 484
204 3049
267 3392
198 8
75 1283
211 1241
223 3617
287 2641
16 3409
206 4014
85 4396
88 1100
174 2084
75 2827
69 3556
144 1957
179 4499
281 4261
273 3946
44 3205
282 4648
307 2274
43 1168
218 1917
237 1846
186 37
189 79
183 3081
253 3744
310 4992
123 914
143 1600
207 4521
203 1027
282 629
244 1428
96 240
274 3281
208 4820
144 4971
95 1811
255 2623
247 825
93 1335
281 3413
310 4801
196 1117
289 4651
226 271
32 4854
169 1604
81 2575
129 1643
255 3734
187 70
78 2507
193 1247
221 4031
273 3431
113 3765
150 1308
159 2150
114 3185
163 2678
231 855
165 1688
252 4802
192 3478
304 1469
69 2697
23 3590
112 958
205 3116
290 4920
222 2550
148 538
150 4063
134 2463
68 3377
39 1111
211 670
264 3581
223 3203
245 4523
159 1990
260 2164
221 1622
170 3145
165 4643
94 615
50 719
215 1711
176 3364
303 609
58 4508
266 852
119 4600
222 1065
186 1476
278 3999
162 1719
224 710
293 108
11 2710
37 4043
290 1852
263 3201
53 1569
199 4471
3 554
256 4763
58 1475
247 541
255 1899
93 2088
287 1509
26 543
209 993
11 1876
237 4626
91 950
169 1272
200 1211
179 2896
287 3991
139 4751
165 307
276 4191
125 3535
254 2362
141 4323
121 756
244 4362
8 3473
99 1302
99 2411
204 4451
177 4341
200 3682
221 2513
207 4470
47 2646
253 4371
177 2072
110 2569
278 415
203 4620
298 4843
136 4063
60 3606
250 3767
53 3036
302 1423
26 4392
79 2097
299 3224
85 2486
50 4047
9 889
281 4410
147 4736
135 1490
249 3706
221 2245
244 149
40 63
40 2630
210 2894
198 4158
84 4725
301 4487
133 2754
297 4213
272 2347
275 2400
3 4616
167 3018
30 4330
84 4188
182 2424
211 56
154 4316
15 2287
237 381
90 3756
222 2265
71 4077
16 712
103 656
190 1183
58 2873
276 4671
278 3071
106 3475
45 3313
165 1418
185 974
50 3854
157 4310
110 4713
117 4961
76 1645
77 3037
297 2646
39 1628
32 2553
191 4935
152 2333
91 1676
290 4679
282 2107
170 2954
100 4850
196 4337
37 1625
242 2336
80 1140
175 1407
229 1032
260 347
256 3278
236 3664
185 2239
224 2721
13 4841
94 3925
298 3975
305 3883
312 2824
190 1321
139 2026
61 1232
200 1745
114 4764
189 2069
149 2054
260 223
42 4066
18 1496
117 2760
257 3844
174 865
139 4778
49 4848
212 2206
253 2973
283 1630
53 3108
64 1195
177 1060
187 3845
86 1075
299 140
1 4312
138 2710
242 1527
173 4257
239 2621
50 1006
2 2690
159 4987
76 1204
62 4907
213 3509
73 1827
288 232
202 2523
173 3348
310 4411
10 4426
182 4201
88 3185
242 4161
310 2296
151 2948
143 4757
213 3441
10 1232
41 657
46 3302
33 455
31 3649
10 244
260 1044
84 3181
129 4610
143 2505
292 3834
191 4696
60 2081
169 6
153 1018
86 2932
244 1901
154 997
137 4253
112 1969
46 3663
285 3715
66 2084
297 4625
185 1956
2 1936
191 1724
7 1635
275 881
61 3840
78 1006
94 4017
295 2215
9 2712
10 1355
104 1339
87 4338
160 3443
210 3608
146 654
308 2396
176 2966
275 1718
93 4279
19 4309
206 2472
223 2005
309 3309
297 3065
34 2831
157 2353
83 1385
266 2578
129 2997
300 4468
122 3895
287 1635
218 4825
26 2603
286 4477
139 4038
220 4205
185 2080
299 4835
91 4215
154 1321
225 2798
172 3394
273 4074
206 542
154 1305
106 168
282 1301
131 3186
311 40
117 3042
115 918
287 2253
29 3299
200 176
32 4479
159 2334
248 4723
5 4638
24 4813
45 1212
260 4635
66 284
86 2647
257 4597
66 3155
29 1348
242 4354
254 665
91 1325
226 488
104 228
46 4214
72 2653
87 2728
285 2708
142 3790
158 5
291 4694
184 4852
284 454
47 3780
305 3479
80 4163
192 4173
263 3396
77 1268
4 3751
123 1409
51 3854
86 510
119 4833
46 2582
240 15
6 3154
2 4397
291 2318
68 398
198 1826
3 908
204 4914
86 3982
305 4239
127 3502
229 2002
271 536
101 538
100 56
206 286
152 4154
228 4454
312 1128
194 4329
232 2398
224 1263
3 1930
133 253
69 130
172 4004
25 3530
243 1947
76 1498
97 217
278 1215
197 4760
91 4481
69 878
104 3517
98 3327
196 4156
163 2746
122 4874
308 4168
296 938
69 3682
25 847
8 2603
184 1917
53 4151
51 3272
73 2156
67 4612
129 1206
204 4122
267 4898
118 642
285 445
132 1021
18 2881
157 2398
174 4286
109 512
207 2813
51 1847
280 368
83 3664
274 3369
228 4205
15 3426
290 3055
21 4793
211 4104
99 736
22 1879
