614 614
267 2456
213 1620
148 3892
240 1918
27 81
206 3105
49 362
174 1097
207 730
144 236
239 441
217 100
64 2528
54 2067
188 4026
282 1102
12 324
190 467
242 3819
47 571
140 4612
250 218
153 542
53 445
207 866
270 2165
22 1216
99 4687
303 4621
73 1268
125 723
111 3484
171 2925
215 3828
259 1063
168 3247
12 1468
54 3710
226 247
50 3712
30 852
245 1563
178 4044
100 2853
192 3242
302 3109
113 3039
136 3564
165 3645
228 4675
172 2661
75 3389
137 3492
84 936
121 1133
169 4997
243 4539
186 714
295 1022
245 4476
56 4425
25 184
256 4358
17 876
83 3245
286 4905
263 2475
84 4027
227 2096
99 384
232 3604
147 1510
231 2933
3 3373
9 2199
252 1474
89 4100
96 1732
223 4144
5 2746
93 4726
40 2954
171 1023
273 4635
71 452
116 1163
221 4357
40 3462
250 55
121 1346
153 3489
277 2384
52 2900
92 2906
70 879
27 4596
205 2
231 4801
197 4237
93 2649
247 1371
22 2470
36 1982
6 4228
273 133
215 4057
241 3086
74 4317
100 2917
151 1345
295 265
108 3197
54 750
113 128
13 1374
218 224
48 1297
124 3939
117 3579
81 410
15 4383
241 4889
90 2956
265 4720
130 3013
95 3482
49 1221
289 3777
52 1036
285 3149
210 4908
245 682
141 2831
265 1172
21 4974
86 3999
266 2857
16 651
200 1140
127 3611
112 1189
229 1578
161 579
115 2261
148 2998
251 2837
139 3331
155 3210
282 100
175 780
15 1044
219 404
240 2553
246 2675
123 4591
298 847
98 4375
28 3908
304 1357
134 3996
74 3204
82 4851
61 3525
232 2841
86 1667
145 1785
155 4201
136 1237
268 1758
187 4738
261 4309
288 601
225 632
277 4055
236 1924
256 2392
63 1140
248 3650
157 1421
113 2730
55 2403
4 458
199 1567
283 988
70 3834
146 2654
194 2461
15 1724
263 1808
243 1376
88 4813
28 3157
146 3222
78 1060
110 3710
45 4891
286 1617
242 1905
143 114
136 4481
159 2148
236 4306
112 185
303 1845
294 2464
238 463
300 1755
108 2402
189 4517
56 307
188 3021
248 4120
184 1090
263 1278
112 1435
47 152
113 572
110 4923
154 3464
172 1954
33 824
36 4934
296 317
175 3478
108 4857
35 4573
254 2656
88 4480
246 1051
80 4759
99 3807
103 558
81 3359
117 4197
40 806
33 2006
157 1923
108 4408
119 2292
100 4180
21 1282
177 2661
238 780
110 2778
113 1515
191 133
218 2314
109 2103
87 1691
172 261
55 3017
119 2433
142 4548
152 1244
89 4381
226 2068
228 3121
200 2395
280 852
114 2853
288 4955
262 867
200 2876
260 3708
161 1343
170 1357
258 2807
302 2154
168 470
50 2773
286 1082
163 3390
24 2683
204 1669
273 2371
181 755
218 4325
303 419
155 3562
63 2421
72 1859
290 4574
231 4297
218 4907
133 1129
132 114
73 3282
72 3327
43 4885
241 3454
111 1921
67 3714
157 4440
124 1263
189 1342
175 3475
280 4813
206 850
192 1481
25 384
133 2512
43 1041
244 3620
304 4112
3 2138
261 4586
41 3878
278 4219
36 3032
105 495
275 1909
106 3760
27 4535
69 116
61 1826
157 2253
38 4619
259 3413
9 4678
259 158
36 2520
81 3126
57 2726
160 2962
69 3278
67 2989
217 4081
61 3283
251 4901
3 4727
107 348
15 2805
29 1093
270 2862
268 1378
208 4720
73 3309
183 150
160 2863
17 2472
258 3153
295 2593
21 3887
191 3876
112 3657
179 4248
98 2470
16 88
207 2036
45 4769
235 1301
206 1363
136 464
149 37
18 2663
290 2702
202 200
232 528
14 3765
194 4378
16 1797
93 705
84 1028
87 3904
233 4049
195 4062
185 1025
254 4143
142 524
280 4170
230 4497
76 3433
140 2810
289 2921
94 3305
262 2460
51 3045
80 1233
31 200
193 808
48 391
69 2421
258 1936
25 4973
34 3750
143 1963
148 1562
112 2268
266 4405
10 1439
47 2280
54 4596
245 1233
117 2468
106 4554
279 1160
263 1428
55 3306
268 1155
233 343
189 4417
203 1588
293 3541
54 3964
110 1320
228 865
278 3442
12 2133
290 2190
95 3411
46 4624
228 2886
48 4713
122 4486
3 3167
39 3572
124 2857
198 606
166 2299
152 2848
198 3534
166 2847
203 1779
216 4931
221 1604
209 3970
20 1733
93 4155
129 3377
107 4286
110 4716
111 2567
144 1360
22 4644
118 2650
122 4905
165 443
146 455
259 3535
174 1791
143 3936
119 3558
42 2427
265 3561
297 2664
186 693
51 4204
108 3650
205 2779
281 4369
154 521
51 1093
109 4866
240 3061
217 4101
239 932
207 1565
101 2175
113 4290
145 942
37 1923
55 790
293 1704
235 1387
151 70
245 4822
298 3618
72 2280
296 847
221 2749
266 2912
69 4583
66 4957
60 1952
203 4053
151 3518
200 3037
275 1373
287 2762
54 1716
110 4949
52 331
271 1109
96 3320
19 3883
207 1950
282 3239
195 749
132 3144
304 1997
96 3550
222 4434
270 3570
148 965
195 4487
245 4038
142 3450
83 3044
246 598
202 4923
186 3696
301 3818
182 1858
212 11
298 2613
182 4803
3 2349
222 3851
231 1515
266 1614
38 4010
172 4267
218 2933
151 2930
256 4823
117 841
80 1883
176 755
58 2531
302 2237
60 3205
300 2169
257 1839
9 1572
287 3437
91 333
198 3428
41 4515
173 3526
44 3519
272 1618
268 343
133 734
161 1939
231 1716
38 4591
128 2664
204 3118
198 2925
126 3646
50 3954
181 928
139 2174
16 3102
152 875
118 3040
76 490
143 2400
53 1869
41 1063
139 2716
94 1228
209 4881
172 1471
208 1637
89 4009
94 3072
14 513
247 223
190 2298
144 1476
203 1100
259 1392
157 392
165 2745
67 3417
170 53
57 3961
43 571
165 2711
62 2491
80 149
30 315
122 2669
91 1647
267 4711
253 2204
121 2642
277 3272
24 504
57 3909
94 4278
201 3373
69 2869
94 3410
143 3661
304 1951
41 3501
195 3961
64 2900
45 4805
141 402
12 933
181 1952
81 3372
33 2358
255 945
118 371
137 631
234 4571
285 711
242 3999
239 2236
171 1601
147 795
210 4709
183 1736
61 394
248 4098
170 4532
51 3114
32 3246
300 3303
229 2011
