308 308
48 1193
5 741
102 872
17 4038
77 4993
26 2059
3 752
112 2785
84 4377
120 1566
125 1377
38 1967
38 795
18 2273
111 2255
122 4893
11 4935
91 363
79 4021
46 203
43 4000
59 823
132 360
71 3231
62 4644
138 1434
98 3506
101 898
26 680
61 3267
46 3451
114 775
88 4321
59 910
132 3138
91 1573
64 1721
72 4349
49 4237
34 2681
6 2757
102 3775
43 3002
20 3134
84 1599
66 2069
89 334
9 3379
20 3385
93 56
112 2251
8 861
110 610
139 3022
93 2437
25 2606
153 4328
69 404
35 2035
78 1304
16 3307
60 497
6 1155
23 1731
10 2523
77 3670
64 51
66 344
97 1519
104 3092
37 1654
108 3176
12 3504
48 271
33 2423
77 3405
130 1535
140 3081
133 4486
129 3591
43 1791
121 779
10 1197
21 1139
98 1603
9 579
141 3847
153 4287
101 4546
99 538
31 2542
100 3818
20 2272
73 2929
32 1228
82 3981
153 1957
123 1860
51 3057
93 2828
108 1759
15 269
23 4856
131 595
110 3758
135 2090
31 1099
93 2852
17 836
102 4455
87 2585
114 3832
49 2493
111 586
103 2459
110 4502
60 4097
76 2057
66 1059
109 990
37 2208
85 2273
17 1758
19 38
77 152
49 592
83 842
131 1652
53 61
69 4069
74 1488
13 4275
150 3883
49 1804
129 4614
12 3606
55 2047
49 2357
8 3453
11 1611
143 639
127 4557
58 1724
57 816
146 4417
84 4952
115 2224
34 3120
113 105
110 1135
30 3102
85 1034
37 2638
84 1667
32 4714
126 3412
115 1806
70 2515
85 1376
19 3143
144 4845
42 265
77 4525
151 3986
87 4450
33 4050
144 3385
99 3493
53 396
85 4413
145 100
119 3656
90 4180
78 909
10 3771
22 3119
99 2719
50 3944
28 1657
11 3958
32 1969
121 4110
67 1726
5 2944
86 1118
87 2171
30 761
78 4514
68 2693
50 4363
26 4261
145 4501
113 4089
126 25
137 914
102 4641
127 2365
108 4752
31 4656
137 3436
114 4238
17 4095
23 4307
115 3767
115 3729
122 3692
59 3272
72 2313
124 1754
5 3819
5 2205
89 2277
135 3635
16 2767
150 3638
27 4917
67 4685
92 3088
42 4118
27 4268
2 1892
76 3122
105 2051
96 1768
92 4254
85 4604
109 798
108 3175
64 1176
64 2284
19 171
8 1316
40 366
98 2605
122 4766
148 2974
146 4612
28 2632
128 1305
89 1036
8 2876
72 3136
118 491
148 84
128 2363
56 1717
25 2618
13 989
84 4046
124 685
54 2606
18 692
121 4651
54 3434
71 1754
76 1086
47 3532
128 3295
102 1028
57 4433
141 564
74 48
29 2228
53 3542
147 2215
152 7
5 2289
64 1874
120 4491
11 3483
28 815
79 51
99 3783
34 4472
26 4657
101 3380
128 2837
129 459
35 244
33 3315
119 4612
85 4262
117 4895
87 3083
79 453
137 3515
105 3078
9 618
54 976
122 1089
119 1452
60 3611
27 2654
41 1295
32 2277
137 4830
85 3100
130 1544
50 366
22 1173
38 1149
152 2567
124 269
152 1815
80 2591
34 4194
87 983
79 4919
