812 812
131 493
317 2376
281 2412
62 1359
240 1533
73 4003
157 1901
398 82
139 950
76 880
377 1308
119 4574
319 3749
307 3698
113 4665
284 3012
21 1530
2 1889
378 1178
222 296
106 2609
208 4992
391 3802
191 663
37 806
35 4496
68 3153
172 3334
49 2506
301 4041
50 4840
188 813
360 4255
331 284
228 2988
134 4681
12 2593
381 2737
258 1666
379 3785
226 2881
321 3651
39 4949
46 4600
346 3133
145 3298
55 939
263 3776
252 1206
38 166
333 4284
216 1582
86 437
167 2326
352 850
249 4377
356 4968
237 1409
115 649
337 4434
153 3260
300 131
314 953
10 1968
209 1140
228 3508
319 1086
215 2049
2 273
60 2913
200 4157
365 726
276 2628
275 821
239 2079
200 2
69 3633
104 3107
170 717
165 3043
66 4968
62 1811
112 1059
194 444
172 3807
73 2943
245 967
287 4277
211 1092
109 4591
327 4187
330 1448
214 4032
207 1484
256 4715
334 3609
22 4195
354 409
124 2836
146 3941
65 4490
171 4188
222 1307
108 2407
298 3976
95 4227
202 1720
134 2472
227 4586
288 3945
193 753
157 802
27 1263
23 4368
377 4933
302 3795
196 3617
272 3668
217 2931
340 3669
249 635
287 3409
28 450
391 25
36 2655
82 3414
14 4060
335 3808
325 4105
217 4747
393 3704
296 4633
312 3525
182 788
17 3305
102 1601
321 1917
380 2234
364 4376
29 3381
67 4082
269 929
96 478
3 4252
377 2311
202 4990
181 3637
225 3604
367 1134
212 1369
262 3150
100 1895
399 4286
339 2465
388 3914
158 1896
244 2341
71 2970
132 3746
361 587
95 1710
251 347
276 2508
126 2055
192 4187
187 4256
33 2856
105 3505
282 3617
213 276
148 983
55 2419
130 4455
159 2077
294 2380
187 3459
128 4203
218 4205
71 2285
20 2588
181 2536
136 796
302 2415
367 2399
201 4577
18 4952
273 63
324 403
163 327
129 134
287 964
206 3789
94 4995
140 2778
234 1524
356 728
37 4525
341 2444
355 3245
383 4915
251 3492
387 3924
199 523
378 903
241 2027
200 1329
12 4726
203 3737
364 3114
247 1898
195 3984
330 2342
221 2875
394 2401
342 4980
189 2459
238 3915
267 4459
270 2077
106 1481
287 1343
47 1810
378 2180
347 4332
335 4627
216 4660
237 1209
250 3465
295 4078
346 907
265 4976
246 462
334 651
96 2438
171 1008
133 4611
277 2765
194 1548
367 617
102 3700
132 715
14 1077
323 2021
24 4659
395 3352
397 1928
403 2418
260 3963
7 4369
298 3487
328 2730
137 1631
115 1181
77 3247
370 1896
357 3187
49 2008
388 1585
107 4377
319 1052
304 529
80 4887
317 1653
72 2163
314 4593
370 3698
297 2965
104 876
25 3865
370 837
384 2001
238 2365
298 548
367 566
171 811
237 306
338 2543
133 222
168 1234
127 590
141 1305
284 4824
291 2463
273 4871
247 1500
342 3702
126 3286
150 2183
32 2344
12 3956
68 4731
284 3059
352 4996
350 899
2 4057
189 4286
18 3845
111 2127
54 4150
209 204
48 4988
122 2293
126 3582
130 3241
138 1772
213 2259
281 4100
130 3163
149 4267
261 81
292 149
57 183
221 2833
63 4026
204 2534
198 3894
282 4744
34 2975
327 1554
97 3399
310 4050
397 3896
316 1348
313 3859
71 4326
325 1743
250 1673
81 2164
53 2243
30 1135
243 2425
304 4770
385 3598
193 2709
52 471
311 1601
287 478
372 2122
27 2455
141 149
67 3373
20 4426
357 1917
232 3156
368 793
405 3063
2 4461
360 2527
111 2315
177 2120
336 2681
14 3061
49 2773
367 3141
335 1843
169 4102
351 3239
287 2582
148 482
212 3861
189 4366
213 1457
390 441
71 743
221 268
161 1494
80 2384
99 2673
136 3558
45 2687
8 4168
299 222
221 2973
331 4265
131 640
338 419
73 1081
12 4049
380 3431
330 4497
67 1498
330 981
398 2073
312 4620
204 2632
217 4198
276 4798
89 4830
258 3773
2 2225
282 4089
122 1025
252 3798
382 1925
6 3345
8 1995
312 3160
379 1578
66 1871
316 3231
337 4690
340 2595
13 1658
58 1135
293 3743
63 3411
66 1014
99 4424
266 2792
99 247
89 4977
379 875
45 2920
8 626
378 141
386 1142
389 1448
357 4009
129 3570
71 2964
365 4821
192 3612
136 2742
192 3481
170 2378
177 4626
1 119
188 4487
150 3069
286 1999
180 3505
301 2329
358 2952
172 1465
323 2237
60 1426
158 3517
186 4431
173 302
198 2422
29 556
159 3735
46 621
139 2741
259 14
13 1833
166 1344
66 939
276 4014
302 1079
122 3811
318 4831
376 1415
326 389
112 1066
286 3833
295 804
347 3203
286 1240
33 2115
327 780
36 3352
299 3006
5 2857
320 1371
383 498
17 2363
180 2730
270 3423
218 3818
212 3902
287 3526
347 3761
280 1872
300 677
70 3080
167 576
290 2291
58 2180
71 411
116 3395
75 3067
156 112
286 3537
387 3074
170 4744
47 4339
221 4522
36 448
122 3694
76 607
391 1874
42 3181
74 1976
205 1739
114 359
230 4117
316 783
119 1786
82 3537
255 3575
242 3144
276 3345
94 1518
233 2743
227 152
166 2672
308 4461
112 4493
330 4929
308 2562
1 364
222 3373
322 915
229 1989
375 4099
196 334
364 1846
317 4670
146 1011
357 3485
47 1310
240 473
309 1695
318 2012
58 1711
162 4187
125 565
232 4745
121 2483
283 828
89 1871
374 3214
99 632
197 942
154 3807
109 799
49 4467
267 2521
2 2878
125 1318
254 954
123 3837
107 2809
34 575
388 512
265 512
138 3019
344 2362
183 713
298 1506
71 1045
331 3058
161 2839
388 4759
286 3876
231 4228
54 747
351 4171
165 113
36 3174
242 3046
185 2135
170 2105
109 4955
356 3442
149 1436
180 3411
330 4885
332 2122
257 3974
300 3039
117 2369
111 2501
363 2013
159 1853
306 3252
215 3617
130 2605
199 3842
76 2074
309 2755
136 1685
104 2011
94 3836
113 787
27 1449
302 1650
20 3784
198 99
169 3708
391 2605
188 1232
295 225
199 819
234 1629
179 1072
134 155
229 1983
137 4027
239 1562
42 3913
130 2102
394 1306
200 783
333 2664
145 4696
104 511
96 1153
9 240
402 1526
98 4858
242 4936
391 2615
182 1977
380 1803
52 2498
403 3499
170 1437
30 55
266 4937
179 1282
193 3699
383 2353
346 4200
322 3954
188 2679
26 1161
381 3858
99 1121
182 1790
254 950
33 4779
357 266
218 140
367 4040
270 231
70 999
75 2177
348 3836
197 4668
296 166
124 4497
198 495
207 2240
307 1660
34 682
308 2190
326 58
174 1439
267 1725
102 3733
365 2076
258 4760
59 670
269 4
397 3028
366 4625
255 533
375 4958
266 1463
246 3612
95 2563
324 4306
400 2296
150 2899
46 2988
108 2272
337 1176
400 3214
387 330
148 4527
178 2761
400 2693
91 4715
83 3460
385 2018
398 1765
234 1718
97 615
228 2735
208 4714
113 201
29 2512
173 3162
129 2621
237 1464
12 3882
277 1911
338 4904
298 1117
104 191
104 693
131 1410
68 4301
305 4934
336 4988
260 1720
280 3780
115 4517
350 4981
5 580
314 75
7 467
308 1193
234 1934
280 1875
106 4087
282 4048
117 4957
232 3898
225 2777
155 4791
214 81
92 1850
125 4912
133 2253
126 3963
261 3295
201 4018
228 3544
277 797
51 1119
379 1915
289 3158
36 3283
248 1950
123 2948
13 502
273 835
84 3666
198 1169
105 4066
198 3678
296 2535
73 1325
218 4209
32 3127
147 2027
122 4813
4 3482
377 4476
383 4319
97 489
60 4605
149 3122
344 2569
292 4998
263 2740
319 2688
187 3651
322 2843
280 2997
141 4981
131 4473
221 4242
393 2296
385 3594
366 532
75 662
174 72
174 3960
401 1921
254 4792
115 2459
86 4779
64 2900
13 3814
125 1798
332 2827
385 675
332 3952
255 2490
267 1348
189 2823
349 3135
303 1796
240 2910
131 4575
152 3227
375 2681
288 3047
343 1416
194 1894
142 4784
349 1259
356 1426
318 1268
245 2700
99 4699
24 3407
210 2100
147 2865
392 4305
313 1458
215 195
53 350
257 4629
355 4046
76 1270
263 1434
360 1755
44 3770
224 4058
251 672
257 4677
351 4203
360 1832
332 1404
269 3875
367 4192
197 2809
