653 653
146 4506
258 500
325 3044
313 881
138 3714
297 525
55 1153
171 4276
194 1053
213 1182
64 4171
108 36
7 4027
271 396
135 1010
33 2206
65 759
143 4299
75 1670
311 4820
241 4229
135 1048
105 1285
31 4403
153 3432
77 119
292 462
322 1548
78 1563
59 1699
232 4443
294 1816
197 4158
10 1201
248 41
173 3829
213 4060
267 4239
9 826
223 4118
323 3123
200 3540
67 1549
49 1685
312 4532
195 1950
158 2489
156 1464
1 160
321 4398
141 1592
149 535
111 4403
146 4063
240 2126
23 416
152 2522
306 4909
183 1541
49 3291
80 497
213 3648
78 2838
235 2051
198 3872
93 3119
252 4885
84 2919
181 4533
318 1094
300 2252
75 4063
68 3021
90 59
74 1564
256 2564
222 216
255 578
106 3175
300 2942
71 3190
104 3466
57 2191
51 583
299 1450
120 1858
227 710
94 3501
283 1496
33 1575
250 3961
45 1949
262 1420
27 3387
164 2550
317 2553
83 2710
165 3518
224 3910
148 3158
135 3322
72 312
59 1276
250 4884
55 3227
316 2531
59 3606
287 2917
31 3922
214 3399
184 4039
61 2183
153 41
69 2597
52 2691
146 2113
248 1157
290 2238
110 1911
287 4948
307 331
164 4823
52 2073
303 1740
213 3264
247 4417
247 4062
227 2820
252 3934
165 1543
59 3001
223 2218
321 2030
46 2768
300 1820
269 3436
73 3772
201 82
129 2745
235 4507
8 660
119 4421
273 1243
153 1872
295 3601
304 3597
250 2888
14 1253
67 643
285 1306
108 3088
91 1258
149 2547
296 4556
173 3341
92 4088
173 2725
76 1426
259 3971
315 3402
181 1720
187 2489
314 3517
6 2914
280 822
45 428
52 3045
284 3717
40 783
214 4797
271 1186
181 3120
139 2077
111 3384
262 4887
175 2307
300 3946
109 4281
152 4929
42 49
251 3480
36 1989
159 1671
9 55
282 1891
240 50
300 2150
295 2029
247 243
119 238
201 3424
318 4279
224 2043
165 4380
301 1334
135 4904
141 270
111 4349
304 262
266 4075
225 1535
112 1157
131 3354
107 133
161 1458
72 4914
125 3808
289 1126
57 4004
185 3495
183 2172
293 1114
40 2511
23 2286
159 154
140 1291
211 1238
254 4340
260 3113
53 329
198 767
201 3110
66 953
174 4512
248 2094
138 4665
92 1302
280 2784
2 884
102 3352
119 3744
183 4349
175 2450
52 1889
265 1873
285 3190
257 1508
322 3108
120 2088
234 2956
221 4076
309 321
242 3419
199 1052
149 2587
299 3258
33 2850
54 4526
44 4248
35 2687
155 4456
84 2173
259 3466
321 671
281 3337
83 2874
175 1368
82 766
226 2206
103 1774
116 3789
112 1099
14 2357
136 1502
6 1480
66 2820
272 2474
6 186
271 3885
129 1964
132 1213
46 2124
314 3327
30 385
63 4630
210 751
311 323
299 2275
103 2647
305 2930
209 3938
282 4106
291 2459
91 1019
92 1333
85 1370
7 2962
272 4384
6 1793
43 1214
47 29
69 1424
53 4117
116 637
101 4945
195 4668
29 4767
163 3131
255 4017
293 3588
81 4394
40 4040
320 2913
134 4406
207 2631
214 2431
271 2551
26 540
263 1331
93 2752
300 1774
153 4935
281 4737
270 2684
321 2772
323 3649
255 1342
101 2615
144 1731
243 2937
226 2358
309 120
162 3347
163 3058
290 4807
273 161
317 209
298 1778
222 3077
54 4513
164 154
71 116
41 4767
100 562
266 2189
263 1854
290 1255
20 4817
175 3841
186 4019
88 2987
159 851
50 4117
166 951
195 1990
300 1601
92 3800
116 2072
102 741
216 1566
319 4890
240 293
199 11
36 3720
326 712
302 3449
283 592
273 3637
181 3183
116 3557
80 3539
128 4011
47 1742
326 4004
16 1202
212 1615
284 227
122 2500
311 1833
81 92
274 783
172 42
32 1680
157 857
301 1889
70 1098
82 981
274 2514
63 302
25 2719
124 542
265 63
139 3858
170 1628
295 4944
62 1670
298 4038
228 832
175 2028
248 3538
89 3523
76 774
95 2855
295 2075
26 3792
142 2089
122 4251
232 1885
248 4070
195 1294
54 1460
47 1454
24 3221
50 1137
19 1488
90 2180
79 2673
294 1276
188 1195
57 2646
244 3703
46 2289
3 598
11 2709
48 4812
295 2667
144 4222
273 3727
18 4869
74 4928
309 2298
291 2712
54 4210
192 3567
199 2671
43 1898
129 655
194 549
190 4454
207 3738
274 3328
74 4974
141 263
9 2659
50 3745
197 1873
101 1187
173 339
168 2082
199 3067
15 1960
222 2675
93 4466
169 3945
6 2174
245 4453
66 1477
257 764
279 364
125 1236
278 1061
294 3905
163 3873
285 1748
230 1499
193 1918
311 1460
238 3578
146 741
302 918
238 698
215 3579
218 511
34 4628
282 1605
98 576
173 3377
146 3331
111 3565
12 459
216 1099
252 1934
91 3453
247 72
153 3480
249 4962
158 4642
254 1793
241 1963
216 4990
200 2858
272 1286
173 2891
141 3937
67 1126
199 1604
150 2631
86 4915
192 3098
84 2976
248 3003
52 4888
314 4435
270 4806
260 3786
149 2845
312 165
204 3132
202 1952
11 2472
181 3321
124 3739
270 743
292 2448
321 4750
242 3494
237 2724
268 2968
151 3664
200 787
72 711
54 3650
70 716
150 3248
241 3713
163 3096
310 1937
260 3089
194 2258
131 1451
291 2974
165 64
84 234
224 457
36 1918
8 747
73 424
215 954
159 1789
113 262
162 553
77 4111
100 438
294 994
166 3383
75 3386
268 4852
10 4272
85 2031
221 3751
229 2464
205 1699
156 4748
245 3064
5 3952
254 4110
62 4262
270 4731
144 799
179 3451
160 3064
313 4405
159 3337
272 3705
244 3442
269 3221
27 3303
156 1016
219 2240
203 4175
197 4134
319 1080
110 289
193 4252
55 1211
299 1352
97 120
52 879
209 2877
93 3187
67 3325
314 4230
87 4553
95 885
86 208
37 2325
140 4035
272 576
42 4890
72 2707
192 1409
114 3833
217 4603
8 121
245 4702
123 4042
113 2146
169 2142
88 4325
183 2055
186 4550
139 1244
258 669
311 4334
47 3591
77 3072
10 3253
56 868
84 3763
7 1121
157 200
291 3346
99 1750
212 3696
216 2187
66 1413
90 3621
42 159
321 3143
13 1618
161 3507
212 3405
41 1373
147 4890
164 830
301 1527
197 1082
306 400
311 4625
118 4558
317 1116
305 1640
26 354
212 3790
36 2563
2 3265
124 946
125 4810
1 1613
146 14
276 886
306 3833
80 382
225 3961
205 4871
67 4606
172 2777
111 4893
193 1561
159 42
28 3835
306 458
175 47
277 4862
298 3634
268 1411
320 4369
87 733
18 169
94 300
80 540
108 171
198 3035
