247 247
93 1301
34 1106
8 2669
79 3344
109 3762
105 1318
91 242
113 1678
10 644
119 2736
64 4981
10 1351
111 2747
100 4715
43 3710
96 236
50 1435
89 483
96 2525
115 542
79 4800
97 806
98 3528
120 762
122 23
70 3197
55 4572
100 2771
34 3470
4 937
45 4062
82 3268
105 390
78 4761
104 1722
112 2527
10 2437
97 1047
77 3920
57 3278
8 122
19 1986
111 4612
110 2587
7 4464
11 4544
99 4463
28 307
109 280
79 598
1 3162
24 100
98 1588
4 3761
75 2340
2 3953
93 1750
95 2955
93 2645
63 3358
79 2479
117 2230
51 2073
62 1522
61 308
16 1105
64 4853
53 4789
62 3905
116 1109
100 1291
110 1218
17 2478
73 709
42 1743
111 1689
53 4895
94 3873
70 1937
107 4860
26 2724
33 2850
46 2847
44 4779
101 3712
57 3236
5 135
89 2823
31 1695
95 1373
77 454
82 1208
117 3244
55 4364
109 1676
106 3046
110 1940
29 1765
78 4556
47 612
85 1601
64 90
3 1586
72 4933
20 3912
75 1649
114 2715
75 2012
122 2888
119 486
100 256
82 2278
23 1142
47 2859
9 3907
18 4271
117 2981
116 4895
121 1157
88 4177
108 3526
86 322
39 2743
121 3285
10 2252
68 1844
80 3855
108 333
5 1972
76 1181
81 636
97 3533
122 263
39 4678
95 3722
113 170
35 2819
87 4090
55 1581
40 3955
19 1310
25 1770
79 279
87 1560
27 1525
57 4958
44 1950
56 2996
15 894
59 2547
106 1556
13 4368
82 1021
115 341
21 1510
62 1811
59 4249
92 53
23 3977
69 345
116 2440
68 2301
111 4856
3 1542
32 4574
33 3256
22 4950
86 3373
90 3799
91 919
64 4242
30 1673
92 1715
16 137
43 2820
18 4350
107 533
35 1355
78 27
5 4758
59 2991
22 3769
58 959
52 4336
91 3634
72 1281
115 1542
16 4626
82 1697
73 3589
35 4087
75 187
35 223
91 1481
116 4974
9 2006
92 4187
88 1906
10 463
5 4543
6 4830
65 2651
54 3575
10 4495
123 1213
75 4476
2 1961
112 2297
62 2507
70 4473
113 1470
90 4577
12 17
116 1205
65 1434
100 819
103 1243
6 314
50 1980
73 7
84 1810
2 34
55 452
86 4067
98 3161
69 2602
19 2338
84 4978
101 4325
15 2096
35 4548
82 2081
13 3577
25 3123
26 348
45 4496
7 133
83 4649
18 3017
65 951
79 2539
66 3146
31 4659
29 3197
41 1977
14 3732
102 4518
