336 336
115 3925
72 2415
40 1518
105 4315
4 3049
132 2937
114 536
125 3337
81 2723
36 280
80 604
81 577
5 1065
137 2370
3 4300
11 4146
43 3495
116 619
4 1856
79 1507
11 4450
71 4687
61 4427
132 4624
146 1701
132 4629
158 4828
55 3673
47 688
67 3311
45 811
88 493
51 1295
102 3537
36 4860
40 3653
39 3722
123 1611
56 403
86 959
29 4219
26 4765
83 731
146 3726
107 2298
163 4389
123 3665
145 4930
71 4674
73 1249
76 2442
150 1082
54 2010
142 1381
92 4953
147 3050
131 4327
49 1699
17 4311
120 1759
157 959
84 463
43 3655
124 133
22 1415
1 2993
7 2663
147 2543
25 3825
156 3646
159 936
129 914
145 418
35 4043
10 2252
163 4467
59 4206
149 3231
57 3872
131 4475
108 3243
56 4246
55 4129
119 3912
71 4344
78 3902
162 4494
80 4706
43 2919
160 816
57 4091
80 1869
30 2500
37 2454
38 2278
19 4879
79 4092
38 1525
25 4543
160 1934
91 2816
140 3652
47 2575
12 1055
164 1030
137 4037
7 332
51 2797
24 690
14 1886
43 3184
123 3250
18 942
76 341
74 813
130 3602
164 3188
159 2221
92 3718
115 4197
100 3056
102 3369
3 54
42 3774
43 2095
54 2272
76 1450
122 4635
134 112
116 1594
151 682
159 3929
54 1961
131 3950
15 2165
54 2969
40 1915
31 2468
74 3354
44 2702
145 90
164 3318
50 1983
29 42
22 3463
38 3675
120 2211
129 981
79 889
117 2711
152 2341
123 2991
68 1891
73 3529
120 2354
140 3105
146 3446
98 3194
3 509
50 3834
137 2184
6 3542
158 3306
81 1910
101 3199
104 1155
61 849
24 3251
107 1463
145 2259
98 2582
105 103
164 2266
134 2293
9 19
132 3099
74 2770
9 1469
109 3095
167 3523
156 1537
87 1773
92 1539
124 620
50 886
36 3817
42 4038
81 2829
59 4593
135 261
52 447
81 4395
85 1803
127 2883
123 3948
145 3885
105 1947
145 3606
138 2292
160 4754
88 3817
124 1927
92 1429
122 203
147 1747
110 2281
14 1241
77 2935
39 825
148 1888
13 1121
133 4297
137 3868
127 775
115 4882
124 4414
106 4805
114 2787
112 951
140 1640
149 558
38 4417
42 1762
75 2046
117 4614
77 22
157 4455
138 4239
52 295
130 4502
142 2234
93 2356
103 4690
46 802
158 4384
156 2302
100 342
44 2422
142 4861
127 4574
127 4908
165 1725
155 3153
130 1647
22 3465
72 1548
71 1403
61 4153
164 3891
90 4063
116 1732
51 4151
133 2133
36 2655
86 2627
10 4370
21 4256
15 1645
12 1055
104 432
167 4465
96 1254
78 2687
149 2193
139 220
167 3589
94 2294
158 3012
74 2605
41 2931
159 4295
68 1893
162 1543
71 4006
167 2013
40 2292
124 3244
12 1396
134 541
92 3083
144 4070
26 3000
39 1427
4 752
13 3524
137 516
49 24
38 4391
58 4586
16 1348
113 4052
133 2261
27 3108
137 2508
165 4289
42 3312
10 463
139 574
160 4506
58 2550
38 220
109 17
16 634
42 1937
108 2690
54 3560
35 2483
23 4087
36 350
54 2176
145 1112
64 2709
24 189
146 2233
24 2355
43 1716
40 2832
79 2194
27 179
93 3398
142 1780
152 755
141 891
109 3182
38 421
140 4898
138 4654
38 709
33 797
118 2518
34 764
120 3319
67 2914
97 408
134 4026
110 3543
