961 961
240 2899
345 1583
150 4785
476 2711
248 216
413 4167
109 4116
257 3034
45 2067
414 4088
364 701
339 4620
250 4038
345 557
160 3240
2 3845
98 3859
476 3826
385 4561
163 2658
445 4426
272 4367
149 642
466 377
405 2275
424 3549
61 2157
93 1969
393 2335
395 1353
302 1978
225 4265
231 4373
53 1489
166 2690
6 532
222 4785
156 1862
89 4544
319 3702
51 2423
190 1142
476 4500
212 753
134 1027
33 4940
406 1803
133 68
52 2540
151 4623
384 1307
203 2018
104 4333
52 2905
260 1141
79 1498
209 3931
19 4932
140 4746
61 2787
381 2399
84 2396
469 4458
280 1658
397 2434
444 320
23 2417
386 4152
319 3368
363 1412
322 3390
439 2800
352 3851
464 809
370 4267
149 3822
170 1805
196 4504
235 1496
269 1522
452 3170
315 2347
422 2911
266 1240
284 3327
394 4613
277 3645
473 3765
323 133
140 4565
219 4404
366 2122
302 249
212 2389
321 1343
110 3213
360 4556
371 2086
148 746
458 2970
112 2488
365 846
435 1531
393 4556
40 2732
268 3971
410 3594
399 332
439 3387
84 4493
430 3292
427 324
63 4668
58 2360
329 3220
270 1090
462 1282
290 3278
76 593
158 2861
365 2472
115 1600
416 4266
397 1192
286 1962
415 2865
279 4980
150 3753
147 4608
90 4251
197 134
355 3917
360 4986
84 240
308 4046
353 1836
245 3361
121 2763
468 385
125 2609
178 1924
471 1388
72 140
182 4852
68 3278
192 4015
411 3355
285 530
108 2941
68 3671
99 3555
212 1578
8 3672
312 3000
393 2852
99 3604
223 1023
475 2491
426 4067
105 3175
246 2357
252 4759
218 3999
46 3819
345 4979
351 564
127 4256
442 4878
31 4323
46 2111
198 3454
341 4730
16 688
45 276
370 4593
3 3573
325 841
37 64
54 4590
140 4607
445 1743
143 1098
216 729
374 2630
326 79
315 1850
9 2341
263 2598
94 4693
390 4956
300 1840
332 3960
27 2903
423 847
123 2809
124 630
64 1204
259 2854
405 908
353 2029
470 3829
348 2316
40 618
113 1426
437 321
46 150
357 4865
167 3498
75 3589
247 71
444 423
368 1978
259 3026
181 4903
10 4446
309 3528
408 1707
448 129
447 3176
90 2
305 1881
335 550
452 2395
297 1157
24 94
19 1456
25 552
155 4733
127 2235
117 3681
373 4419
342 1467
231 107
166 4312
11 3579
223 3549
398 2232
246 4098
439 3213
458 2796
3 3051
410 2495
25 3569
147 480
108 1488
127 3463
451 4133
122 85
121 3300
440 3994
407 4789
48 551
96 2770
199 341
416 1467
334 1948
361 1545
401 258
296 1414
345 2404
435 341
183 4462
190 79
278 4940
206 2245
472 3141
55 2448
171 2047
57 1931
179 1286
351 2184
120 4052
330 3029
276 3053
368 3249
392 2634
184 1479
348 2530
265 2457
161 2627
368 4505
51 2437
16 2346
32 546
255 741
210 3433
62 3013
138 4346
145 595
393 618
360 4571
65 1141
415 2478
456 2901
41 3523
141 4816
444 726
72 1579
69 1664
388 1684
461 2197
405 2060
282 337
106 2139
288 4044
87 2685
425 1721
469 1062
329 3537
210 401
242 3145
426 4652
326 3618
252 4318
166 4142
126 3839
79 4712
428 1656
458 820
373 4717
64 4505
50 4468
301 3984
144 1336
328 1488
412 2607
71 3408
469 1068
149 4331
429 4174
347 478
456 1288
414 332
143 1108
363 3656
408 4181
155 620
387 4859
446 983
110 4534
121 159
363 3107
36 4690
231 4173
3 1314
162 3544
187 3966
86 4585
48 2844
245 4439
11 4971
411 2312
452 228
345 3200
101 4737
142 708
461 4761
459 1736
303 2538
328 2486
255 6
286 2654
256 4130
1 267
265 4975
343 3216
41 3019
82 1060
427 3141
132 1835
187 1194
394 3389
362 4693
332 317
315 2970
356 1712
390 3723
155 2823
177 3003
335 3336
429 3034
352 3141
455 141
134 4498
348 1293
144 4205
33 1385
166 2471
227 707
12 4142
355 1576
191 2219
262 1638
309 4194
467 3098
230 1940
174 984
193 4049
381 3024
452 857
6 3444
190 633
369 593
434 3478
301 435
463 143
52 2923
58 1596
398 1092
215 4578
380 1030
203 3444
351 493
195 2677
321 3586
375 497
203 2361
66 1276
433 3000
383 2895
293 4052
382 976
257 1979
229 3186
356 2845
38 1092
478 2970
39 2003
358 1580
182 3740
372 2894
287 2143
154 2733
7 3199
163 3381
211 407
472 2874
38 1116
399 1388
84 4845
333 3139
232 3259
373 196
432 4271
371 4266
454 3538
237 754
147 4449
432 1995
344 3791
207 391
240 4854
246 2929
252 4518
164 4422
104 2289
172 1536
372 2495
78 2660
89 1709
180 4594
139 4445
206 205
119 3008
175 3229
159 944
326 1781
241 2729
347 459
239 1284
35 1858
400 1208
424 2292
296 3297
441 3354
290 1124
121 1074
465 2026
79 3139
104 3550
360 588
427 2196
421 2650
362 1717
320 991
111 1619
334 3638
349 1323
218 778
232 4500
9 3047
420 3817
36 824
352 3409
199 4117
149 1906
348 1489
389 4311
448 1008
300 2338
336 4271
141 540
80 1762
395 1283
373 4219
401 4480
92 1566
326 1803
465 3903
336 2469
378 2318
396 1062
230 1910
146 4889
130 1348
272 1776
403 1999
367 1824
252 2830
390 62
182 4011
421 2186
326 2780
39 2180
300 965
301 2477
83 3392
441 4048
322 1270
187 3084
7 3986
454 2078
353 239
404 2119
368 2478
390 1019
184 4630
215 4516
51 3095
439 4824
226 2046
318 1360
161 2323
396 1509
402 2536
104 731
7 4082
5 3115
449 3921
389 569
77 288
139 2313
214 340
149 4480
147 4384
11 4897
7 3327
58 547
423 3148
321 4443
385 2866
2 4048
341 2582
340 4576
127 2906
230 1904
7 720
77 4755
459 4288
229 260
385 3081
166 595
425 480
63 3689
268 915
340 3631
215 358
221 4893
420 3158
227 1877
176 3184
188 1073
168 2096
288 4685
322 3105
363 2175
227 269
266 1377
72 2395
173 601
221 136
62 2354
84 4929
330 4254
303 4824
281 2254
421 3453
145 2429
72 2035
81 851
154 4730
199 4360
294 2764
279 3563
457 1161
460 2059
407 3446
48 941
144 2087
421 4929
40 3721
33 4121
476 4143
173 4515
102 4830
38 4555
337 4289
127 920
385 4762
111 3783
336 4999
344 173
5 489
404 1085
386 223
477 4156
321 3053
199 2294
444 3177
249 2652
380 3836
89 1528
370 3682
329 1440
171 4801
452 382
96 544
272 2730
123 1000
350 654
263 4510
162 2528
176 1312
236 1656
237 1974
360 558
88 571
219 4573
328 3737
134 3783
200 588
414 2399
160 749
322 2227
455 55
381 4574
201 630
3 274
121 871
467 338
52 4810
80 1471
479 2583
79 3960
423 174
442 4819
192 2747
276 1473
413 2319
132 105
275 1932
138 1564
43 288
468 1836
117 2227
268 175
459 2440
68 4343
272 1740
240 766
475 1412
361 309
362 2718
132 399
150 4396
440 1571
254 3331
22 3202
133 672
340 208
241 4534
359 2527
479 1652
237 4497
291 2942
368 2087
301 1285
68 4869
341 2745
270 1394
30 4586
159 717
365 1983
256 3956
88 3112
247 2031
394 3757
403 2894
255 4988
9 3509
329 3845
429 1605
221 3018
402 3218
235 4581
262 709
475 1519
317 1836
381 1434
165 1188
293 3059
297 2899
358 3288
57 4010
217 2754
162 2952
206 854
273 1275
81 1985
277 1853
35 3090
219 3883
83 901
7 1207
347 2043
464 2216
198 531
225 144
15 4019
451 1505
460 4492
92 1108
467 1792
2 2301
41 103
379 3662
306 2323
151 3007
84 962
114 4323
167 1855
51 2929
349 3185
150 3492
406 4717
207 3081
405 3513
267 4690
273 2249
301 2428
431 604
8 1828
316 4000
185 4202
263 4076
393 2826
7 2301
467 1686
257 2790
360 2144
16 4774
435 1869
211 1979
464 4651
280 743
307 15
401 3130
392 2808
260 3533
440 2990
78 2007
232 168
179 4058
223 1373
165 2735
47 4343
355 1239
420 2376
421 2737
299 128
458 2394
47 2552
164 4634
126 2598
329 849
268 4848
166 1623
402 3069
119 414
188 4202
372 3417
46 357
302 4423
376 4125
448 3343
140 4253
460 1904
463 2252
167 1823
347 3471
225 4073
240 2936
316 3588
396 4187
204 1163
334 3532
79 1962
273 3911
246 3185
161 431
359 3684
347 3170
414 3890
388 4197
414 4680
285 1555
163 3534
165 1095
263 3420
242 4779
450 2381
86 4215
188 420
323 4482
362 3385
164 2576
78 777
24 4855
289 2061
415 3077
349 3299
301 3266
316 4191
126 3365
387 3347
250 1715
196 872
400 593
133 4534
141 629
66 898
437 4154
150 3662
368 4983
2 1003
408 670
272 4374
304 798
374 887
39 2807
402 4089
238 2393
423 4745
33 3339
367 4730
217 3408
273 3513
319 1400
363 3712
279 2569
335 3954
154 1960
390 940
269 3096
64 469
315 1362
341 525
191 4582
207 918
343 4685
63 4792
285 1986
420 4449
18 1740
258 468
294 4406
272 3273
470 349
27 2043
86 4464
118 615
403 3912
154 3478
337 35
294 4423
391 3932
264 3600
401 4548
237 2031
10 3007
234 1708
121 4778
241 542
63 4725
34 1294
478 3770
367 820
23 2636
237 3822
456 1408
124 4025
131 2463
70 1237
246 1255
315 2865
222 2363
154 1129
1 3226
387 4586
349 2958
394 956
291 1226
191 3841
237 3663
282 2912
309 4935
476 306
193 4449
125 3413
365 3333
379 2682
290 857
16 1660
113 4418
408 1761
295 2361
271 4159
480 66
427 3266
382 3203
23 992
239 4906
139 1754
366 1904
413 2795
417 1024
83 3866
24 252
327 4248
324 2298
400 4005
249 3052
301 1915
341 4535
420 1322
405 1777
106 4165
378 1644
128 193
221 2179
56 3864
