973 973
239 299
186 562
398 501
74 4346
391 3546
274 3330
311 4942
416 437
21 361
479 3777
329 3658
370 2135
62 2695
172 777
462 1163
482 2985
260 2698
427 2391
275 2548
277 2279
87 4164
441 674
306 2766
473 2047
367 2646
321 4175
167 2173
248 2612
291 2760
82 2911
477 4315
106 3158
150 2325
21 1228
110 1006
298 124
78 2637
324 55
83 217
220 2491
85 3237
38 124
66 2021
264 4483
408 970
395 4388
75 3740
178 1222
412 2792
175 1010
185 1923
225 1749
393 3821
171 4506
150 2006
78 4577
40 3823
222 1157
141 3873
422 352
138 3536
360 2766
11 2962
84 1744
424 56
385 3159
385 632
141 1786
25 2299
466 71
230 2516
30 3767
124 4895
69 2717
405 2709
332 1420
104 849
114 1468
413 146
24 4022
55 2984
393 4283
58 2751
411 1336
187 20
196 3437
420 2808
323 1196
127 2848
450 67
20 1454
189 659
301 322
197 3158
157 1669
115 3365
281 1435
233 1414
163 4965
447 2650
382 1672
141 1518
161 1073
275 3891
475 2944
77 4720
412 217
330 2488
214 3928
23 4144
367 3473
139 950
474 567
168 2192
102 4194
430 2947
267 3786
229 272
370 2092
431 2828
201 984
119 3261
274 2587
113 1563
197 2382
358 2107
367 1673
6 4167
64 1483
205 1789
185 1656
39 2866
282 4398
464 3848
207 2563
313 3287
357 2877
233 3059
267 2840
33 3009
392 2731
340 2491
375 366
171 968
322 3476
174 3203
388 4373
51 4405
277 3972
340 3172
21 3330
310 4848
416 2526
239 1668
257 4580
304 3973
363 205
373 1531
225 2376
443 2782
146 4356
121 1847
350 1448
238 484
269 2202
341 2410
465 3561
382 3762
425 3224
78 4223
454 4162
242 1789
95 1098
176 2786
416 4956
141 2691
314 1708
244 2500
449 1592
254 4509
156 2239
260 1792
325 1451
73 28
301 4515
372 3317
428 2322
321 3886
460 2695
205 4800
395 2295
69 4982
454 2169
355 1074
263 313
47 4776
404 4490
370 3059
293 4091
45 3109
249 3350
138 397
106 4365
444 3884
109 4922
27 807
410 4165
80 921
414 298
372 996
472 221
62 523
352 701
155 2378
17 3711
296 4293
32 3120
46 2358
141 1782
27 1841
13 362
291 2067
486 530
94 4343
439 4495
391 1023
312 3715
477 1910
1 4475
452 542
379 4189
485 3776
118 1270
22 3434
91 2021
394 2169
396 1352
167 4526
447 22
33 2402
482 4385
52 522
259 4208
205 1385
375 3313
147 3962
228 276
245 4367
48 4567
201 2670
63 2900
366 1840
298 1924
463 366
201 413
424 2877
407 308
114 3857
360 1329
412 1720
333 905
379 3356
210 2690
224 3571
48 2439
404 2479
318 3973
344 616
204 1624
321 652
375 2944
109 2023
260 3240
282 1766
412 676
121 2427
411 4293
154 1053
317 4150
277 3808
93 474
392 2050
419 1971
301 3418
476 4586
324 1359
138 2691
421 273
145 4360
440 4148
150 2464
270 458
449 1518
123 1733
306 902
342 832
353 1529
372 3996
219 2356
287 2319
208 1246
126 3990
339 3498
280 564
410 2413
142 3566
474 2056
248 1113
239 3610
39 1234
84 3296
51 2745
63 3658
348 3005
437 3489
122 557
467 904
197 2172
349 3742
461 3748
434 4512
5 1729
228 3494
483 3690
385 3831
316 2611
280 2760
460 1498
387 2366
287 853
48 4339
466 2936
80 2172
187 589
121 2752
60 4601
283 1552
449 941
379 3092
100 630
130 4965
62 2660
69 3579
473 1054
441 4362
279 3546
128 51
421 948
119 2172
144 4949
247 4946
53 3292
108 2788
196 3242
406 2252
406 356
369 4946
190 1935
204 549
454 1245
397 3497
243 3348
346 3983
382 2558
276 3048
344 1157
38 4268
275 1486
335 2748
439 4582
254 3234
248 1992
400 70
326 4787
402 2858
117 4083
262 646
171 1634
297 2736
381 723
245 769
209 1743
360 4303
137 1787
448 3969
373 1717
212 4675
260 118
313 1906
236 3472
262 398
184 4501
216 3216
465 3373
170 4381
128 2067
130 296
466 3277
90 4329
252 101
329 2223
184 663
215 1880
25 4125
69 3234
379 772
67 4520
96 4126
406 4565
439 4806
471 2031
392 2932
21 1421
240 1748
243 2554
110 3007
21 2321
296 3477
138 3788
38 562
131 425
130 151
213 1741
402 4786
327 4904
215 406
23 1685
267 3693
153 3541
334 869
434 47
260 3272
286 3339
6 3408
215 2636
150 1050
458 4543
174 1564
321 1786
233 2083
248 1021
202 1755
40 2378
307 178
251 4878
346 3765
404 593
61 1834
101 2643
422 252
86 1374
350 1475
181 10
230 265
237 2079
55 218
291 2107
282 4404
20 97
238 372
57 329
471 447
458 4789
297 3243
272 2701
186 3131
478 2844
183 4793
250 4552
98 3095
443 125
166 3582
399 283
107 1966
214 1209
265 2051
256 4519
251 2851
83 2538
274 1901
43 3870
140 4864
445 2712
168 3247
467 3919
199 160
478 971
28 1860
4 961
16 2761
75 3292
322 794
262 3833
61 2065
316 392
485 1890
3 2853
256 4697
429 2119
308 2976
77 4784
308 1358
16 1039
324 895
375 3012
106 4453
262 2946
373 2038
192 3097
481 552
271 3006
211 2633
257 504
323 506
60 4448
59 2121
424 886
184 2253
360 1181
208 1271
8 372
115 259
237 3623
438 1428
391 834
220 4183
481 4569
258 1392
312 4213
133 4591
266 3441
81 1739
397 578
455 2803
485 2316
254 2654
458 1952
150 3911
468 1476
328 822
28 1114
327 499
89 4761
431 4647
126 609
242 4263
157 1656
162 244
23 322
326 4676
165 666
271 788
21 1741
136 645
307 647
428 3134
13 3517
341 1275
125 3197
226 393
153 2542
310 1939
239 366
305 2207
159 2331
291 1036
120 4089
197 3443
18 693
376 1294
271 2465
163 2663
330 2981
307 3067
272 3492
444 1083
278 3877
116 729
148 388
182 1114
21 4402
333 3552
171 1597
30 680
97 4132
86 2726
396 856
204 3710
220 3032
79 2849
332 677
123 4218
193 3577
267 2037
419 2651
469 2802
449 3014
134 1209
286 6
175 1154
324 4569
168 2640
373 74
106 2004
402 1729
72 4080
337 2242
69 3336
250 1510
92 1018
456 516
82 2854
129 2629
288 2327
66 3787
162 727
56 4184
351 2795
228 3773
253 2860
358 3469
101 1271
432 1332
484 4460
414 1400
335 3495
424 3434
112 2075
114 1852
427 604
317 4674
480 2987
16 4496
194 2008
273 3011
475 1579
116 1650
250 1457
259 2190
240 317
349 3873
30 1792
203 3743
361 1275
107 1988
315 2490
28 2335
350 1010
219 4919
300 1107
137 3082
77 3820
466 3608
6 1692
76 4593
346 296
14 2391
13 114
39 382
384 4902
289 4091
464 3771
314 3427
434 1255
382 3037
1 4282
318 2845
297 715
358 2395
129 4486
360 898
108 3872
158 4489
316 4640
9 2149
125 739
301 2076
341 605
346 4737
181 912
300 4309
450 1451
183 4704
419 2292
409 2112
248 4468
97 1021
88 2697
55 4530
191 4263
33 1748
264 1182
34 3617
67 2629
220 3375
129 1971
6 4311
270 1401
235 3854
433 161
76 3299
251 3739
226 1445
275 4205
133 4086
196 4646
162 2872
432 1506
59 2810
296 3266
90 180
232 3458
313 2644
390 3289
162 4975
250 641
145 4281
138 4713
425 1540
193 4780
168 4989
294 2060
182 2259
348 2554
141 3662
108 4808
255 2329
281 611
336 4128
333 3290
369 662
398 4171
85 1162
178 3028
369 3486
416 810
432 3409
173 13
366 1968
216 79
63 2345
479 860
350 3172
63 1990
13 2608
52 1847
82 1046
40 3535
284 281
374 3308
164 1058
453 4092
134 3190
139 1716
357 1170
165 2537
192 2278
269 4751
278 1471
345 2167
273 4142
362 947
331 4669
93 1758
268 526
358 3947
34 4486
51 458
326 1705
28 944
446 3083
301 1931
8 2777
117 2785
281 3530
478 4953
431 4436
431 1975
293 63
450 4957
337 3991
470 3991
443 4713
307 3237
420 3983
204 661
435 618
404 1025
448 4898
438 3671
304 516
225 140
24 3723
191 4091
80 651
399 1801
337 2754
45 3435
30 4221
373 3295
66 3143
3 4963
483 4426
72 1696
134 4132
241 2340
400 3738
1 1658
250 4173
141 4973
304 4344
185 2840
282 4614
276 421
401 1736
50 4950
464 4554
155 3281
148 4089
53 4719
139 4134
225 609
295 449
18 4670
173 2078
4 576
384 958
52 3785
8 4397
267 2708
184 3031
265 420
317 4741
162 4046
26 2636
254 3082
246 3223
207 2415
274 3888
298 437
55 3674
193 28
426 2606
3 2991
194 2041
30 1719
9 297
327 4936
201 3112
452 1573
419 228
60 807
69 2057
101 1939
171 2845
289 1674
416 901
2 79
316 1715
479 1906
472 4813
322 1054
140 4967
235 4764
476 2748
291 3496
45 4689
47 588
426 4543
167 4451
380 2116
334 3716
234 4463
139 58
146 2593
342 3592
431 3699
134 2149
186 4990
4 1676
42 3445
153 1658
158 3962
331 1044
271 891
91 1593
292 723
236 2030
245 1638
191 1053
259 32
135 4481
74 3261
371 4372
327 1488
154 1222
244 1287
24 146
278 4047
130 2654
483 3236
56 3518
274 4612
252 3960
476 1443
34 2198
97 4408
312 218
227 4367
205 1421
117 3531
315 3678
22 2403
18 1376
189 3197
19 4265
82 3054
30 4141
308 1229
85 837
458 3717
415 239
123 1259
271 1108
105 3195
395 4914
426 4336
441 1244
163 2835
31 4940
142 1560
294 3597
101 124
244 463
125 4714
243 2965
40 4691
41 1572
345 2006
239 1049
369 635
44 2100
247 4745
138 1499
195 558
187 4317
134 2497
239 4116
96 837
334 3777
205 578
318 853
371 3756
419 1690
367 3590
397 4283
204 4137
451 3238
363 1967
313 220
255 3140
480 670
9 4368
356 4066
143 353
297 2726
433 2622
314 1741
364 1996
265 1533
476 1322
180 2953
24 4657
