970 970
386 1586
73 2092
297 1149
435 398
335 108
44 4137
365 3380
183 390
116 154
283 4405
29 2398
212 4474
338 1384
153 3536
236 4668
384 3228
282 91
327 3735
193 4100
127 2824
5 3043
193 2781
334 4398
21 3366
349 836
399 1188
235 2748
373 3077
194 1511
227 4067
254 834
336 3079
420 3257
197 4016
222 120
271 1599
47 1888
269 2738
218 4172
149 3616
412 2208
443 1610
143 3937
212 1844
346 507
439 1141
85 443
256 4965
462 1041
90 2279
278 2945
325 2194
16 4167
379 2648
153 2510
353 3126
281 3164
376 2650
166 2642
40 4911
256 3949
105 4886
109 2033
405 4568
236 1016
457 1529
73 708
18 1605
219 3604
43 40
248 3217
11 3362
415 1072
199 3009
484 3513
278 1401
480 2933
92 1665
360 2755
229 2424
290 1042
435 4386
193 2501
169 1630
133 3302
441 4126
306 3623
200 4935
451 4607
181 3116
390 3389
275 2347
393 767
203 3782
283 30
441 4927
477 4239
276 4618
168 584
370 2124
83 4877
173 3494
205 1842
23 510
483 881
266 3976
46 3950
441 4179
415 2784
89 4806
366 1870
309 3642
280 3962
433 3105
291 3674
297 874
287 3928
383 886
15 3085
406 4177
461 1521
417 3097
348 1504
467 662
58 1883
82 2971
255 4541
380 162
107 2350
298 2475
92 2078
334 3879
224 2251
479 2850
315 2025
395 4108
212 3594
41 488
203 4068
151 4399
440 2878
171 2175
387 2333
39 4513
303 1959
378 3048
239 1121
407 960
302 76
228 1642
464 699
228 117
236 3441
94 1276
9 519
406 1016
306 3645
438 558
297 3726
440 144
39 2031
278 3758
343 670
315 4955
394 3197
379 4535
108 3737
477 432
297 1697
124 4354
249 432
301 3887
344 3554
32 1907
301 1797
387 1251
289 4627
48 3509
222 1306
390 412
177 2422
476 3526
294 1798
161 2067
476 3321
86 3334
32 1562
411 1158
471 3867
106 4494
459 3355
180 2378
241 3723
278 4037
70 2792
287 1479
66 1459
328 4575
129 2355
418 1517
329 4586
411 1978
308 4502
188 653
111 3423
144 2715
318 550
305 783
420 3298
46 4561
133 158
356 3673
419 831
166 703
211 416
439 4363
353 1514
166 3914
379 1062
247 3985
82 2390
112 2931
163 2780
338 1910
93 3688
258 295
288 4559
66 2700
67 3940
465 4962
153 8
60 4450
264 1432
63 1747
69 3215
255 4445
359 1718
430 406
356 2878
18 4108
213 2124
312 682
222 1584
472 834
238 2230
448 1354
240 608
129 565
438 562
86 260
175 40
169 3190
392 3860
196 3448
466 679
45 380
42 4797
70 752
422 3396
166 2245
1 3225
159 130
385 296
124 931
400 3467
149 737
218 1766
43 3017
279 2698
126 266
153 754
292 2792
44 3732
54 2914
160 3780
421 4052
95 2868
82 3009
44 3113
39 4092
453 3809
370 1546
63 1081
471 3100
444 591
381 2099
471 1325
151 4355
339 4059
252 2963
388 1342
10 1752
392 2244
202 1973
67 3129
460 4733
146 736
291 2221
207 2659
277 4695
281 2387
115 3613
280 695
266 3577
292 2462
462 1326
241 1818
195 4549
274 4316
275 1881
133 3756
236 2314
395 4353
96 3047
291 4142
86 2079
11 4846
255 3769
363 1725
306 2846
262 156
210 2239
441 4656
445 4140
263 3103
163 770
309 1865
241 2436
60 1360
145 3061
195 4237
72 172
220 2231
352 695
343 3171
407 3748
413 3861
129 4965
248 3603
265 465
123 2724
56 3584
102 2286
21 4271
13 1374
399 2489
426 3181
409 2801
31 2182
425 587
240 3987
268 1942
332 1314
334 4497
307 1019
352 1444
317 1136
290 3384
313 2215
237 4806
9 3826
301 3488
35 4397
256 1737
131 360
143 2339
96 4225
164 4234
337 3109
448 117
412 51
423 1731
165 3078
417 3322
401 3576
353 2535
89 2877
408 4632
265 3936
111 2290
427 2533
475 3579
87 1890
132 1831
267 3309
52 1570
473 442
256 933
95 980
188 4748
347 310
206 1736
326 1471
432 936
174 2406
212 2529
429 914
70 1788
461 3455
352 3181
38 2339
197 907
100 4126
48 2107
281 3057
298 1787
63 1677
347 3706
453 1050
322 4355
208 2994
180 3359
246 4906
38 1823
157 669
438 177
330 2488
318 1224
208 471
84 962
350 3076
191 4714
66 2361
421 2094
290 4763
326 3051
468 4429
269 4214
334 42
86 2886
197 2831
400 706
127 3837
7 1065
267 920
119 3502
449 2158
311 4385
31 2328
53 3570
4 3088
457 3176
176 4468
351 3315
43 3483
410 1697
455 976
466 2963
450 461
272 1072
82 1573
255 4859
161 3285
85 1793
163 4014
14 26
70 4553
70 4363
120 4360
202 4261
429 1630
316 2005
46 637
173 1057
76 656
252 3089
144 1140
61 939
74 4596
293 1464
395 1910
38 1482
368 3022
2 3610
168 912
142 1670
293 1852
189 2531
365 2152
251 1520
241 663
207 3625
425 2840
459 2006
288 4321
79 2526
410 4421
376 1483
16 698
109 3302
120 4691
155 1452
437 1678
104 2594
2 1308
404 4656
4 3477
156 4590
348 3493
384 48
434 2735
196 1776
5 1195
127 2233
467 527
86 4301
88 4255
466 1229
4 3975
251 1075
422 1483
297 2489
249 1110
433 3467
89 1093
221 3788
21 2284
370 4441
114 3957
344 4245
329 2691
105 4844
413 4018
375 83
326 1816
2 4971
405 834
463 2754
180 79
13 4557
262 370
214 96
72 2905
411 1460
388 4273
148 3684
288 1923
319 2183
55 1100
302 1753
479 3604
449 4994
395 3916
333 3544
367 4543
250 2246
347 1988
58 3090
378 1499
301 3471
301 4917
240 2441
12 4360
259 3530
288 1595
300 2572
195 4165
307 2780
60 3736
96 1594
4 4307
170 3672
39 3229
331 2889
300 3940
191 1119
193 3787
118 4
448 2499
236 1844
238 91
73 3953
230 4302
396 3964
120 4284
300 1795
207 3829
258 3461
184 3747
341 1909
20 3439
174 75
481 3328
481 2068
140 3682
210 2313
183 617
350 1428
90 4590
286 414
71 1176
304 2923
221 2372
212 1295
155 936
159 404
147 2655
278 3986
34 691
156 901
191 4639
141 2331
403 1701
269 2607
92 2875
127 325
468 624
171 4397
111 3215
17 852
327 1265
54 4930
463 3236
154 1039
123 4927
194 692
109 4442
331 1231
226 3773
32 4346
18 4244
234 3204
366 1342
334 4454
50 3590
462 2948
299 2427
218 1143
227 88
345 2927
400 3061
23 1995
160 1238
327 4639
232 2232
355 363
163 1331
382 2928
82 3138
354 2739
418 3117
317 3620
407 1295
370 2934
39 2555
89 4460
197 1253
396 48
432 3159
335 4485
300 1102
324 1500
430 722
95 1356
440 111
44 233
415 4581
81 3115
208 95
129 777
323 1878
213 624
307 4892
266 1418
377 4786
180 1677
67 147
208 3334
27 4983
433 3198
292 3060
106 1492
216 2871
82 2258
340 1789
253 2203
342 1317
403 4441
287 2564
28 60
208 82
454 245
282 4014
232 4379
273 2522
62 3358
288 4020
128 3849
41 49
432 4532
454 1818
299 1080
95 3760
311 443
367 3147
389 2334
340 714
396 579
368 193
148 1307
431 2404
165 1798
331 2483
22 2988
471 4441
393 2066
449 3569
306 1757
8 2563
30 171
91 3615
81 1808
275 4840
408 4967
358 532
10 2866
202 1638
119 4478
223 4502
255 3401
371 745
279 2012
196 2998
191 2651
414 4410
328 1833
69 1620
130 3319
56 2272
189 2971
442 1611
214 1888
27 3356
236 1273
293 1036
136 2906
152 569
135 4853
141 4997
387 661
393 854
269 4448
247 764
112 4933
14 1237
406 3533
187 3355
103 3747
378 809
131 993
302 3067
472 3075
6 3589
429 320
177 3809
461 3774
404 2577
54 3849
115 2868
41 2925
16 3860
260 396
443 731
473 3922
425 2755
269 1867
394 933
446 885
398 4486
220 831
32 2076
144 3862
20 142
145 4372
247 3663
163 3853
20 2153
205 3442
364 4479
161 3442
185 456
230 3089
25 2700
81 3694
317 3807
190 3797
134 3356
407 2159
114 64
244 4784
146 1296
371 4285
9 173
462 4089
161 2425
146 2939
129 693
11 3749
28 526
155 693
346 4664
355 1406
155 1683
469 2819
443 1114
469 3498
351 3712
478 4284
9 155
368 2869
104 3327
313 2535
377 4136
313 4319
390 1856
350 1736
216 2767
316 329
111 2393
413 1465
450 1410
197 1139
121 4479
35 3513
36 3675
238 3315
45 2857
18 4618
361 4163
105 4029
456 2428
432 4560
105 1513
54 2228
31 171
251 3621
441 3201
134 2213
441 2922
479 4705
38 3998
154 3919
196 2469
258 3850
25 3717
344 3908
425 2294
151 2391
415 2637
378 2258
257 4408
191 3601
223 4140
113 371
272 1908
420 3852
178 2998
431 1447
298 4146
175 1251
149 498
188 3345
43 2243
309 2086
448 1617
110 1814
227 69
443 3352
314 3318
389 1118
427 1776
285 1300
89 2696
45 162
143 2819
16 277
443 2659
106 3730
195 2611
37 3548
140 2273
333 425
39 3395
12 3240
200 4143
42 3716
299 995
177 2104
311 4890
430 376
178 4669
229 412
375 1185
212 73
5 2810
230 2240
23 1451
222 2410
436 1481
134 3033
436 404
342 2778
40 3731
356 3580
378 4069
368 987
222 848
146 3332
372 3361
439 4960
430 985
416 4731
219 4699
290 3740
169 4744
135 1327
139 655
215 4632
339 1484
209 2150
82 4766
18 3344
109 2260
164 1085
294 462
430 2345
55 2098
212 4492
172 2816
413 3023
86 4944
230 954
115 916
395 1808
312 3452
124 2965
9 4684
340 4991
371 1149
384 3385
81 1510
164 3467
135 3812
428 2448
478 3464
42 1296
481 177
465 1100
368 3745
16 1831
171 2707
210 4236
222 2792
441 939
312 2840
219 272
274 3364
412 3352
437 1405
401 1125
450 304
399 1282
28 4733
62 4711
446 557
272 3680
308 3546
216 3045
103 107
223 2550
