279 279
51 3853
27 1853
16 1488
49 3194
94 2138
59 3849
64 1998
42 2103
104 45
27 2096
18 3929
75 1254
8 444
67 2137
73 522
137 1358
132 3649
74 2988
7 2665
107 2234
86 253
129 157
62 3100
125 2108
26 3343
32 1475
81 1138
79 4354
56 3991
7 950
62 3084
84 2917
71 1947
18 4999
97 3296
94 429
71 1950
114 993
85 4147
58 770
98 2346
83 1869
60 66
28 4000
39 3554
62 1553
132 2435
114 1503
114 4884
73 2870
15 4353
14 883
112 4903
72 2810
76 3342
14 145
62 2713
30 1486
70 765
136 3130
77 3288
132 3979
113 2450
113 1608
5 2878
24 2866
76 246
61 3779
93 2147
55 2050
63 1062
84 2295
117 1439
6 1252
41 4783
41 355
18 142
49 2802
129 924
23 1148
70 1800
117 4674
129 341
26 3624
123 2294
3 3603
17 53
80 4262
136 909
124 62
13 4713
50 4937
36 968
137 76
40 566
128 2352
135 498
99 1987
129 152
53 534
2 1667
80 3733
51 1995
66 3270
37 276
83 1285
119 1993
74 3751
86 2301
113 3725
10 3495
133 3709
28 4940
113 997
77 3259
85 740
79 2889
64 4864
13 3828
126 4313
56 2914
64 1287
121 3425
72 3769
103 4382
42 1367
125 3762
119 2930
6 3847
90 4752
96 1967
64 1596
129 3812
109 973
108 1124
68 4397
134 4052
20 2843
107 3295
28 1325
2 4757
44 1076
128 3986
12 3854
40 2276
18 2676
20 729
12 909
36 2518
135 1501
21 2541
128 3834
22 1569
116 2261
93 4210
33 1249
116 855
70 3944
42 4522
19 4906
73 173
1 4582
86 2272
16 643
88 4965
28 3129
108 2277
36 3684
57 1254
38 2694
52 401
58 4283
84 1976
122 563
70 2707
137 2252
92 3089
7 1750
8 1773
42 2757
117 1532
37 4363
131 203
31 1178
84 2974
34 4789
84 1390
20 2527
90 4299
120 1609
37 722
49 3323
47 3525
48 3497
51 3858
22 868
22 1415
17 2427
84 518
117 4271
69 2120
51 1085
124 675
41 4875
42 3128
108 1463
95 984
104 488
118 1866
85 3286
118 2138
114 3601
7 672
4 3418
71 2208
14 2818
68 1099
31 3100
45 4416
25 3107
117 1417
132 2727
42 3288
46 4177
12 4306
54 1662
100 2288
40 2152
13 83
50 238
26 274
112 2342
137 1305
122 4537
117 511
83 2202
99 10
120 1627
118 4259
112 926
96 937
109 2172
15 2800
34 1202
98 2104
41 2901
22 745
32 1147
129 3879
5 810
67 4130
54 3887
12 3332
19 3100
102 402
139 786
41 4320
49 3554
48 1897
103 537
8 4737
75 2401
59 720
77 3153
60 3288
38 1177
76 1722
4 1174
74 3225
138 4463
63 2114
129 594
21 1240
43 3082
30 4785
44 3148
57 3564
82 345
85 3504
