763 763
248 4002
254 2288
206 3362
301 3504
91 566
349 1107
132 1441
79 901
250 2678
245 3529
95 86
23 1024
59 4317
59 2680
7 875
263 934
87 845
120 3073
247 1651
260 4910
117 2537
150 4103
103 4443
191 620
92 3253
102 2977
16 4756
233 2646
57 396
300 757
194 3699
49 2333
141 3632
205 4723
29 4894
54 2004
142 3392
309 181
312 1418
203 4957
65 2966
111 1965
143 4189
230 4828
313 3328
216 4294
290 2757
236 2762
269 4801
103 1213
190 4391
211 1599
165 4931
178 1046
341 557
85 3408
374 41
314 2070
136 1891
269 2542
44 4295
220 3910
140 1163
88 1683
39 2982
376 4349
39 956
122 34
78 306
315 1400
370 4560
246 3642
111 488
107 733
323 2038
230 4068
308 1410
131 3304
350 2409
288 1664
21 2134
46 2480
217 1700
121 424
268 1070
208 958
142 1574
326 1834
375 4256
346 4394
116 2068
202 3228
18 1612
191 1705
53 609
75 563
319 2423
368 43
276 2159
67 1772
69 1127
218 63
289 1947
252 1301
194 4948
109 1648
19 2545
224 1425
26 3544
47 2072
163 4068
114 4605
316 4515
115 2823
81 2681
105 1006
124 3529
331 4388
261 432
349 1413
121 2053
256 409
362 3678
376 1416
331 2694
162 991
141 3884
123 543
24 4490
287 3518
321 2554
351 2615
232 3301
84 771
203 4077
201 1512
113 3932
297 3826
290 4026
334 1197
275 4038
253 3601
13 3360
104 4469
225 1747
63 1389
296 1165
365 180
114 372
226 2404
92 4070
294 448
260 3334
165 2169
225 1858
38 1916
61 630
37 871
200 4618
346 1881
206 3327
18 1990
305 4335
55 3120
359 3513
67 4290
376 4666
294 1791
147 550
277 2805
365 2199
102 2815
225 241
13 3725
90 1918
376 4837
6 3837
165 3952
185 2035
167 20
330 3537
246 4315
148 413
35 2921
46 896
103 1994
325 3870
177 3566
33 4714
327 318
293 3359
235 1941
357 2028
98 3659
205 861
144 3361
367 550
103 1313
23 2051
363 2325
355 1303
187 603
246 1742
163 424
122 2838
147 4755
53 4699
330 1048
18 4161
244 2922
147 3322
12 882
340 3832
5 4654
227 663
62 1889
28 2571
228 4768
73 1784
133 1781
183 3608
267 4881
376 345
174 3668
33 1368
220 920
98 3585
40 1529
105 4991
136 3558
82 3808
162 2624
150 849
381 1387
156 992
166 641
134 1907
220 4700
131 1717
176 914
2 2066
170 687
30 2406
356 1458
167 1800
325 3078
181 2293
88 4642
6 207
63 89
96 2237
296 2576
284 3620
373 3167
32 4655
135 1552
357 3641
320 1371
124 4543
340 2836
62 4693
131 282
375 764
296 1837
322 4136
104 4420
67 1421
230 3409
255 2644
149 4147
316 90
133 3260
154 3628
322 1976
38 2598
301 22
14 1468
213 1238
255 4209
87 2945
16 419
372 61
57 3231
211 1325
66 3355
175 1262
54 3934
202 3628
50 3679
315 3800
182 1388
112 1510
363 1687
252 2213
254 1051
36 517
139 2758
235 2794
198 325
46 853
357 3140
359 4814
38 1865
288 2556
4 992
165 3141
95 2
139 2574
310 2905
37 458
111 3869
321 3717
106 403
9 270
98 4406
331 1735
170 717
224 4845
150 3024
10 1676
67 609
54 3808
335 1528
219 4494
189 1465
116 2116
57 4692
327 632
335 771
177 2185
359 3004
246 2218
288 2445
336 4310
183 687
298 2253
18 2457
243 4726
220 23
160 4766
317 4924
135 572
68 3399
238 3102
139 2587
257 1011
20 3983
255 1019
122 2248
173 4492
152 2532
211 2319
208 4379
237 833
150 1670
34 3153
9 2688
75 4904
234 3664
1 4914
307 669
342 657
92 2872
344 1048
335 2410
134 2978
268 1743
166 2741
186 1250
138 689
55 2350
258 2179
216 1575
126 4962
293 2694
183 3008
266 1948
338 816
16 1772
224 71
162 3412
96 1581
249 4727
117 1138
256 2498
127 3708
40 1479
107 4762
9 1277
124 3260
81 3108
373 2853
196 1975
50 2437
143 1169
30 1803
360 1932
226 2050
358 1478
356 2831
48 2024
122 3805
133 2567
95 809
380 4690
88 1989
202 4876
319 2295
350 4897
173 1953
140 768
41 3656
325 2376
355 3206
158 2747
126 3125
216 3514
350 1982
7 3466
251 3479
350 928
213 3147
19 4460
276 2537
332 1206
328 2851
277 499
201 666
212 3921
247 1203
101 1469
281 3913
262 276
94 729
151 2289
154 841
162 348
123 258
350 2181
345 3048
46 280
9 4125
213 1367
115 1868
296 848
176 2625
115 1399
203 262
67 914
340 490
267 4505
14 3117
300 3578
78 2561
169 3613
371 2719
5 2323
268 1329
20 1210
113 2426
123 3473
316 2039
126 606
238 663
144 2414
224 4479
355 1298
209 286
176 4081
85 1493
63 1749
47 502
68 332
163 1951
265 2482
236 4059
230 4403
22 3160
110 3324
341 830
155 647
308 3046
378 2681
197 4686
220 2723
80 2583
38 2367
163 2576
27 1328
376 2697
114 4802
127 2548
343 1566
64 2063
185 4772
18 1056
349 3757
319 593
182 3999
282 1609
327 4879
201 2169
228 1105
137 4798
14 532
19 2934
306 1713
306 2729
315 2107
57 512
204 1990
35 256
177 1379
155 4996
346 2268
283 2308
356 787
64 979
335 715
142 2107
178 3614
199 565
36 3584
146 1696
170 3577
158 2840
14 3631
266 3289
95 2541
210 1220
29 1897
302 3572
97 4879
131 4038
267 4386
159 2804
43 1887
126 3071
170 2059
133 19
292 345
301 431
23 3323
164 4410
189 3657
154 3467
14 1334
193 2443
316 3160
247 4141
50 1248
26 4937
356 1813
154 38
107 2759
303 1387
266 2268
338 972
86 1316
355 2373
59 2622
143 1380
153 4931
182 4029
346 2937
247 408
165 3553
72 2765
82 107
253 3924
123 2644
130 3981
134 3182
236 519
198 3220
282 2923
90 2059
111 1198
114 84
263 2503
183 608
335 3477
35 1611
5 1277
114 1449
321 1807
179 450
182 2565
119 2156
31 2920
220 3280
100 2262
74 985
109 3066
275 3050
158 409
140 4605
129 4759
35 2299
172 3879
97 2544
44 3082
272 3592
199 4509
146 4543
209 2104
163 3823
22 849
246 3605
14 2003
126 980
31 2355
179 664
126 620
123 2944
39 834
309 168
376 287
143 2952
83 3599
139 2767
95 3850
92 2623
326 2843
361 399
14 4491
107 4508
177 784
151 3180
123 4841
5 1213
10 4849
178 4658
379 4274
338 2440
34 378
152 1163
166 1016
205 3606
138 455
254 3710
327 2156
295 352
76 465
180 4943
130 4839
120 1521
311 710
176 4810
234 3789
129 752
103 455
128 264
67 2456
60 1508
190 964
13 3238
142 1225
22 1524
259 4327
60 1021
310 4698
170 4789
361 4901
289 2465
78 4763
272 1834
284 3674
220 2768
362 1412
292 4148
218 3591
204 561
249 969
108 1499
358 3327
203 451
222 1836
356 3020
329 4978
167 706
188 2688
343 4404
374 3401
207 1766
73 3401
268 423
263 4650
20 2181
209 290
260 4697
350 2553
176 1110
256 2959
116 4744
264 3629
28 166
305 980
349 3751
212 500
1 560
203 2733
248 3385
30 530
195 603
176 3092
147 4806
29 1254
176 424
226 2311
225 2566
60 3318
79 184
178 242
27 1471
239 1423
249 4391
3 2760
330 978
261 717
113 2028
223 2219
374 4170
161 3438
368 3506
250 3321
84 1482
375 3268
218 2001
272 1768
207 542
326 4268
65 102
170 2878
212 2105
68 4385
380 834
270 3737
376 821
339 835
305 4928
101 281
235 3032
131 3448
203 2278
275 2995
45 3047
315 4171
370 2156
160 4997
229 220
321 3166
372 2925
231 2936
9 1607
145 331
103 1129
82 2948
80 148
140 200
186 1924
113 4877
46 3749
