177 177
36 3228
60 1761
54 3781
63 1047
52 1997
9 3870
22 1722
65 2816
60 4938
58 1954
35 1287
12 2762
24 4685
68 1783
1 2636
71 1587
21 2211
18 4315
16 261
78 4425
79 440
24 1945
16 4127
65 2955
58 3428
87 3006
16 3273
68 7
53 2335
70 994
44 2612
30 2357
12 2335
25 4799
33 2727
11 4310
59 3528
11 2374
47 3392
67 3991
87 3538
9 3046
58 2696
8 3194
9 2089
70 4972
43 4817
11 4163
7 3238
59 1626
45 897
55 3173
12 1089
2 2598
67 4060
5 4656
34 2877
41 590
76 1079
45 4791
45 278
45 850
28 3812
79 1553
73 1691
87 1082
41 689
49 2474
47 66
18 260
50 421
73 4098
84 4041
70 2396
77 954
11 3326
11 4570
52 3397
19 3588
71 2557
48 2169
64 390
68 712
62 3654
40 2718
9 554
67 611
2 1467
22 1455
26 3749
24 3413
13 1952
60 3803
41 4711
11 2418
64 3229
84 2885
58 2599
34 4779
1 4227
8 3191
6 156
4 3462
82 4594
27 1616
54 4157
62 3013
24 4537
20 1111
36 2604
73 2013
20 3361
43 4928
47 432
63 2497
74 254
69 2054
44 3804
47 4910
14 3583
20 3509
54 1690
75 301
87 2094
78 1207
16 2997
80 3468
21 3773
51 3494
80 2878
82 335
30 4315
64 735
10 368
78 87
20 1052
69 1538
30 3848
53 3147
64 508
47 4699
69 1566
88 4295
79 2591
12 3185
41 3572
21 3240
34 1360
20 1714
23 2954
5 1776
78 174
59 4324
45 1963
24 3841
9 4043
50 3363
32 1750
37 3841
88 2410
57 1300
36 4741
63 106
67 4057
56 3434
73 177
25 4083
65 1081
80 3782
8 4183
16 4553
66 1581
69 199
71 1402
28 4967
86 920
43 2349
