385 385
41 2321
186 766
161 4486
177 3547
49 2778
185 1751
127 1800
12 2362
150 1466
53 2778
34 1897
156 4886
151 1319
117 2641
178 2344
160 1903
52 4150
28 3704
55 2467
183 3776
151 227
25 3312
39 391
39 370
104 969
36 4579
163 443
153 4603
186 901
29 1917
103 4535
156 1540
140 2257
80 1245
141 113
75 4996
61 1609
53 952
22 2429
110 3354
117 4511
34 3352
21 1663
136 4780
75 3258
177 3208
36 2225
172 1653
118 3188
137 2772
142 2442
148 2636
5 995
50 3732
28 3611
85 2105
184 3541
29 3536
151 2336
156 1300
101 4364
85 4597
20 3655
30 3298
68 1156
91 4896
6 1780
84 64
185 3622
14 3714
30 3618
144 2265
100 1756
95 2231
185 1281
113 1205
78 4862
91 3337
107 915
56 918
172 3678
187 908
6 2552
136 1933
161 1574
68 107
182 4723
94 1635
79 4111
116 387
10 3318
105 3381
58 844
66 3058
78 3714
36 506
59 2983
119 741
64 3921
111 4057
3 2199
22 2929
52 1433
170 4623
161 173
163 4612
150 4976
34 3100
139 1597
136 1771
126 4933
146 2283
130 4727
17 849
191 4766
147 3795
88 3390
135 3079
183 401
130 539
110 1628
173 3481
97 233
5 454
63 3787
175 4753
48 3501
34 3668
131 2181
90 997
76 1986
29 4771
144 4218
39 4274
66 4183
55 1672
71 3620
88 2042
46 2934
75 150
161 1790
145 4035
93 4723
56 4028
137 3103
164 2698
163 3969
168 3628
99 1836
165 2550
124 2796
131 1451
149 599
4 4851
70 4423
183 2230
41 2956
85 3723
90 4293
90 4586
158 726
148 692
153 2402
48 3846
66 4700
80 169
58 4623
175 2972
118 3099
106 4604
190 3167
89 2000
65 139
100 3800
4 4425
188 3299
80 1584
169 1512
112 2422
63 1985
64 4556
104 1375
187 1336
190 1677
2 3921
108 280
110 4305
25 2471
191 3962
85 3514
31 4809
1 2308
36 3265
29 2560
153 821
95 3561
11 510
155 4039
175 3899
9 1656
39 4020
97 1172
31 4092
89 454
157 1587
116 1832
6 1538
5 698
17 2532
15 3481
120 3198
6 835
178 2849
2 4085
47 3710
24 3217
21 671
180 1164
128 4142
57 1077
42 1207
57 2934
127 4803
31 4376
31 1282
10 1077
168 4673
129 708
126 2595
104 4800
57 4948
186 1291
117 4900
150 2329
132 2222
120 1999
52 4604
177 4690
16 3567
124 4404
55 3050
130 2037
96 3646
45 4761
140 1321
30 4466
159 3023
61 4264
56 4966
86 4432
120 4056
71 2601
151 4043
47 713
129 604
126 2263
25 1938
3 1741
34 4853
190 1725
174 4211
150 3292
59 538
140 1054
170 4703
159 2419
69 4787
136 950
49 125
140 4240
139 4381
77 880
123 1836
22 2663
142 1951
187 166
128 3684
120 1570
182 2865
163 2605
48 1752
87 841
6 1068
19 2725
103 3048
45 4009
81 1582
181 1262
128 1471
101 2446
95 1270
181 4457
65 995
153 4087
9 1800
110 504
124 571
66 2669
14 4374
140 3101
87 3437
178 4021
64 4445
170 2303
72 4184
31 3341
151 3356
78 368
129 2042
68 1558
179 788
121 577
141 506
32 2482
76 4503
72 1304
9 1223
39 4395
51 4763
182 3162
162 2665
90 2333
117 4427
74 863
89 4326
39 1770
72 2375
79 4614
13 2349
34 2556
137 4504
43 4541
96 913
5 2963
83 3713
74 4361
165 841
139 3724
164 4027
16 2820
154 4179
57 1721
8 1706
181 499
130 2809
124 976
47 3982
102 3266
67 549
66 3466
88 2586
105 4917
27 926
3 339
124 3548
165 1095
130 1254
82 606
120 2077
68 4737
112 4506
7 1160
38 269
6 2529
25 967
106 1294
116 186
165 1330
118 2471
97 127
109 2618
98 3276
154 1479
126 4532
35 2909
149 3727
20 2657
94 3023
130 4622
144 1240
41 773
167 832
61 4098
12 3624
57 910
