960 960
313 3415
272 3935
167 239
435 3656
241 1764
241 1558
270 586
176 953
259 2171
206 1078
275 2542
60 3933
2 1709
372 3765
251 1063
19 2229
267 3197
223 1276
419 85
413 4053
336 3298
31 3406
333 2446
132 4040
17 1741
479 4860
296 974
320 2043
329 2132
310 4945
218 3765
478 2648
423 2317
82 4087
47 4637
25 4395
146 2872
10 565
272 2176
278 1852
410 1824
84 734
93 4899
96 4972
321 3117
192 4941
338 2643
76 1292
454 1815
251 4418
278 2310
182 3543
9 335
478 2433
112 1537
85 4139
239 3602
425 3691
391 3782
46 4379
210 2056
233 1151
133 3593
206 1001
281 4576
421 4748
187 3419
227 3511
338 1106
209 2570
297 1500
60 269
16 2731
450 908
130 2100
14 938
320 584
458 3394
162 4692
42 432
184 662
218 471
446 1625
356 1657
51 1483
60 158
414 903
398 2131
350 4089
16 4423
170 2522
463 1179
477 2784
425 2978
179 760
40 130
305 3754
275 919
392 2574
380 3412
19 130
196 4960
346 175
266 4920
216 4843
106 3637
174 4201
223 1908
479 2487
305 1372
399 1927
84 3371
198 4202
284 2659
207 3613
128 3508
180 2102
470 4946
184 711
119 2105
106 1157
411 1287
193 3214
252 3141
341 4740
151 4532
185 4944
390 891
390 1666
269 1945
356 3734
280 1727
345 2887
35 3785
401 784
2 2300
328 3489
158 1421
143 1398
256 3923
339 2136
402 916
395 1491
395 2421
67 774
329 3587
28 699
239 770
395 71
11 3301
182 4574
239 2389
79 2963
340 2631
343 3634
127 3300
469 871
91 3835
284 4998
463 3672
51 215
50 1206
81 4452
19 627
30 2678
99 3809
276 4493
47 689
343 2133
293 2510
435 3277
148 1841
329 2547
29 3812
467 816
139 4709
169 4937
35 2671
59 2710
276 1470
262 3260
134 2669
131 101
207 4509
107 3499
403 3349
99 1890
244 3897
197 2107
435 1095
182 3971
312 4240
454 1870
1 3114
309 599
367 305
373 1681
123 42
341 4512
17 3641
181 706
320 1992
332 1693
92 2245
296 1604
96 4073
169 1235
296 922
106 211
143 73
274 2858
61 1899
88 1602
372 2004
374 3298
345 4099
113 2893
34 4592
334 1615
59 3305
76 3186
98 2079
62 4560
316 2178
377 4375
428 1362
440 456
279 3223
27 4226
264 4537
318 2182
85 2128
35 3022
429 3036
461 1482
407 3239
22 2452
233 867
261 1337
6 4746
130 1502
324 783
152 3645
154 747
44 4445
439 325
361 2121
91 3663
50 2982
155 4087
396 1398
90 939
316 4245
370 154
317 3010
157 2532
199 3318
310 3603
355 2634
430 503
82 331
406 4788
249 185
34 3028
212 4369
301 4753
385 1706
287 2638
334 3140
328 2539
215 3402
158 2474
111 2353
315 1207
186 4431
118 396
216 3379
370 3640
105 1495
121 143
40 910
94 480
40 1946
245 1304
310 403
377 3902
370 4192
143 4907
331 1779
205 4602
195 4031
82 477
71 186
155 1509
418 1402
48 4109
22 1591
357 1818
200 4884
268 3746
198 1862
158 3955
264 3794
411 2560
174 2936
220 2053
290 1664
138 1148
235 621
56 4895
106 356
300 677
347 1639
243 4778
54 3857
463 762
24 2002
404 1809
218 4446
378 4668
319 4664
108 1382
70 1365
435 2902
371 4965
128 2349
324 3513
263 677
413 965
379 3007
269 3926
100 687
23 308
360 2602
231 4062
358 1047
432 3618
132 1933
102 2734
65 2773
151 2662
221 368
301 1775
382 4060
386 1213
175 2779
285 1864
183 4925
374 4974
414 2937
407 102
426 4942
186 1347
356 2868
135 3728
467 4651
64 3200
359 1133
236 1172
448 4897
436 2312
311 4549
247 1525
115 3960
27 2422
117 2376
10 1828
380 2746
400 3795
204 3795
159 1626
339 2744
265 1561
187 745
61 2561
84 1157
393 4469
162 397
218 3367
460 3380
433 3966
56 1744
332 3903
65 762
73 623
451 50
244 4085
102 1116
49 2594
365 3559
351 1041
288 2515
392 3835
76 3566
260 4131
282 532
376 2137
476 2621
240 1607
162 3569
144 1836
94 4461
420 3057
368 3174
447 2079
104 636
351 1880
287 819
139 4754
368 1180
360 3602
311 2333
198 2292
307 3643
476 4719
444 1369
194 1077
135 682
252 543
432 59
295 2437
303 2668
135 4524
88 4071
82 3945
441 2450
153 4470
357 1743
247 4875
415 4576
112 1042
56 1257
391 2664
131 2858
81 875
26 4810
196 1265
241 2848
105 3275
308 1880
283 893
412 2578
341 271
182 2091
428 2151
383 326
444 4874
425 3029
185 397
280 292
244 3418
466 4219
413 3159
44 2356
387 95
204 1608
192 2430
110 4796
119 923
134 3496
330 2216
463 2607
189 1645
400 4992
65 1499
248 1258
129 4210
34 4683
207 3361
151 105
244 1049
138 4652
141 3634
27 2492
10 566
93 2678
230 2025
114 4886
435 1701
381 3697
85 4302
197 4650
212 2675
238 4929
166 4320
307 3131
118 2144
86 3761
382 1948
36 1170
308 4742
358 2111
154 2802
29 4990
253 3810
230 2593
98 4895
193 3152
13 2562
144 4969
365 843
249 2645
268 4887
83 3994
80 3458
234 1009
10 3826
201 887
416 1070
13 3432
149 114
256 3979
396 661
49 2738
237 4737
143 1660
272 753
99 4958
344 58
227 2081
244 3935
86 2992
299 4406
220 3131
329 299
202 2142
158 3255
176 4239
4 4468
410 4527
82 907
146 707
361 10
25 1564
381 3546
466 2813
466 2426
279 810
302 345
236 4333
99 2248
124 3640
389 4668
257 4047
98 3884
183 4732
270 4888
44 3109
12 364
381 3566
356 4930
28 1525
134 3292
295 235
314 1029
390 3965
99 1697
339 3774
442 1035
290 1599
293 1307
153 4378
184 1128
207 3826
57 3063
382 2874
424 1836
387 2307
221 4344
189 2286
117 1472
355 1260
353 2275
364 3177
181 3239
425 391
63 4900
294 3276
292 3602
354 3765
39 356
8 1213
130 1662
463 4876
344 1961
402 4319
137 4931
236 1873
431 378
115 2757
206 3036
155 4266
134 4792
26 128
172 99
218 1890
41 2838
304 3965
59 4910
449 2369
444 4810
388 3699
18 254
331 1724
185 2351
430 4312
72 1680
89 4343
232 1652
275 4004
34 2593
150 2494
59 1422
406 676
219 4855
127 1369
231 3479
54 25
226 1331
364 1035
325 161
388 4389
100 2799
121 1456
373 351
205 2990
406 3358
59 2844
325 841
128 958
284 2500
166 2133
306 987
111 4827
28 4606
153 475
84 4270
134 437
262 2560
113 4603
362 2622
93 4290
101 1120
339 2960
308 2946
275 77
59 4442
186 2579
432 4205
466 1541
256 2369
394 3064
33 3743
55 24
34 3809
468 2467
410 895
60 880
167 4655
271 3691
93 4655
448 555
129 2918
289 1424
180 3260
335 1985
26 3568
275 4008
38 1009
77 4786
350 2070
74 4452
386 3966
445 3628
210 3404
418 3370
74 1626
43 4067
179 2291
9 3632
470 3262
177 4529
344 2829
94 3015
114 2868
393 3879
464 4739
299 4837
113 452
284 1977
215 2890
434 665
40 4483
450 463
49 3507
314 1796
365 1619
250 1655
59 4347
95 48
114 396
408 2617
324 3308
213 1974
207 1480
194 4634
387 3279
355 2534
144 4392
191 1101
23 2080
71 770
356 2132
70 1244
65 4116
311 3936
221 3649
293 949
6 1424
88 3161
127 3034
166 3632
100 4221
67 2404
463 3915
298 3187
395 1747
360 2966
405 4307
287 3946
357 3530
443 3883
186 1866
397 563
478 429
208 4127
264 4563
157 1996
298 1190
214 1434
321 3608
278 4044
235 3843
175 592
136 993
327 3104
281 466
460 4688
393 570
331 3123
395 271
443 2325
328 2093
358 1446
96 3717
215 281
200 2304
470 4659
64 3319
471 5000
143 1583
272 2107
29 3356
343 1811
74 2701
157 95
163 437
105 2171
471 185
300 612
297 3308
381 3103
162 2245
366 4807
253 4708
135 1020
278 2600
64 2305
1 4541
453 4441
59 4932
38 1951
58 2834
373 1456
294 771
147 267
409 2346
382 1457
303 2228
408 3620
205 4211
97 387
415 2147
85 4288
468 972
224 642
99 3007
111 3567
360 2397
190 768
187 762
48 4407
182 2682
158 4022
108 631
217 2588
185 4405
433 1774
394 1083
45 1346
312 1903
64 1574
110 2009
281 2948
244 2043
395 876
435 1426
421 956
384 2127
236 3190
329 1637
471 1882
23 720
373 4564
92 4535
30 3597
58 2253
1 941
36 1375
376 825
67 200
318 2628
297 1102
172 1564
9 4943
262 4060
308 3897
347 1252
245 3428
345 2750
377 943
78 477
179 3877
472 3683
177 4733
213 3309
190 2551
470 4312
284 2273
179 3363
316 4316
206 4563
154 1986
421 557
421 1879
94 1706
190 1401
388 1324
346 2830
366 4670
74 2455
146 1496
115 2998
419 587
64 768
119 3473
87 1335
233 4287
355 4524
53 3311
74 4253
412 4329
226 1266
465 1205
99 142
143 4648
185 1401
58 1080
360 3770
445 698
423 1808
12 727
167 2270
172 4839
354 470
11 4533
100 1963
72 2356
29 2486
351 2084
422 1440
460 4810
458 3234
103 499
369 3185
400 2082
358 4172
186 2524
148 3879
181 2020
74 1979
188 2961
285 136
60 2140
310 4188
232 881
165 2514
299 2794
468 4485
74 4162
161 1631
46 4054
262 4466
451 3372
58 4874
71 3616
142 2771
112 3244
57 3614
248 2710
179 1306
27 4045
45 4829
224 4026
437 3451
177 3953
311 691
422 4179
138 4906
131 1258
432 594
67 3850
274 2214
240 449
87 3363
277 138
170 864
473 2027
265 4427
393 3250
74 492
74 1711
435 3269
214 3134
417 4718
164 2527
71 2423
96 1027
30 3971
193 489
58 3652
34 3549
469 1753
197 1791
398 3470
477 3214
277 3697
188 1374
179 3584
446 4329
