525 525
216 3015
224 4765
5 357
54 650
170 4737
98 4577
118 2806
189 3780
204 3599
5 3300
126 3727
127 4733
57 2942
156 3854
136 4006
199 2632
258 4293
16 3846
43 2361
207 3630
77 4737
156 1346
131 2552
232 880
27 2775
127 4887
175 1949
192 2114
210 2983
4 1307
25 3642
83 1854
44 3857
24 4215
16 2944
261 663
200 3790
62 3955
141 3298
204 4651
159 641
113 2701
183 1257
223 58
261 4126
198 1511
243 746
166 752
105 957
161 1345
190 3561
78 1139
44 4493
78 3813
33 783
211 1875
138 1644
142 4381
131 2368
124 1177
170 4086
204 4741
96 126
162 2096
146 4216
241 2568
101 4795
82 3553
209 698
132 1962
64 2455
253 3403
18 252
7 2610
47 4099
247 2702
72 3130
101 4751
103 4537
216 2232
246 525
194 1415
29 2190
214 866
86 4998
22 4318
57 842
179 283
5 1267
199 1687
15 2542
16 2220
118 1147
202 4361
91 609
159 841
250 4477
41 4602
202 636
66 4321
107 4991
65 3020
101 422
8 109
85 1609
42 4253
29 1748
215 2528
8 2937
196 2549
67 3696
85 69
251 3364
95 3365
190 1466
94 3802
57 4729
187 4610
41 146
142 4525
233 4828
79 1422
235 4332
235 3679
42 4618
75 4844
258 52
228 476
180 5000
193 1047
132 4411
211 2997
55 1541
224 1975
187 1719
25 2836
175 1003
126 3412
237 2356
85 1686
125 3555
15 4165
249 2953
233 4698
251 2977
50 2630
51 2352
247 3001
111 988
135 324
178 1994
21 2294
44 2370
124 590
183 1106
127 69
141 1385
165 577
168 49
94 1475
213 2189
129 2319
206 1555
22 3103
150 1759
80 710
2 499
155 1090
70 1014
107 4519
20 742
94 731
242 1536
39 1792
126 354
163 1144
173 4547
246 3976
26 249
19 2022
243 652
32 2415
6 4343
58 4467
68 4528
122 1503
180 2292
84 2700
187 4245
177 2665
41 4260
112 2723
152 951
139 2914
236 3493
188 3085
7 4687
150 4383
44 2870
16 2417
251 4858
195 3629
119 2308
212 1337
237 3781
74 2849
184 4909
32 1133
168 460
165 3287
235 1628
154 3547
145 1402
198 3458
177 1868
23 981
73 4847
199 4192
22 672
111 3629
2 3257
7 470
31 4306
239 1491
65 1626
232 1488
45 312
125 1308
1 4501
159 497
110 3520
206 1707
85 2142
251 2557
164 4682
200 2183
15 1143
137 3929
103 4028
159 4357
65 4227
67 4954
139 3096
61 2577
57 4089
89 2437
15 2780
99 1646
32 3549
68 2011
228 846
161 1368
228 1896
90 1901
54 698
249 802
119 1537
171 566
218 3687
5 347
238 2354
64 2825
27 904
24 4338
200 3327
183 4351
17 3885
179 226
119 2330
22 2076
128 3087
79 52
149 4691
212 817
131 553
70 2539
54 4953
32 432
258 2561
171 2315
243 4282
27 2599
52 3576
58 3732
251 1551
184 4551
57 3493
68 4990
21 594
196 4772
203 4421
58 3928
173 1949
215 22
35 4687
158 1910
114 1074
171 4966
67 1923
200 4299
237 3882
136 3578
182 4214
116 2314
108 3023
66 4553
159 327
40 1165
178 2685
230 2566
4 1131
161 3858
81 2539
37 524
47 1836
70 4244
134 341
115 2436
258 2898
228 2576
14 1964
232 4690
260 808
196 1906
29 4418
64 218
136 3774
87 2024
100 1057
67 3627
88 1036
1 2193
11 1843
65 1609
8 1123
235 1178
57 198
96 1683
28 4029
72 1307
217 3440
14 4716
78 1149
234 3722
23 854
168 2652
4 4400
77 954
164 1848
183 1898
34 3891
61 655
71 3267
11 1037
166 3894
180 1876
12 4245
15 4277
5 4369
243 492
198 616
215 3888
66 3498
177 240
130 998
252 2779
214 1543
102 356
217 2320
139 1336
203 86
38 3744
198 2429
180 1435
150 2191
13 2486
59 2158
145 4935
68 61
45 1308
79 13
59 508
185 982
59 4840
227 851
182 2291
12 4772
170 3854
96 3831
250 391
7 873
147 2233
202 2664
104 2968
236 448
200 1590
153 3368
128 1010
55 3505
232 2978
44 2498
136 853
126 4713
151 4714
198 6
170 2264
251 2186
32 585
167 2408
119 212
75 1917
146 2616
159 4044
223 4283
107 4098
188 433
257 3242
26 4442
138 2212
141 3494
183 3964
198 4291
44 2559
128 4379
65 2301
54 493
17 2815
106 667
24 1246
153 1874
156 611
248 1686
232 261
134 3856
76 2771
144 3332
220 4756
26 1310
131 2697
168 1200
250 3703
207 2594
101 4805
13 2776
4 3497
162 3834
248 4440
82 2704
193 3850
135 3778
86 2989
215 4010
70 345
206 4126
224 3149
36 682
108 4906
167 2646
205 3369
73 44
87 3393
39 4532
1 2363
39 814
36 3992
122 2852
60 95
201 1933
240 1983
51 4316
81 4191
57 3977
254 2916
136 2936
30 3114
145 856
121 2315
115 1779
58 2961
28 206
43 4672
185 2783
234 4815
109 4381
73 4367
177 2239
83 1438
119 2532
155 987
139 4013
216 1980
199 2318
98 4536
37 3359
121 2732
42 934
164 2705
46 1708
197 4618
21 2112
107 2536
159 3741
231 3466
150 2259
160 869
244 151
230 3825
152 3570
79 1426
84 3595
1 3096
153 521
246 4258
237 2016
156 3275
134 927
19 366
223 3049
170 4268
141 1067
91 1002
170 1876
57 966
137 1983
165 4326
