517 517
31 1680
147 3282
49 3382
235 842
248 4287
103 2742
236 4635
227 1741
253 3199
231 171
165 4965
176 4429
151 3689
139 636
136 3489
204 3387
42 1177
93 4227
67 4069
255 1680
34 3867
195 2467
235 3262
79 155
36 1602
14 4905
10 929
86 232
5 3821
185 3134
23 4715
118 2952
102 4457
135 1901
128 4627
15 4342
186 1619
123 1745
6 667
149 4907
181 529
114 21
254 924
49 8
143 4182
152 4099
229 159
79 392
103 3424
158 468
176 4838
59 3055
140 4722
241 323
29 3876
130 1436
41 4011
183 2081
144 4124
114 757
76 3071
33 1781
141 1980
117 4220
99 1632
212 4363
126 3638
79 2718
66 3845
97 4313
256 4962
42 4598
176 3046
118 88
257 2349
175 3705
132 2021
105 582
28 2515
213 1192
115 3729
150 3976
38 1345
246 3299
78 2404
247 254
131 3639
38 4377
11 3087
23 2808
225 2149
113 2070
82 4189
160 690
255 795
175 4255
192 2459
256 2019
187 494
10 3538
58 3855
52 4638
209 4708
173 2403
161 1747
203 3553
28 3074
217 2240
256 90
253 1207
86 3777
55 666
114 2416
137 225
154 4715
211 340
184 1006
19 1922
50 2372
110 4998
62 4243
108 4149
236 4006
238 1906
219 175
148 1099
105 1253
35 3646
67 3332
104 1701
216 4992
89 460
222 855
31 643
245 2603
75 1072
97 3739
227 3808
38 4091
148 3481
135 594
154 1001
158 894
245 736
35 2142
63 1624
165 1801
110 2356
36 2956
117 4768
175 4223
123 3114
69 4506
214 931
147 245
220 837
79 2610
246 2213
63 2839
77 2361
18 1546
169 1057
184 4393
238 1800
34 3794
51 2304
108 4102
7 2805
196 4584
66 3213
201 4807
240 3920
106 2366
2 4093
47 774
6 4495
187 3783
163 1245
21 4654
86 1694
203 1712
105 352
187 2069
156 529
208 1060
130 3846
254 2098
97 2253
94 2685
179 2785
71 3887
246 2157
243 2909
115 1379
32 2175
130 4749
183 3446
253 161
225 1512
14 4993
7 4617
241 753
75 4849
4 137
192 4146
88 2837
86 3400
232 1537
80 2141
223 1146
166 1099
146 4829
132 758
108 1424
118 4572
211 2861
98 1775
180 982
179 844
202 4226
144 3181
64 2538
207 4525
117 478
243 2415
238 3666
22 2220
198 2730
88 642
210 1277
240 3433
60 2499
166 731
162 3027
175 942
23 3091
198 1911
192 710
198 3080
180 1133
11 4194
39 1340
198 2655
20 4332
110 1305
205 1395
162 238
140 2778
105 2529
231 2924
91 1016
231 3429
100 579
131 4651
13 741
40 4968
191 1353
137 4872
9 3974
4 1803
164 1749
245 4056
143 4482
199 698
186 4551
119 2989
145 1338
45 1155
138 2248
121 134
67 1938
52 631
28 4621
219 4647
181 2167
130 2077
46 2568
37 623
18 30
249 278
100 3163
120 1985
8 3636
140 1792
139 199
187 4721
253 1782
254 165
220 549
39 4981
84 2907
31 2014
60 2886
244 3996
46 677
71 1413
127 2581
61 4748
146 329
112 1958
11 2085
184 2741
54 4992
75 2778
77 4969
248 2251
8 4784
5 244
96 3340
222 255
211 1307
227 268
100 1345
91 4543
9 1114
166 1480
51 3198
210 4319
213 1955
146 594
18 343
181 4660
43 166
117 1083
140 2748
153 4746
108 2480
70 3567
39 3456
226 2824
80 3502
126 2926
71 1621
38 2796
26 3229
101 1316
15 1521
1 3257
21 908
176 834
192 4244
168 3743
85 4744
209 931
39 1392
230 3552
127 3054
252 2537
164 3824
62 4637
86 3654
13 1707
27 745
250 276
246 1188
184 3463
56 493
186 995
14 3161
70 4068
62 4170
66 3143
72 4012
243 1828
250 4821
175 3938
47 1274
161 3991
168 3721
35 639
251 2376
231 2492
41 3003
54 3344
138 3777
249 4156
99 3660
108 2758
32 2725
241 961
224 1139
55 4777
101 425
82 3971
204 2366
173 2372
7 1358
89 2945
248 2840
94 1397
199 2457
49 1914
170 1078
115 1950
9 1585
89 2747
3 2463
72 4868
98 429
42 515
194 3196
16 3026
258 3669
254 3752
14 4090
141 4235
101 4225
83 1638
239 4472
61 2557
25 985
95 2756
81 1081
178 2203
242 4553
72 4267
110 367
46 2097
180 4009
249 3743
117 1685
23 2918
202 1693
241 2106
64 2137
208 951
18 1323
249 2743
19 4550
45 2041
111 1412
165 176
247 3926
234 4927
203 893
166 4488
219 1679
31 151
110 1458
113 1437
223 3713
86 1960
169 1495
199 647
185 2148
45 3699
74 1828
66 959
192 2951
185 789
201 4934
237 2288
109 4275
61 321
148 4250
37 3783
69 2128
153 2238
171 2714
215 57
74 2325
10 188
141 4648
172 168
220 83
92 2273
220 4125
159 2052
23 670
128 1875
172 2676
223 4397
3 3483
149 1619
175 2530
172 1058
106 4409
252 761
44 1838
12 2036
7 2360
88 1021
178 611
10 2407
51 433
211 4621
112 770
40 2670
211 2554
157 3441
212 3483
92 1876
125 1546
95 4489
233 4439
243 2544
111 3582
180 1355
81 3206
39 4175
211 227
220 2494
79 41
27 1267
55 3217
246 4804
18 4953
176 2124
166 1227
24 4616
157 936
46 2114
213 2407
10 1111
235 4036
182 4056
115 2900
