812 812
312 3475
284 4984
185 2928
135 3864
226 1602
6 419
207 4695
268 3108
369 180
323 4236
347 4371
14 1472
143 595
323 2483
153 2496
186 1614
31 2165
260 1502
31 4019
72 2362
381 799
257 2378
356 867
348 4611
356 1539
120 408
237 4798
230 338
187 2515
398 2818
113 2439
222 4529
380 3603
118 2372
266 2377
263 4497
331 713
221 1791
220 847
109 128
186 4528
316 2088
379 1958
239 2395
239 1882
322 3730
10 1492
311 586
394 3868
121 1111
190 1714
347 3947
374 2557
401 3212
35 2991
135 2547
222 1213
80 2382
255 3445
84 4264
244 2911
65 3640
32 2062
93 4260
235 3018
194 561
1 1596
44 3769
331 2486
21 2091
120 3638
130 1322
253 1034
348 3475
258 494
258 2223
255 754
365 763
108 128
262 675
62 3273
224 3551
130 4918
275 1926
60 4263
308 3585
96 508
92 4708
153 1255
125 626
115 2130
137 2608
259 1918
58 1729
402 4997
402 4271
319 4182
141 4559
43 3880
227 1626
290 4325
367 3913
68 1704
324 3522
184 3770
107 1781
323 4730
379 4379
226 1557
234 2287
76 860
165 4500
37 4961
220 1714
218 4714
242 2833
122 3779
92 2649
43 21
239 171
340 3136
328 4478
180 4360
67 2171
155 3150
89 626
265 4124
277 58
164 1238
242 1914
162 569
389 2529
119 2268
305 700
119 3235
340 1983
350 4666
139 1580
229 2171
237 3256
154 4241
6 4512
234 4077
164 4946
254 2634
370 1552
123 2159
290 2184
343 4220
388 1869
383 4910
152 3030
257 4654
368 2598
375 1387
155 1419
243 2582
154 2391
192 4060
232 1760
169 2379
352 993
217 2922
368 4199
25 4783
179 2054
66 4419
301 4467
65 889
304 4601
179 3885
36 4752
189 1235
210 1928
213 743
324 3194
35 3554
156 4986
356 4099
89 649
367 6
225 1786
188 4552
109 2173
138 4217
204 400
168 2209
297 1794
18 3949
220 1984
182 1677
396 1415
77 1291
233 2139
197 4292
39 581
15 985
45 505
239 1586
311 4720
276 4767
305 3763
1 4507
187 4276
23 2929
104 3162
171 1348
239 4962
336 4365
34 3470
158 1390
402 347
30 4839
356 4050
259 2129
325 2556
331 3218
364 2588
225 3575
329 2936
79 1139
270 4673
258 4889
44 4003
266 2699
293 1532
184 3605
363 4384
290 3838
139 2221
386 2040
278 557
37 3014
274 3037
246 4963
360 3144
327 1072
19 3211
280 1344
112 4377
28 4467
56 2322
218 2654
72 3085
177 639
203 3595
398 2906
126 1361
331 2595
86 3859
144 80
212 1852
44 2389
15 167
309 413
358 550
278 196
270 3880
325 2078
276 958
115 4930
94 1320
36 1817
9 3368
319 3617
377 3690
84 2345
37 2762
130 1472
159 2464
212 412
385 3160
355 3274
271 4526
103 684
77 4528
256 3853
271 3672
352 54
98 1468
214 2754
169 1017
322 3112
379 1802
121 4020
325 3623
166 4008
371 2499
246 1740
377 2042
297 277
391 1282
10 3813
140 2180
175 870
141 942
351 1533
173 1722
130 1416
51 2274
107 717
173 1039
301 1541
179 2311
344 1837
369 2512
386 2720
386 3848
60 4764
336 1207
151 1706
222 4626
97 93
152 4850
400 849
179 4124
95 2217
202 1655
155 1315
93 2705
13 2858
61 4418
112 3248
21 65
269 4981
328 848
55 4332
13 1785
246 1839
320 219
333 2036
148 4435
130 896
296 372
42 3595
43 3107
210 1049
301 4425
169 4580
68 3109
151 2868
379 3651
293 1275
291 2326
353 1160
211 3215
185 3951
336 3917
155 3033
35 887
172 3794
396 3347
383 3728
42 2577
302 4880
243 1538
149 4112
94 1688
312 92
70 3790
338 2264
277 2765
196 446
350 3338
340 3683
175 672
98 2560
176 779
62 1821
121 344
166 504
3 3928
230 1139
401 1114
215 14
171 1847
114 3432
84 2252
64 113
25 2402
29 815
74 2768
215 2592
99 273
135 900
157 2087
376 4253
116 1412
68 2247
206 2321
123 4441
371 2143
37 4723
363 4289
72 1600
128 516
124 2053
179 1103
382 1658
103 9
282 2024
280 651
113 3482
226 4460
84 4551
84 3832
33 4713
280 327
309 4170
354 1334
214 211
385 2638
131 1836
23 1132
288 1255
303 4995
270 3499
247 159
106 2695
257 3232
204 1444
244 2318
77 135
156 1771
167 3350
51 2830
278 27
23 2096
31 3994
159 2376
110 912
255 243
254 2219
295 3226
366 3518
198 1222
54 4834
223 4066
338 2223
78 3898
193 2560
398 3244
214 1117
58 2545
303 1735
241 1448
151 2184
33 409
96 3019
224 4019
369 997
4 4214
267 439
371 3995
394 2457
186 2766
247 3377
78 2658
38 119
260 1519
227 1075
235 2249
341 1536
309 3096
106 3757
399 4302
296 3952
113 3476
338 70
320 2241
136 2962
32 3662
54 4255
96 3012
337 2376
53 2882
233 554
334 1894
95 493
243 4680
92 2537
356 3032
364 1944
34 992
52 2460
320 4151
87 636
346 3386
188 2162
21 3585
392 2349
335 1052
80 4867
36 609
183 4107
285 2983
184 3360
252 3925
79 374
147 947
72 4963
237 1539
126 4836
370 1965
399 1033
245 3908
149 2366
308 2376
76 1988
135 4619
48 1935
347 2935
274 4182
360 3097
91 4543
88 4555
41 4140
179 299
129 3073
314 4273
56 3086
140 2105
169 3628
4 739
33 3774
85 4340
101 502
251 1124
58 3168
328 3375
66 4296
67 1525
200 2861
202 660
342 2631
176 1309
154 142
304 1093
395 2019
48 2420
381 4883
333 1266
268 4992
276 3517
200 1595
217 1608
197 2106
269 2818
378 3570
96 2503
368 3494
322 24
104 2192
287 4044
193 2274
112 2750
70 1827
332 4489
93 2875
246 2657
39 3293
161 2890
166 3370
55 4022
178 2052
100 1383
192 2350
272 391
120 1269
377 1414
1 97
331 3302
303 4425
49 3204
133 1674
343 380
301 2918
336 823
265 2638
45 2145
171 4289
338 1296
2 989
196 3103
68 1057
298 238
207 4438
97 1072
347 4807
162 3143
71 222
39 3376
32 3885
153 3911
121 3906
246 3498
358 2279
221 4008
117 2146
67 631
326 1785
389 1221
189 319
357 4977
28 4520
93 3360
348 2105
307 3522
221 396
267 1869
93 141
240 866
262 4318
284 2873
182 1076
302 3197
131 879
114 4336
235 4326
164 4642
382 1703
124 3519
275 2839
100 1301
186 3639
158 723
368 2335
111 1309
231 4266
370 4369
26 2254
92 2665
109 3609
2 387
319 4252
244 3588
339 4884
238 3730
352 1608
275 4889
29 126
86 101
138 1090
157 3502
367 1522
33 527
157 412
311 3667
98 1988
359 2649
369 2326
380 3731
76 28
116 4187
164 871
399 263
49 3491
306 3779
60 4135
222 4539
306 1903
245 2832
81 3193
45 3623
56 1179
350 4432
262 296
120 3939
379 3866
82 2648
376 502
369 2326
139 3135
380 4289
137 2975
319 3021
302 2369
239 4217
362 3452
300 3562
46 2401
214 1823
204 2910
214 1967
203 2765
217 2943
112 4964
366 2995
335 82
215 2348
382 2631
42 2511
384 4905
212 3226
168 4498
232 1053
283 596
189 218
101 3019
262 3867
339 4206
28 2537
148 2710
180 2282
375 3411
96 4901
255 1900
27 4804
24 1910
107 2399
63 2398
205 4519
211 4307
147 240
147 3609
95 2633
164 2796
378 1176
235 4093
187 3312
222 3810
320 2250
118 1378
320 1748
252 698
107 2656
346 1733
191 690
326 1800
244 367
287 2625
29 472
76 2845
264 4827
9 2042
108 4559
277 3824
182 1175
159 3119
101 1002
374 1979
341 4169
272 3617
288 4697
295 4433
262 3349
401 3451
18 2376
53 1078
246 2326
195 2351
64 2662
22 1689
16 1641
360 4294
306 2793
198 2694
15 235
141 2995
25 2768
73 4174
277 4444
203 684
155 1005
199 3159
74 1244
219 2267
321 4820
277 1085
329 811
188 1903
208 3259
280 2554
192 3216
218 4443
99 2460
67 4900
272 4182
287 1296
264 2722
61 2849
105 2685
357 3656
317 1393
133 3973
172 110
113 1195
126 3182
208 1622
70 3950
357 2271
190 757
243 2065
66 2610
300 788
290 1323
356 3251
387 829
296 1786
31 4364
64 2940
259 254
361 287
278 3545
371 1955
265 920
26 1576
115 446
101 2613
169 324
318 3536
2 190
