749 749
325 4446
313 2738
239 3653
187 1473
259 328
117 195
107 2977
278 4034
118 2950
374 2172
367 414
366 4671
313 4236
140 2481
37 4349
122 1744
357 510
231 1213
50 2853
39 1007
249 3171
221 417
287 1596
260 2906
247 1475
372 1107
157 1509
190 4651
145 4167
315 1974
222 2429
115 1583
251 2142
6 4501
363 3190
74 1536
350 53
334 3313
300 4078
133 1157
97 1500
129 593
89 3642
285 1592
34 344
354 2773
206 1437
333 3005
273 2655
138 4915
246 2421
5 960
263 327
13 587
61 1662
255 502
333 3188
237 3535
128 2567
192 3935
224 4833
23 4526
180 4602
324 4149
124 1943
136 1792
76 3187
186 4475
256 3684
82 4553
309 1809
306 3704
194 1675
34 1219
215 4566
47 2147
318 2044
356 2557
370 2989
362 2815
363 1111
87 2591
40 580
249 1832
321 409
40 1613
29 4182
253 1643
249 4207
91 4884
337 2036
193 4002
49 2426
83 1260
173 2413
300 3630
180 3488
26 1502
191 4943
215 1165
144 1785
364 797
69 3668
205 3316
157 1200
339 4749
62 1814
25 4563
161 2583
275 2253
46 2586
309 4877
282 553
331 3317
318 885
192 4618
158 1195
344 942
44 3366
49 1549
145 4948
131 4602
71 2742
360 3916
336 3191
350 4
170 4699
27 2174
227 2048
184 3005
230 233
36 2646
282 2044
143 4771
168 4149
316 378
251 630
182 3332
29 420
43 747
314 3252
105 3701
288 11
181 2059
34 2129
206 3112
250 1652
81 4131
171 3698
336 2992
80 4071
2 4014
117 4848
50 912
183 1361
355 2687
128 4272
366 2709
268 4946
15 1748
374 2987
19 4256
181 319
344 1629
119 4543
170 201
333 2827
335 4291
185 4126
203 2916
104 1962
230 4122
369 3282
96 1649
67 3121
236 1722
108 3055
186 769
209 1550
371 1734
134 4647
14 789
169 4721
207 4294
278 970
140 926
277 298
225 3399
116 2211
343 27
104 4065
356 285
227 3595
229 1324
16 3112
92 1447
61 6
275 453
25 2773
331 4802
336 3404
123 4201
1 2439
96 1773
134 2638
253 507
323 2468
107 2511
162 1776
271 4150
354 3223
208 2597
281 3961
74 1288
151 4090
83 2937
360 1025
8 4778
102 4178
9 575
263 1368
319 4262
337 4492
320 3554
37 2352
8 2645
261 170
267 166
320 3293
370 3723
194 2520
356 1744
161 3734
267 1981
89 422
326 188
269 419
116 2452
8 4744
300 3078
82 3503
212 4714
299 2704
26 3665
341 1876
52 2952
238 2920
33 2021
31 220
115 2448
95 1797
334 797
256 1967
297 2521
161 3946
292 4591
108 2024
3 420
287 3221
77 10
287 4057
129 1011
286 3321
66 1820
306 3324
204 1141
321 2149
68 1537
369 4132
307 299
179 4995
15 2528
5 3306
351 2247
36 3793
363 3063
237 141
338 2834
101 3992
115 87
108 1476
177 926
338 4303
310 3807
255 4824
70 3115
116 1123
32 890
145 2059
18 2649
327 1877
54 4716
276 2379
249 2238
346 3811
72 4826
216 1058
223 119
51 4443
334 4856
203 4383
18 3335
344 2034
371 1882
312 1687
269 2505
281 1240
249 3306
93 805
111 2772
343 2844
239 2974
332 2818
333 2566
121 2186
314 869
162 2865
31 548
153 2385
98 2872
235 122
366 1163
81 3934
45 4613
235 825
192 2845
55 4980
318 432
218 2681
373 2135
297 488
294 3246
259 670
2 3233
288 3891
71 46
151 208
300 838
351 2799
248 751
363 393
84 4878
309 2517
365 325
123 3952
235 3538
61 926
9 2662
304 790
195 4351
81 2164
261 2093
345 3933
71 599
90 4432
290 4708
228 3856
350 4131
111 4057
209 1478
341 1256
346 2273
46 2155
217 4914
139 353
178 367
40 1565
52 1286
261 1813
158 4757
151 2273
209 1287
22 4839
324 915
22 3492
354 1810
195 743
254 1611
365 391
173 2105
148 100
22 4412
95 1285
255 4886
74 4968
219 452
280 907
85 1652
1 4685
70 4042
198 912
195 2732
20 3783
139 1401
111 1532
36 4006
184 529
213 315
121 2381
366 1521
84 4107
232 1038
176 201
113 3993
309 1253
8 3986
11 2914
243 1761
273 4338
169 2018
253 4572
62 1587
92 453
269 4968
9 3160
6 203
18 426
277 3167
236 2577
343 2802
7 800
315 84
168 2414
360 1845
360 2936
280 2904
252 2848
232 3011
178 4233
339 11
278 793
279 234
291 3301
297 2765
167 350
77 4436
216 3174
144 2470
105 3255
283 1457
112 2073
100 2661
302 138
243 4876
250 4446
335 662
61 958
66 1528
77 172
96 3321
25 3635
301 4204
329 3910
190 497
117 4663
342 869
123 2984
287 1695
370 2004
42 3374
91 3962
69 1405
117 3200
302 1566
270 1249
258 1603
47 2388
205 4264
79 432
252 3166
246 1994
96 3956
269 45
204 1649
367 787
70 3990
155 3494
321 4856
52 3144
140 2282
147 2479
117 4819
196 3753
253 3655
346 3302
354 1557
282 176
128 949
44 4387
255 442
11 2760
15 844
343 624
374 2945
236 3357
171 2630
300 4837
252 2579
198 2055
60 4385
309 774
27 2414
63 601
140 332
74 1341
311 690
350 3350
150 4251
285 3505
327 4800
184 1325
166 4646
160 4710
295 156
163 2647
119 435
122 4872
120 2416
88 3776
246 3544
149 1376
108 4430
62 309
123 373
241 4198
213 3119
129 1617
232 1914
237 3841
217 4060
270 164
31 2149
195 2580
325 1266
114 2862
255 2193
2 814
161 2670
204 2024
103 3386
79 3897
228 4211
183 1184
35 3845
230 4648
308 1636
46 2072
98 1581
117 1233
255 3368
32 3111
204 56
183 3699
274 2480
282 4541
41 4424
206 2056
121 4257
324 2187
319 2387
179 29
36 2305
279 2749
219 4744
305 1054
272 3267
147 1303
155 3381
24 1859
120 1103
245 442
192 744
197 830
78 417
116 4720
282 3600
230 3331
152 665
374 1329
302 3634
225 2722
223 292
83 291
119 3850
305 71
227 2823
225 4106
366 619
250 1852
155 1614
114 1522
114 3006
142 2502
300 2784
319 3952
326 4329
16 1601
347 4763
207 504
148 4211
84 4908
320 2215
299 1700
63 3696
334 1463
261 1948
174 1259
114 3378
353 3974
292 4068
110 3196
28 1039
246 2452
307 2048
287 1615
371 3442
262 2694
241 2577
97 3911
167 283
366 1313
197 1989
216 3106
269 2194
248 2387
260 877
190 4223
36 2051
61 3222
310 3112
364 4038
60 3918
121 4108
66 3898
25 2718
298 27
308 122
334 2335
209 3544
91 3409
251 3042
28 2701
275 2516
369 3403
285 1994
242 2126
257 1601
201 48
211 4030
372 3390
224 2455
181 1280
10 1560
147 2250
21 3799
132 816
40 2294
196 4989
228 1055
189 4464
236 3904
172 1284
272 2591
251 4096
20 3653
325 239
329 3117
271 2636
295 4869
12 3968
85 305
80 714
95 1513
102 1018
180 1331
25 1638
40 1121
159 1521
350 98
80 4784
77 4489
174 3690
78 3107
50 3456
155 3539
75 3450
279 1361
54 963
26 435
4 357
29 1005
129 3636
35 4381
159 2760
226 554
137 4057
136 1120
188 3839
327 3532
166 2115
224 2500
1 4515
204 1749
198 417
63 1673
49 1661
213 3544
1 3774
175 4705
225 55
98 2341
222 4522
341 3367
353 4380
207 1742
282 196
77 4303
325 1900
241 510
166 3565
243 3052
267 478
306 4719
170 1272
243 3512
302 2524
176 2141
361 3458
210 3404
302 1636
326 2125
159 2419
56 4916
1 3137
238 2881
265 2125
4 2902
277 2167
132 4738
14 96
194 3850
79 3144
321 3600
32 2321
354 924
96 1020
119 3561
233 1445
217 816
