150 150
33 3367
20 3418
64 1696
50 2712
58 1781
14 483
65 3495
32 267
3 91
19 541
40 3102
19 4916
40 2000
16 2767
43 892
47 4531
71 3910
60 658
30 4873
27 1082
12 1136
66 2093
43 892
66 4033
34 315
12 415
17 928
9 1588
4 450
10 3311
9 2391
50 3898
45 1210
27 3965
64 1044
55 2049
16 4543
41 2709
47 95
3 3663
46 929
26 2450
24 3132
71 1000
16 3982
62 4860
47 3564
22 3700
18 34
6 1478
6 2708
59 4435
57 1586
64 1394
72 4638
53 3612
43 1934
47 2338
70 1763
46 4743
33 2104
6 1917
2 2017
66 3796
49 3406
48 3540
36 3539
29 2282
13 3690
49 2312
16 431
59 3410
59 1777
22 158
71 4922
19 1502
25 4900
3 3273
60 3780
38 91
61 2482
49 3469
61 3581
16 2317
11 493
13 654
59 928
34 3534
25 2860
18 4923
69 1795
9 4163
9 3547
56 3597
18 4485
46 4344
29 4391
31 4860
59 4042
19 4800
41 250
9 4018
14 1165
31 1895
59 2874
73 153
23 3012
25 1472
8 4369
64 749
56 1304
22 1372
30 672
46 2627
9 4352
27 4277
16 4476
7 4292
30 2434
2 378
73 2323
60 4455
44 2508
49 2243
2 4715
9 511
21 2229
20 4192
6 2812
74 601
47 2848
65 2193
40 4369
33 4726
35 3541
52 2833
66 745
3 4309
42 1592
63 3402
19 3588
14 221
26 3843
3 2166
20 1756
17 4079
51 25
71 2396
29 3844
44 3636
