722 722
223 3206
11 677
38 2167
138 1113
137 3843
209 364
104 779
332 3132
138 1079
264 2345
349 4775
30 4690
176 1636
162 1230
309 2765
253 4401
322 163
110 1795
335 4626
335 2224
271 3952
161 4362
92 3598
351 1427
252 3196
92 3206
321 2832
252 2849
288 2842
260 994
132 3526
40 3189
186 3751
231 1846
261 3994
146 4087
135 2847
65 4728
51 3073
218 681
122 3220
116 2697
79 2631
319 4708
145 1729
229 430
218 2271
30 583
7 2609
277 3298
107 2151
265 1148
107 368
323 4329
73 1591
126 1815
84 3632
213 4504
52 3867
21 3173
195 4111
233 1010
99 2036
137 1673
214 3838
214 4243
299 2264
141 4910
194 229
78 4820
15 1360
238 1814
186 4215
111 4215
24 1222
224 2143
248 1039
256 1584
57 4803
170 4327
191 1710
326 3698
232 3944
343 3335
164 3830
148 4003
297 313
270 1808
207 2862
228 3891
303 798
324 2646
288 2870
87 760
170 3561
218 2764
101 1018
132 47
147 11
275 3008
140 4324
183 3702
79 1956
205 2180
169 593
300 894
246 1594
164 114
7 2464
187 3252
268 1785
355 1987
354 1318
269 2953
200 3414
96 684
118 3250
333 4593
350 2322
110 2178
256 2998
86 4148
137 4231
304 2421
20 964
324 1521
151 3679
354 4228
194 322
241 3931
308 3824
140 1970
175 4641
23 4731
219 2203
112 25
205 567
309 128
61 22
263 4661
76 2277
284 375
83 406
166 1468
73 1191
221 880
281 1546
151 4025
304 2700
299 2357
334 320
208 2526
90 1083
316 427
81 1252
58 3378
343 30
146 80
277 4997
268 1502
260 1779
299 4428
155 381
260 1918
197 3560
5 4356
178 1754
313 1977
151 1726
114 2672
89 519
200 823
76 1446
359 3131
200 153
221 1383
69 2061
315 423
118 367
244 4724
49 4808
356 3876
185 4283
68 4534
125 4019
208 4611
274 4571
58 2376
247 2495
186 4733
158 164
84 3639
307 3092
313 887
68 2867
239 4278
328 347
237 1980
317 1763
211 2336
78 168
213 3999
177 963
282 4221
222 48
80 2788
101 3404
163 1184
211 1650
196 2416
323 4992
60 3111
147 4279
101 2727
315 99
161 2637
23 349
335 3315
193 1507
170 4618
190 529
185 3404
25 2239
256 2690
323 897
289 4648
268 1863
162 442
6 176
62 3268
155 1522
196 4468
270 2003
259 916
17 4890
216 1622
278 3995
287 3638
9 4053
79 3607
40 132
335 1385
92 3920
259 2136
220 2555
154 2778
107 1521
5 2265
182 813
80 89
340 3267
158 675
89 3868
125 3522
174 951
37 1759
107 1006
109 2301
87 4624
151 3010
284 354
139 3501
347 3767
329 4714
155 4215
215 1505
18 82
113 557
151 1016
359 390
273 4060
90 2107
70 439
135 4865
22 2422
2 3535
217 1792
119 722
120 1461
5 1063
108 22
136 984
128 23
333 3179
294 4182
232 2840
341 3134
82 3221
357 4521
44 3916
304 4231
24 3182
48 4960
17 4951
208 1749
332 361
178 701
324 4007
43 2007
330 280
237 1828
327 3411
123 1659
5 4687
311 3694
327 1837
358 735
225 1655
326 2792
144 550
111 1687
310 1698
239 2200
291 3964
111 4582
265 2574
272 3185
110 3528
49 1953
127 4279
284 2189
221 1383
30 1052
133 4325
133 4132
159 3585
148 205
294 2538
205 4873
279 4827
111 4184
304 2894
175 4002
210 2394
56 2540
258 4554
238 2075
242 141
318 2558
299 3138
125 693
353 2940
29 1525
144 767
178 2717
21 2475
223 1191
359 4360
131 2282
127 1034
114 2915
289 332
54 1527
9 1718
69 2517
238 2744
357 3470
81 1256
355 687
33 3472
76 3114
322 815
260 4729
141 3069
139 3484
139 2985
168 1954
20 2911
232 400
11 314
179 3373
232 193
335 328
215 1212
159 4760
209 1018
337 3803
24 3304
99 3174
28 2609
23 3109
63 606
314 189
264 3117
96 111
93 1082
284 3604
188 4164
52 4524
235 4498
177 4317
146 1777
341 4620
329 1397
112 3038
10 1318
101 2635
310 345
172 1054
32 2985
30 1451
241 506
12 1875
122 2816
313 1502
242 3605
276 1189
61 3831
49 2716
273 78
179 973
347 3808
167 1395
157 173
66 435
253 4502
136 1651
35 2071
124 3629
22 2631
86 1276
286 2078
64 2543
71 4616
113 1334
232 4591
211 3707
355 1049
203 2339
299 4870
125 1347
316 3822
277 1213
11 2950
309 733
176 4776
202 2399
296 353
65 4946
271 1847
66 2747
194 2499
234 193
72 3668
323 3389
268 1962
338 4595
62 3690
184 4078
52 3296
154 423
195 188
326 2866
221 1504
14 993
348 3864
96 1906
252 2555
123 2355
268 3788
82 2713
293 4981
159 2530
90 4889
227 857
46 1369
289 3297
92 3097
264 2830
251 2851
301 1916
17 3005
27 1978
215 3609
203 1869
18 3583
3 349
283 4811
272 2895
78 4582
29 2116
337 1531
79 4439
275 479
202 700
128 4953
348 228
68 1367
109 2780
108 357
168 2450
285 4294
34 2680
189 3187
62 3336
80 3495
260 3696
141 3937
351 1831
167 2055
331 18
273 2480
172 2713
269 1025
172 4817
123 3462
36 1218
139 3432
313 2108
98 4806
184 904
330 4454
143 3244
26 4107
272 164
303 2352
195 2350
349 4998
9 4430
5 2069
259 1648
49 3600
61 592
165 2969
141 3141
359 4240
302 586
291 3453
253 3688
239 94
12 1012
330 4691
289 1289
340 1753
87 4005
280 1302
238 138
240 395
360 1834
259 2255
358 3882
49 570
72 4809
137 343
105 520
282 115
166 3051
167 4693
97 1334
79 1533
31 1726
320 3409
251 4428
137 3529
215 4597
352 2840
88 3734
24 1604
316 2301
179 1398
335 533
1 660
224 1924
70 4767
6 4034
80 531
218 121
69 361
225 2974
128 1377
174 165
70 4464
245 136
147 1378
257 2815
320 2103
25 2123
340 2089
183 3298
62 2205
98 3984
129 3586
105 3698
163 2124
291 4235
248 3977
218 1132
36 1954
129 2092
228 4088
178 3887
204 1118
102 3938
127 4180
302 3985
191 3227
43 1561
18 421
101 2132
68 2077
148 412
136 3011
297 4569
118 1124
41 2474
143 431
38 4832
107 1293
66 4658
249 504
307 4835
319 4370
215 1342
94 4099
263 3279
69 4677
23 2386
147 3255
278 3709
324 355
76 2833
130 301
244 1771
232 4651
124 3111
312 3233
221 1397
32 2562
9 4664
299 1013
157 2675
74 1168
151 1237
202 4572
239 3593
197 388
20 4719
221 4967
209 4618
104 3135
187 711
222 3261
4 4407
217 536
299 3294
23 2567
29 173
240 308
106 3775
107 4208
122 1017
250 583
7 3431
31 1994
305 2748
335 1701
40 35
169 4549
103 2190
16 1128
97 908
292 2150
287 564
105 3512
24 1314
223 1895
308 3494
131 3714
72 1697
135 58
47 3296
238 693
244 3924
255 2854
153 1074
224 1416
24 2262
262 226
334 2071
261 4369
54 180
214 1250
337 500
87 1038
8 1025
82 3573
242 4970
62 366
229 3768
214 3509
297 728
50 3478
273 4858
124 910
345 536
186 3332
325 1403
181 36
119 872
64 1156
143 4373
100 3255
350 663
231 2681
139 920
172 3375
49 3200
223 3652
151 620
321 4225
234 104
188 4993
167 2053
260 4094
301 4077
129 3659
276 1684
257 964
95 1802
340 1965
341 3957
253 4875
