759 759
83 790
166 3528
118 4115
107 2475
93 1027
328 536
123 1305
64 3669
275 2353
215 4047
352 1157
38 4082
227 3947
243 2880
96 3453
94 4210
237 4828
130 4795
116 974
228 1788
97 3823
357 383
197 2558
222 3484
68 2351
31 2062
71 1595
136 754
45 4396
223 1392
280 628
313 3527
309 1276
123 2283
222 1327
29 3856
183 3938
46 2127
354 2604
108 3457
16 2134
261 1995
82 1194
74 875
285 4730
317 1192
347 3762
69 428
340 657
272 421
14 3545
329 4960
218 3659
37 449
216 2816
171 4016
61 825
71 2394
70 2146
21 3789
301 4876
308 4687
329 2410
156 2404
156 699
108 4947
46 2088
322 792
332 4112
155 2977
352 1439
131 3209
276 57
76 3912
4 4610
194 3562
232 3241
216 613
125 1604
41 3733
293 563
301 4177
306 2349
262 4092
147 1590
334 1759
270 4301
79 2872
341 191
233 3891
11 2766
228 1712
33 903
342 706
341 1893
130 1067
34 1401
124 4943
41 2917
4 688
360 1491
167 3021
120 3070
301 674
76 3665
352 4317
359 648
210 4847
15 4641
333 1447
326 777
252 2566
96 2020
16 3725
19 4377
140 3821
326 1761
104 1862
250 223
162 3051
42 127
322 943
66 2108
194 342
52 2533
165 1367
211 4891
346 804
215 3204
215 3671
20 4335
325 654
123 1384
97 1879
105 2846
135 4196
173 3919
351 2485
200 4391
74 1855
91 3504
262 2995
324 1932
337 3505
349 3604
20 2154
372 373
17 1426
138 4459
333 96
35 3035
177 2707
207 2284
350 1323
375 2140
43 4190
243 3015
180 3180
372 3094
64 276
188 4141
186 1078
67 1802
41 4884
40 4322
54 3007
228 2921
232 4995
97 4904
94 3667
307 3631
245 3421
114 3991
69 3267
65 934
370 2254
13 227
266 1980
373 2083
209 2123
252 1128
66 3083
287 2269
289 2485
316 4304
207 2125
42 4569
58 3018
176 850
133 3317
286 2627
307 4108
204 2061
327 3529
120 2254
67 1883
121 442
242 1945
370 3001
179 3759
243 493
68 2781
199 86
302 3284
350 4088
193 983
350 3199
272 3729
301 2608
372 1700
29 807
218 2158
102 565
47 35
41 3305
110 1375
362 1656
280 1019
141 4109
24 1776
196 239
61 1778
48 1161
137 4632
219 873
66 4898
97 2265
243 4989
73 560
215 1828
269 10
39 3225
355 4339
352 72
279 702
39 1813
94 4491
123 2724
50 4762
138 2500
79 3974
181 2187
246 3864
39 3374
329 3178
313 2347
237 1938
178 4202
103 441
76 316
99 373
138 1906
187 4368
118 3423
153 907
17 3796
7 475
215 2523
24 3607
2 4402
201 4352
215 2700
156 4569
27 2313
295 1176
91 759
270 3941
122 2914
359 1339
34 691
286 2313
183 3472
65 410
185 2974
97 1780
100 1875
260 3812
221 690
127 1279
99 3762
315 3483
98 337
33 4891
92 4023
255 793
58 955
308 3220
257 4816
138 2792
251 4696
35 2215
286 1159
270 2
259 1504
378 2546
92 4580
290 1963
271 3908
364 4172
328 2874
31 2935
2 2818
319 3851
109 1431
136 1409
368 3142
153 1466
64 4602
108 744
284 78
173 2166
239 4960
7 2696
233 944
246 1554
259 2075
183 1008
55 2087
126 629
77 4724
374 4767
338 4586
98 3516
169 4691
39 2394
4 2190
302 477
63 2012
208 2993
127 4148
282 2613
234 4894
336 4055
90 1997
71 780
102 741
101 95
311 3223
58 2517
100 1597
351 4269
50 1358
177 2994
173 1622
215 921
88 951
322 4699
305 1565
117 1665
191 1364
282 3041
326 4756
81 66
202 3539
115 1491
9 4198
148 3098
320 343
247 2467
350 1041
118 3226
91 536
245 1008
177 4202
5 2789
293 1533
242 596
25 1194
281 2898
285 1161
276 470
254 991
40 8
191 556
320 2313
293 4850
14 2780
126 3744
302 2485
240 2708
30 867
188 2653
44 3637
140 2259
86 852
122 1719
180 2845
118 2993
91 4726
155 3911
347 566
253 1170
174 3545
94 1758
137 3386
274 3089
41 4177
283 1214
341 487
143 926
291 2665
324 1656
22 1630
307 362
42 4579
331 4081
42 1189
282 3695
89 212
283 1674
206 1336
289 586
115 3293
59 2540
141 2026
318 1694
28 3833
130 4843
208 3528
326 960
172 4709
42 949
9 2480
237 1924
102 4593
50 2120
146 4377
157 1563
344 2252
131 4266
71 3308
377 1556
141 3365
194 1850
166 2432
372 4593
312 606
177 2160
286 4500
217 1276
236 4218
207 2450
136 2693
232 225
133 4755
377 908
165 2113
176 4541
356 683
137 1580
105 705
126 1691
23 2836
92 4107
180 4209
304 3765
81 4488
114 3838
234 447
374 4810
18 1117
80 3114
52 1899
274 4097
47 4467
305 4831
342 1875
280 1136
141 3567
347 3944
317 2931
270 639
159 3577
215 2855
228 1566
309 10
55 541
150 2748
129 983
237 828
333 2610
366 3005
36 2238
237 3766
33 1181
277 625
92 54
210 918
269 1911
344 4306
322 3253
226 4686
130 1192
354 1198
30 3311
319 2190
262 4828
118 3972
327 3993
189 2131
259 1498
275 3796
266 3275
7 1327
232 3735
102 2294
248 87
354 813
20 310
134 4751
141 3131
135 2394
267 4092
36 2363
204 4837
185 1895
84 4159
106 3449
64 4427
75 1179
170 3375
86 2333
149 2306
243 1101
222 4127
256 1776
69 168
7 629
278 407
62 4806
122 1982
107 4223
290 2481
363 4684
283 112
122 3392
269 1189
313 20
88 1998
116 3881
367 3751
253 1775
266 3628
108 1447
15 571
326 2156
359 1195
55 982
255 1600
221 350
212 1574
364 3875
196 251
245 3409
179 79
206 4675
318 40
322 1304
303 2995
309 912
37 1679
130 3857
47 4536
273 1579
183 4075
2 4475
125 3004
163 2150
106 3324
379 3783
288 3376
168 575
2 3174
237 556
202 1510
1 997
39 1816
220 1523
219 1491
276 3909
14 3605
295 914
375 610
104 1964
309 534
225 10
349 4508
213 4863
115 582
260 3320
265 1954
357 4458
45 4882
179 3666
65 2445
105 3596
229 4456
51 3265
346 4265
332 4120
256 4734
11 3668
228 3628
60 2827
55 289
68 425
369 1307
143 2207
68 3223
87 2435
195 3630
277 4484
297 2493
158 1028
152 1066
126 561
94 1320
1 4025
372 3497
327 1022
13 812
235 4693
76 2211
189 3088
231 4904
55 3991
229 3167
302 3543
181 2793
179 3323
90 2101
312 4984
241 4276
208 4934
176 518
98 2998
23 3419
125 3577
300 1673
312 4536
284 531
198 611
352 3429
164 3087
17 1952
162 2357
37 615
179 4001
249 4943
61 4601
272 3282
333 3049
376 3876
258 3737
176 1569
258 2987
95 4143
238 3450
198 3277
164 656
250 2161
80 2601
118 3077
164 797
346 668
65 811
304 725
238 1868
317 2687
231 2994
107 1483
359 3786
106 2688
266 678
198 2885
265 385
161 4367
107 199
26 2661
188 887
248 3302
184 753
134 1657
181 3045
74 1308
209 1935
184 2827
295 3668
109 1773
260 3989
6 1538
117 2233
317 3723
268 1184
297 4613
157 3803
372 618
309 1816
181 1859
262 737
210 1522
42 567
224 2209
17 2285
117 2421
246 4491
305 2756
326 528
49 3203
313 3824
18 4222
241 1711
318 2684
298 540
324 690
370 3371
180 1409
236 1069
228 2806
215 3317
214 4656
339 4228
168 4481
261 3241
232 2303
192 3033
307 2661
156 3502
66 715
307 2570
34 676
5 2030
148 1736
126 1891
285 1123
81 2874
20 149
133 1073
313 1083
352 202
128 503
229 4692
183 2468
203 4109
265 2902
196 3008
374 1365
339 3977
210 2805
232 4176
177 968
331 914
223 1880
61 2836
247 2070
228 2504
33 4889
78 664
192 2886
