334 334
165 3715
65 3225
97 3441
118 2146
81 2757
90 436
94 4498
58 3764
58 1862
46 2496
6 3752
50 2547
23 2665
45 3279
158 3156
6 1653
76 3558
89 1016
82 1837
130 2429
74 4558
20 339
154 2164
128 3164
46 3875
107 2332
130 664
17 1491
42 1459
33 3018
109 3270
40 2244
3 2140
64 511
70 1132
39 4333
37 1560
61 66
54 1490
10 4968
95 4350
145 2158
38 3811
136 3791
111 933
68 1220
97 1656
85 3399
58 4622
67 1418
44 1195
81 2336
116 4553
94 3542
76 1135
2 4731
113 3144
103 3389
139 3199
35 1203
129 547
113 2522
66 1584
74 3118
49 1276
150 3749
162 1559
120 1631
62 2426
82 1477
82 4749
93 3638
34 2864
150 2999
149 4413
123 4654
14 2273
82 2494
119 496
145 4177
151 2114
164 2372
150 1544
103 3806
48 3545
113 3796
100 2331
86 1896
63 269
156 3002
149 4801
19 3682
34 2367
110 74
160 1744
68 1256
113 4316
34 458
162 3835
126 1419
37 698
141 947
154 2019
165 2625
158 458
148 3819
34 581
142 2310
140 791
65 4258
39 4796
43 4367
58 2542
15 97
109 2
161 1180
133 710
46 1076
6 690
138 2288
119 2908
32 2739
155 3255
21 363
65 4286
136 2594
21 390
30 3698
91 1862
84 752
48 4766
101 3482
74 2828
22 751
122 2594
150 1660
72 3070
62 1121
159 3693
99 4868
109 473
113 539
101 2365
106 1305
163 4006
95 1140
92 4296
20 613
149 976
137 40
27 2254
68 284
165 37
94 4893
6 945
14 1675
73 3771
126 1905
131 4788
79 2513
97 171
55 4524
107 1622
163 2479
105 2427
140 1899
14 3435
67 2501
47 2634
43 417
34 3250
43 1885
96 4142
77 917
141 1176
25 3056
21 1843
141 4783
142 3195
46 2375
53 4659
41 65
26 3566
17 2797
28 4387
143 1951
47 3977
162 2522
21 1122
13 2301
72 1988
109 182
46 2671
132 1314
42 2684
61 2994
103 1666
45 4671
27 4927
69 844
122 1323
63 4013
23 1324
76 4532
59 4235
28 1197
38 3012
157 4349
54 4883
126 1563
136 2158
135 1346
151 1533
126 3465
149 1087
78 4518
35 387
45 2372
68 4029
117 2401
153 171
10 4122
163 2104
88 4185
112 1593
144 2297
2 719
153 1944
58 1971
29 2672
4 1835
126 2461
131 2835
71 781
80 1452
97 2731
61 154
17 945
144 4978
27 399
47 4223
130 465
127 3321
141 2568
53 329
2 982
160 1625
80 229
74 594
153 1193
56 3751
136 2869
151 2580
85 4008
51 483
39 1563
41 2672
82 3430
90 4492
104 49
22 4228
143 3825
67 1689
115 2940
66 1883
14 4943
110 3239
17 2916
66 1924
4 3405
91 1585
145 83
15 3225
71 2951
121 1983
153 1673
152 4040
31 1309
29 1240
160 3968
43 2527
97 1139
105 2060
82 481
22 381
142 603
152 4155
97 473
105 1481
30 958
155 4260
132 2326
2 1161
102 3082
59 4631
64 3953
103 4455
158 1872
69 2329
10 4914
136 2548
110 2476
11 1678
26 4189
21 3503
24 3140
34 825
60 4021
20 2016
68 2397
54 2462
135 1812
27 4300
93 4108
123 3712
132 1067
149 3988
85 1212
6 4025
142 170
110 279
24 3272
142 4082
166 4986
30 1465
32 3135
140 155
81 308
75 674
13 3812
162 1756
125 4078
159 796
35 3784
