898 898
178 4165
290 4228
178 2643
423 2386
434 1399
37 1210
309 697
69 4130
159 2810
311 4542
320 558
240 861
317 3606
129 1824
258 2406
51 4723
315 1630
79 288
111 1612
13 1449
377 4212
438 2337
308 3965
257 2977
63 2910
33 2647
96 3619
212 3460
256 2767
182 2140
276 2227
17 3563
260 2720
163 3724
148 1246
196 1861
195 678
321 1440
69 2712
24 4104
441 3054
284 1532
139 1182
32 3832
441 1360
368 4652
349 581
275 793
51 2539
18 3674
224 4315
120 4435
300 3876
29 219
394 3027
32 967
173 1984
208 1568
235 3503
213 3252
383 744
268 3941
335 2605
257 971
125 2221
227 708
300 502
163 3489
52 1039
28 1925
378 1984
266 2350
31 2073
396 335
384 4296
198 3406
96 514
349 844
24 139
215 111
229 2807
111 1497
30 1574
309 945
215 3766
337 4780
125 4100
257 1881
187 3289
295 4284
373 650
165 4025
193 2242
155 1996
414 4058
272 4350
28 1785
6 4025
359 4829
151 4281
17 3775
169 4155
234 3645
341 1649
114 2525
295 3264
402 4960
17 69
267 4909
67 3470
153 730
271 3667
268 2466
177 1411
319 817
348 3076
155 2560
109 545
437 3194
233 211
360 4962
413 2053
53 412
350 4033
191 864
162 2170
259 3088
258 3959
165 979
401 2739
331 2953
365 786
202 4735
49 601
183 2623
180 339
188 2179
28 3021
209 555
72 858
120 2610
424 2180
62 3083
77 4346
331 3675
419 3572
326 2106
340 2355
422 600
25 3780
243 2781
189 719
67 4174
254 2493
255 3279
51 1580
344 4680
332 228
44 1825
440 4816
62 3788
29 40
77 316
322 703
269 2445
229 3458
52 795
324 4828
428 4535
79 111
128 4320
346 4017
320 4471
98 3847
436 1466
349 1387
78 3492
286 3971
252 3605
235 2514
50 885
130 2075
386 277
14 462
315 452
113 2386
69 2915
327 3402
222 419
378 716
419 3469
313 278
272 3048
343 1807
114 2865
306 1510
13 3163
51 2987
302 2866
97 2090
374 199
326 2760
212 2497
66 2112
7 2245
95 2685
393 4217
191 1945
435 929
377 328
217 2688
360 1280
209 4454
225 1817
190 4877
395 4608
262 1188
195 170
108 2210
283 4177
60 338
299 4364
407 1598
67 3270
381 2087
73 181
265 964
52 1328
406 2870
306 3086
233 787
431 3351
391 1493
445 4895
345 1700
263 2067
92 4844
332 3835
316 2118
213 926
328 3199
292 1807
412 581
130 4099
404 4808
440 1647
353 2506
4 1963
193 4620
194 2236
28 508
291 51
158 4167
366 2637
195 3517
398 3258
268 3270
129 4437
197 1746
253 469
439 4434
20 3678
16 1290
223 4353
312 3745
272 2915
408 4718
442 4157
295 2678
203 2646
397 1671
265 2193
57 649
271 2249
139 3919
13 3550
29 2476
363 91
366 3098
241 2268
318 4817
402 1338
223 1983
367 240
248 404
381 1820
139 3275
98 3257
22 1402
121 1014
193 1456
333 1452
197 2483
314 2491
8 1399
427 2327
40 284
174 24
155 1439
377 4427
141 3139
411 206
414 1141
402 3888
400 3995
269 4941
108 845
427 4761
56 2215
412 1998
279 1129
152 1407
236 2005
276 15
322 816
160 2531
86 1909
18 1958
112 4475
288 1844
305 1002
291 4971
85 235
434 2214
73 2042
36 4613
256 4397
253 3833
186 2908
295 672
171 4365
274 1495
245 4574
304 3161
114 2621
146 2400
290 2121
195 3763
245 1323
210 4240
415 3994
14 4731
397 3277
104 1241
445 803
23 723
98 4233
410 1910
192 2528
293 2040
231 850
347 1099
220 4728
136 4504
389 2916
276 1467
124 221
446 4204
6 1466
231 3624
348 2651
421 4722
75 768
74 982
183 4223
310 4472
426 3002
420 630
38 3870
6 1816
229 441
319 1867
113 2796
28 1459
186 4176
96 1998
262 3327
218 724
129 2068
277 3453
137 3011
106 4085
402 1056
297 2084
267 1130
299 4540
324 2315
286 1600
441 1797
100 164
127 763
426 2335
177 707
254 3151
18 2227
254 178
353 4193
152 3751
103 226
315 2511
264 4121
146 4605
132 584
323 2617
374 1682
103 3623
235 882
379 1279
133 2358
161 521
179 3215
357 3219
431 1571
444 1535
329 2307
41 4841
155 433
343 2066
194 4021
113 2346
172 2346
68 3221
89 871
90 4634
425 4686
158 551
150 4775
278 2925
44 2593
147 696
440 4216
174 2146
225 3561
58 3884
290 2156
445 693
91 1675
153 2817
20 1930
134 31
197 886
293 3288
392 1970
186 284
395 2019
425 2530
310 4292
79 4286
104 4795
140 3855
338 3734
369 234
154 4136
336 4348
209 4104
441 3984
154 968
333 2207
265 1742
272 792
366 1746
18 2344
7 1039
389 1346
130 2937
45 1371
32 4784
429 3463
123 760
197 406
123 3838
37 3805
33 1887
168 1926
264 984
164 231
66 4737
187 2682
149 2747
113 30
49 261
342 1174
172 2738
92 2304
29 3596
113 2044
321 1012
254 1359
124 1557
392 1296
408 973
277 659
207 1074
330 4304
93 2701
170 4127
47 2785
175 1254
403 1110
104 1813
199 4900
280 207
262 2837
146 4005
423 1764
261 3435
224 4173
251 3117
240 3400
37 3230
106 2094
429 1495
310 1253
358 2447
84 1724
244 4164
322 4414
293 2729
46 3439
241 3356
356 1739
391 2016
369 93
241 2444
319 972
420 1416
345 890
341 1798
218 4665
268 1260
402 359
232 2071
323 165
45 4787
426 266
224 4988
236 2122
427 2142
315 1983
196 1668
375 4413
102 4050
378 4639
448 4150
187 578
221 2431
31 2196
255 4985
245 1735
389 1887
230 1281
29 379
135 2886
125 2252
241 4490
8 4221
353 1970
170 2485
86 405
105 1053
99 3462
201 1713
350 1629
163 4386
287 3529
140 2741
163 2107
202 3030
14 953
102 4193
191 4308
89 3414
196 1839
277 4240
201 3737
7 1398
113 3966
137 4065
56 2919
315 3961
67 1695
125 499
129 2688
381 2819
198 2202
59 382
104 1366
226 1226
36 4720
28 1314
122 2931
189 424
399 1855
316 4553
31 698
448 1110
354 1517
360 2985
88 2813
28 2
235 2670
183 2541
308 2220
446 4036
381 1507
76 896
163 4578
1 3569
316 2367
295 2626
405 3203
75 3884
393 3225
442 463
132 3399
79 3458
407 2652
411 2240
24 904
448 4154
136 1890
143 3842
376 2970
116 3209
268 147
87 1057
5 3358
76 3214
443 2119
241 2179
63 4823
342 3735
417 4139
340 4727
448 1196
173 4714
340 971
409 3483
84 4546
393 2607
58 2680
343 3186
203 2934
235 4828
48 2286
446 2253
74 2629
119 2191
437 1422
221 786
316 4789
438 4594
429 4215
371 3598
44 2942
377 213
338 2507
211 3973
298 4157
204 372
391 4447
68 3033
221 4665
425 1662
137 367
245 2464
42 3383
148 4109
10 1872
223 2446
184 792
47 2207
301 4889
156 644
265 536
435 3245
410 1239
447 3312
180 4336
404 2109
358 4995
325 2867
429 1297
242 165
38 376
176 1943
303 4166
175 4788
203 101
263 2343
87 1231
33 295
364 2495
207 228
185 3150
110 1693
211 2516
134 2862
126 531
136 530
165 41
440 420
28 3642
242 1259
360 795
68 204
443 106
398 4588
178 2460
66 1772
242 3702
253 4147
55 434
429 1513
246 4726
132 1397
63 153
151 4658
4 4036
448 2275
391 3695
302 1252
384 3782
416 407
223 4745
385 446
74 490
395 4261
107 931
192 201
262 2038
401 1108
88 613
97 2919
263 1554
54 676
115 1627
321 4490
191 2835
385 4335
419 967
117 3206
414 3150
384 3894
179 437
194 452
361 534
227 1920
73 2059
285 2454
292 3597
94 2603
204 4680
226 2296
66 2353
194 2258
135 2337
254 660
325 702
48 1554
411 1541
324 565
327 3696
163 1628
429 692
423 4522
216 825
30 1915
144 3619
113 3952
30 4893
267 1717
101 3113
39 1923
200 3542
348 994
351 2219
404 1062
342 322
232 2268
105 3168
418 895
256 4115
323 1494
103 2547
266 2236
73 1997
414 4713
178 4916
114 4033
221 4938
353 2772
189 4575
320 817
202 1831
275 3936
251 112
12 1821
16 1234
268 3972
113 432
162 4397
307 2654
95 2115
203 629
248 2052
165 2369
140 4153
252 369
126 3384
72 3024
412 1907
240 3265
395 2410
28 3582
254 3000
357 3589
3 633
179 2400
361 3612
242 367
364 3897
356 336
186 1012
166 4690
425 3330
1 2618
330 4304
343 997
347 3156
276 1042
226 278
94 3234
372 1151
423 723
383 827
310 992
73 1902
118 3056
77 4698
6 3090
314 3730
298 1431
128 781
319 466
306 539
443 4504
249 3453
231 1183
185 1793
86 2397
61 2480
82 1691
219 2199
423 2857
409 1758
50 830
345 1625
148 4926
50 265
148 467
356 3591
71 1663
78 4201
185 3028
407 1841
137 3992
398 2183
193 3497
162 2239
58 899
125 134
168 1597
213 3894
165 1304
143 820
203 2098
22 324
254 845
205 110
227 2587
42 3991
93 3020
127 3926
321 828
413 4568
365 1895
330 3790
106 1911
17 2273
415 2204
185 3462
146 1156
162 1884
421 4864
40 2403
193 604
392 4970
