194 194
45 3468
57 377
40 494
96 4736
82 3773
87 4138
62 2107
37 3989
21 3603
55 218
78 3180
17 3456
51 1697
38 3679
63 3364
3 2078
10 2224
66 3013
31 1925
48 3659
36 2840
9 4560
36 2240
69 455
17 3260
62 2325
77 453
22 4876
54 4716
57 2849
51 4693
49 3154
33 4498
33 2814
7 4535
48 58
23 3791
12 3275
67 597
88 2037
59 1340
26 3034
94 2482
77 1946
1 3765
96 952
18 1818
80 3165
17 4259
84 1138
54 4001
33 74
88 4990
7 3566
78 513
86 2752
39 3665
32 3244
91 1744
3 43
43 3527
60 827
67 4978
4 3164
16 582
9 740
58 1481
93 1177
89 853
78 47
65 1257
78 4585
9 1045
85 1548
69 2004
14 1302
87 2420
85 3662
10 1970
62 3257
85 2741
48 3248
25 4856
50 2694
95 2411
55 3929
12 2504
21 1733
22 2849
79 1425
8 4376
72 1509
55 3766
54 4210
24 4822
52 1884
68 692
19 3672
62 3166
74 583
77 374
78 1170
76 4132
2 3432
17 3840
11 1266
54 3179
62 4933
64 134
60 2981
18 1640
85 3638
89 3996
84 4863
79 4264
81 198
75 3779
6 2361
66 3117
34 4177
5 3903
37 4323
17 4749
17 3381
24 4863
19 2216
53 2014
65 2681
49 1083
43 4386
13 2980
71 2238
20 687
37 2635
82 3191
66 2811
53 4720
7 3675
50 3764
49 3401
79 771
10 2095
7 1612
12 985
96 139
45 2181
76 3883
46 862
75 4213
85 415
84 2107
80 4489
68 3321
58 1147
3 3973
11 4769
63 3494
29 3485
57 1260
53 87
54 998
41 4328
24 3184
30 172
57 2594
7 1362
28 2929
61 2048
65 1215
74 620
27 2643
77 2059
95 2487
83 730
63 2630
70 1923
89 3872
76 2491
45 973
55 3273
71 3800
25 3410
47 2908
86 2209
26 845
48 3120
11 3525
74 1518
7 3608
43 3449
58 3852
14 2418
15 4813
81 1801
