666 666
100 4340
255 3843
151 44
144 3331
88 3522
231 3952
252 4134
275 4796
100 3547
13 4189
132 2647
34 77
122 3756
1 4313
217 1659
13 1929
257 3994
260 2983
162 438
209 1537
178 12
257 3075
158 1730
15 2978
1 809
186 2429
15 3357
164 175
293 2388
167 3414
257 4938
286 3026
152 3163
147 4626
248 4473
9 1984
121 3596
293 61
223 3311
58 1847
309 3060
139 4453
226 536
289 2390
309 123
133 4991
321 650
13 4085
288 2071
110 906
310 3756
245 2874
229 2924
83 3240
54 2081
84 1639
297 4045
243 2850
86 4847
94 4271
187 1531
178 3693
154 1946
324 1929
128 3661
210 762
210 2509
30 497
323 2020
183 4177
286 274
294 2830
219 3708
123 3517
213 2463
162 2446
288 2274
253 1009
164 2101
309 1302
88 4247
225 2975
190 4685
149 3900
243 4677
44 4982
115 3653
294 403
326 4643
13 3351
187 3011
37 1796
60 2349
221 3163
118 1824
21 1332
199 1976
38 4576
122 3593
186 497
298 4525
27 2835
76 1366
43 4600
30 4387
13 1554
324 2521
184 1525
4 2361
153 111
100 474
150 4574
250 2718
226 3816
89 220
260 1807
201 3529
183 3684
100 1642
79 2350
160 1476
71 1212
172 1153
291 3064
261 1272
58 1860
14 2373
178 1588
22 2186
237 1834
210 3360
91 2691
211 275
94 1259
186 2064
259 4712
123 2197
50 866
158 3189
199 1524
40 1437
154 4276
118 112
62 2079
220 3152
236 4241
158 4225
52 4556
209 175
302 743
154 1135
215 357
161 3076
21 939
50 164
321 1924
170 879
192 1881
227 3091
38 931
180 4351
263 88
210 701
305 2206
277 4366
313 2834
140 2658
168 3394
102 2864
298 1878
329 1096
241 3999
49 394
55 4615
220 901
324 3617
251 4929
170 305
131 1031
49 2644
204 2082
145 2158
156 3827
158 2271
257 2710
160 686
257 3525
92 2147
149 4860
171 2607
127 4674
52 2356
228 3075
259 144
105 3102
77 604
268 2261
209 564
214 3087
318 3706
2 1329
313 4136
210 320
130 2135
41 50
26 2622
35 1280
42 1496
63 955
49 822
226 1138
71 3499
106 1725
252 4415
329 1493
137 1790
156 229
97 3582
243 1745
134 2913
91 882
235 4482
8 4090
110 1036
29 3507
28 4554
298 1723
295 4419
301 4727
226 1027
243 2316
309 101
181 628
273 3398
180 3887
176 2695
10 1861
234 1773
36 183
258 1159
220 4729
272 398
123 2289
290 3618
303 4609
53 753
157 4892
139 3115
202 4447
50 3472
81 1005
4 4147
33 297
223 4363
75 1906
196 1718
233 81
249 1517
259 1600
212 404
126 600
230 2092
286 4526
108 281
125 2376
87 1605
29 327
234 1441
130 4061
252 3134
48 537
24 4166
17 34
235 1056
245 424
173 3981
118 3729
80 2233
6 4329
280 1535
242 4635
191 2512
270 4639
126 1999
251 2120
213 285
143 2707
161 2712
172 1509
281 3817
283 1471
37 4815
51 3802
279 1592
243 4050
288 4031
280 4612
256 37
149 3196
130 307
124 317
182 1052
248 1468
34 1275
317 4875
250 3457
75 1891
141 4375
8 4513
10 17
63 1398
41 3831
192 4572
235 4684
270 3296
171 3791
258 2796
222 2375
55 1382
172 2680
138 731
236 2552
109 3081
248 431
5 3468
172 2606
184 1712
100 2325
94 394
109 1615
216 183
315 2293
168 2215
172 4768
40 1267
134 1495
187 3898
225 1793
320 2022
20 2005
251 1787
136 696
324 2753
74 4683
277 2815
216 3676
207 524
11 1165
162 4345
165 1462
56 4416
201 4528
10 1601
132 2773
242 4693
102 4677
33 158
189 2500
183 2336
118 3344
227 4168
190 3781
223 2347
255 3854
251 3524
191 657
30 1178
72 3415
148 3012
183 3132
125 2106
310 3138
14 2819
135 2742
259 1234
164 628
141 675
220 4316
37 562
76 2434
129 2897
150 2988
128 4284
62 3290
45 4176
270 812
303 4546
147 4745
200 3928
132 4089
70 1342
230 4404
128 4319
178 2156
262 1427
156 2517
256 2039
261 1090
81 4391
243 4595
66 2017
279 1822
287 538
286 4843
257 2501
58 4298
311 1508
193 3231
133 4543
265 573
89 1765
32 4641
45 2289
313 3569
310 96
279 4481
126 3132
43 1866
38 1404
266 2589
209 4312
186 2418
58 3123
55 3280
305 3974
287 4703
326 4132
264 915
45 2148
132 3365
201 1576
200 2675
317 1297
7 3306
252 399
6 2188
296 4103
71 27
306 2282
108 510
137 512
304 497
110 215
193 1585
285 1382
132 1601
124 821
269 1113
80 3263
285 3383
301 1529
55 3759
147 3092
281 1370
288 4386
273 4297
317 383
133 4537
310 1471
98 3000
138 181
124 2183
227 151
36 3064
328 4628
291 4726
219 3903
231 1250
28 809
178 2371
161 1962
110 2645
88 597
150 4905
299 3738
232 1763
164 1965
187 3400
56 954
189 1986
127 367
138 213
268 1278
76 3740
200 797
157 301
179 3143
226 4793
284 3033
248 2573
119 247
49 4290
236 3535
136 4191
6 3889
56 3775
88 2112
192 1224
28 2962
39 2049
162 1127
26 1761
327 1940
227 3242
249 343
158 3292
109 2946
252 3232
85 1818
189 1610
85 2958
245 3124
100 2521
283 3439
160 1632
280 3715
14 2668
203 3637
286 585
144 624
326 367
231 1739
56 3200
258 1074
300 1541
251 954
274 2592
104 3943
266 269
192 2574
115 3764
164 340
15 1740
298 2868
156 1114
141 910
321 2707
19 2855
83 3856
90 3167
265 3714
44 2868
141 1907
25 4036
92 1783
1 3648
266 2949
226 901
260 337
154 1513
112 3798
295 441
220 3633
149 4564
305 3217
236 849
111 853
178 449
15 22
255 3489
195 3534
325 3764
278 3209
246 558
250 4209
61 3473
115 2465
266 670
330 4016
55 1022
58 128
232 501
2 1834
91 200
7 4807
189 4621
172 582
52 1354
259 728
316 1131
177 2454
136 1437
28 3409
68 280
220 3803
212 1394
19 2539
139 1542
14 3689
128 750
311 3915
171 1702
272 4984
167 634
179 2009
23 251
233 1166
128 1385
102 4031
233 3472
76 2360
61 2011
307 1815
35 307
72 2369
321 52
329 105
38 4284
165 240
189 3483
88 1931
200 2570
156 4356
292 2046
80 1810
292 3207
264 1417
7 1661
12 1046
113 949
171 4193
283 2009
213 487
286 4113
215 3177
230 4780
257 4400
2 1961
321 1626
91 4921
90 2348
208 2355
226 3004
92 4144
108 125
211 4180
97 1519
16 2382
320 591
45 4707
210 1101
65 4068
73 2292
244 2926
331 605
142 3151
89 3140
218 4559
111 479
31 2126
281 4045
128 4553
196 4263
293 904
209 928
20 3390
33 3969
70 346
331 2483
23 2439
208 968
171 2944
75 2794
39 99
181 2446
246 1080
