853 853
41 708
86 4328
370 3583
61 1925
176 1891
28 1711
90 1413
398 558
37 2879
291 695
198 3122
45 4481
25 2074
303 1135
299 38
132 1331
264 2885
198 524
182 1354
257 4818
205 2074
72 214
15 3474
386 1615
116 1118
409 4916
424 1491
106 112
88 2550
50 4202
392 1004
172 2354
3 4402
339 3525
254 2540
235 1388
201 773
313 1267
189 2813
243 2272
61 1518
287 3888
353 4329
128 428
286 3369
57 944
359 4483
265 3352
19 2800
319 1916
423 1862
356 341
5 1240
97 4254
297 1178
401 4573
4 4229
165 3493
77 2028
108 1163
53 4948
157 1226
107 2950
76 2124
41 1599
350 673
38 867
39 3126
45 1564
101 889
48 4798
63 1743
176 113
281 1802
57 1333
389 144
101 1189
379 4238
263 3816
293 192
161 2645
85 2359
298 3554
154 4490
423 1161
354 869
278 2075
123 1334
322 1537
316 3225
80 2107
1 1129
21 1107
404 215
217 274
184 1105
359 2048
355 1199
371 3165
198 3878
179 1661
370 3288
364 2552
30 1764
364 2661
146 3840
270 4572
294 2733
145 1382
194 2654
363 722
41 3793
368 2110
120 3169
361 4021
253 3859
143 124
187 3972
196 4038
206 1904
193 2646
55 2942
45 2965
340 835
18 1758
36 4976
177 567
349 3444
126 3269
60 4322
150 4233
400 2069
262 2318
61 1442
284 2745
277 1005
148 1395
414 2688
248 4054
181 4406
290 1305
26 2218
204 398
332 2456
43 4200
294 4078
412 3523
305 169
204 2870
378 1390
134 2035
378 322
313 2758
200 4263
127 2640
269 3554
414 3517
161 2375
194 2584
9 1468
319 4359
18 1253
354 848
49 94
257 2129
75 3216
36 1530
57 4574
86 3284
367 730
119 2693
254 3069
261 3630
188 505
57 146
121 859
356 1712
116 431
129 2137
105 4940
187 1547
204 3003
396 3710
150 4900
313 3627
89 2781
58 722
160 2350
301 3535
249 4144
326 1140
177 3500
354 111
390 3711
372 4606
47 2488
203 1291
20 1687
16 1929
66 650
414 589
164 1992
201 3815
323 450
382 259
280 3022
149 1694
382 3743
99 1920
83 1948
335 570
355 4142
187 3630
233 4389
55 4057
109 429
241 835
360 1056
35 1889
402 3862
252 3217
351 3358
243 912
403 3142
136 4429
287 2141
1 2929
248 1688
318 1030
421 78
347 4780
151 4743
259 2722
316 964
407 2430
157 3494
212 417
400 2918
128 1712
211 624
13 602
263 4583
264 1685
33 3513
151 328
19 1455
252 1285
244 3392
16 2529
256 143
187 3482
390 3157
209 948
253 3267
49 3804
372 4450
150 940
279 1533
121 1211
202 2922
19 3342
404 1288
221 684
257 644
203 3805
189 1875
374 4602
231 1853
395 1475
349 2904
141 1521
392 4556
406 2963
94 3002
222 867
57 2927
331 4001
180 926
40 1240
377 740
34 580
373 1297
335 562
78 2434
225 4553
358 2463
221 3048
169 4755
404 4200
258 1874
263 1377
55 2856
49 1328
133 2849
419 1243
318 1078
122 3538
337 372
367 4201
96 4188
137 2147
144 3695
101 3070
48 1740
133 701
123 2232
213 4027
117 3460
319 694
188 1992
86 455
65 863
238 2728
45 4921
384 2754
217 661
144 4862
129 3238
419 3135
319 4554
55 1071
143 729
27 723
151 3772
226 2581
50 2877
261 4264
303 1085
198 1425
305 2612
281 565
207 3483
351 2443
65 2018
251 4482
393 344
166 4310
197 326
426 2663
361 1311
174 2082
233 1736
7 1235
42 4028
125 3536
251 4067
89 2970
257 1151
284 671
123 1827
229 2887
287 2914
285 2413
169 2119
180 4311
348 2631
283 4270
19 469
121 4359
269 1968
381 3012
17 4203
217 1880
160 4599
360 4559
265 4192
257 782
237 640
98 2290
380 4956
56 2113
402 1708
197 4645
153 112
47 4189
335 705
266 1625
361 3998
358 3002
134 268
147 3691
398 472
89 790
184 272
190 968
46 2720
206 3159
191 3836
145 2504
381 1942
418 4363
177 3568
200 3986
269 3937
366 631
416 4408
390 250
415 4575
82 2908
191 193
133 2002
424 2830
147 1071
198 3360
329 1863
248 2836
318 2067
215 756
28 974
319 1909
252 530
213 1859
405 3555
111 3662
83 1263
195 2236
194 3864
114 1209
93 1871
178 385
91 2597
223 4435
325 3146
386 4299
108 1778
19 175
20 3585
41 4770
388 3783
222 3093
175 3908
222 1068
372 4349
407 3726
254 3670
405 3280
331 4468
205 844
256 3876
130 3624
330 2710
41 1270
342 1180
308 1933
139 2390
295 2253
180 4944
421 3623
300 10
309 4846
273 3660
351 3987
141 3895
44 1228
237 3215
331 3423
399 2947
93 2364
120 278
409 1419
109 1412
53 2462
140 1943
153 3335
286 4791
67 1642
312 2407
57 2154
66 548
114 1756
304 4995
205 791
198 1362
119 1336
262 3733
262 303
409 3229
107 2018
33 4552
98 2894
216 2693
292 4678
129 3259
239 3178
319 3209
204 3106
343 2647
408 3315
266 3790
99 1927
81 2896
424 1960
104 915
345 3303
385 3568
319 4047
135 3923
124 3208
401 1650
419 4173
227 2138
318 2689
162 3302
142 3407
159 4938
424 4238
164 149
350 1657
313 4769
38 1304
335 2308
353 4927
401 3606
70 1919
83 2297
193 4858
309 468
425 1159
327 2514
46 4663
351 3872
84 4996
299 3736
124 3820
282 3915
90 3244
374 2292
103 284
285 3607
105 2320
174 2300
254 2215
63 3832
11 3864
344 3640
108 4047
124 828
363 4081
319 831
389 13
223 352
38 2716
139 2055
34 1285
25 2652
332 3881
271 3574
357 2621
103 1780
269 4543
304 4717
379 416
282 3815
166 2250
178 4057
154 1950
71 4707
97 4479
224 3645
74 3563
415 586
118 2304
366 1009
154 4597
240 1317
101 3709
374 1771
233 2730
242 2151
5 2933
164 74
181 694
422 1285
199 3727
36 2543
20 4499
196 3539
230 3083
210 4773
138 1982
352 4059
190 2572
156 637
85 4249
140 3789
20 498
179 1132
77 3726
243 2475
11 3349
350 2072
49 2689
73 431
344 4513
362 3132
312 2158
97 2221
71 3751
368 509
281 3519
421 3381
191 1539
315 2943
208 702
43 4033
406 1596
192 3141
229 286
133 4739
147 4485
327 2888
184 4797
48 2148
128 1476
200 4397
156 943
287 3754
299 4628
337 382
242 3795
381 3325
236 1022
292 951
245 3223
255 2379
104 1302
64 532
74 2265
252 193
389 1520
411 3616
284 2348
383 1946
296 639
260 2077
358 1659
113 2229
334 1543
60 4439
135 962
117 3789
399 3900
245 4474
109 4918
161 1232
242 4955
217 4867
38 4927
324 4853
191 3374
185 4554
398 2257
337 362
209 3244
340 4114
350 2376
71 4026
35 1919
99 3649
367 3813
209 4075
297 2476
5 91
218 2575
186 4169
291 1189
63 1196
392 2598
148 2432
379 1520
48 2993
313 1736
12 3920
260 4022
7 2339
237 3487
222 3366
416 297
237 2987
152 4260
202 1514
192 79
86 927
169 2759
306 3075
136 4453
289 3153
282 4060
41 1831
191 790
312 4195
214 1674
228 4792
216 2177
374 4467
323 3641
87 1867
206 2025
21 735
397 620
259 595
410 3592
69 2849
88 2523
182 4862
117 3405
423 2182
26 4917
244 1735
129 4112
373 2628
360 3567
379 4575
35 4129
289 4254
353 1973
50 37
11 2929
40 3065
178 3421
42 2874
296 2439
228 2675
157 2370
178 1327
235 1903
208 4831
37 2006
238 3500
299 847
336 4704
382 3712
144 3271
190 471
176 1366
220 2993
125 247
349 3513
350 2457
313 4412
171 248
57 2371
11 4911
86 4747
289 2491
409 2797
150 3147
166 1831
388 3406
320 4623
102 3777
303 3550
321 4187
171 4544
338 4669
324 4613
345 4579
120 197
414 4203
80 3818
225 241
215 794
301 4815
121 1364
309 3045
289 1658
415 449
107 1568
105 2638
22 366
355 4261
69 3601
193 921
62 354
181 1806
25 2657
36 257
343 1426
267 2081
220 2758
168 2973
353 1812
153 814
132 3028
244 2233
246 3587
263 2446
416 2694
247 4233
203 2916
179 3631
51 2708
75 619
34 1411
292 3214
360 4431
116 4411
424 4961
177 1810
124 4739
358 4511
181 2696
182 1017
95 3014
103 4303
168 1465
319 144
384 2920
179 2048
384 2995
140 2110
161 1428
330 476
224 2898
75 4240
375 2409
275 2419
304 4663
304 4275
240 2716
240 167
183 314
47 3983
206 3123
140 2372
153 3716
181 2897
4 4489
148 2939
314 3118
173 3976
193 636
127 2306
39 717
413 3174
341 2845
398 2861
23 437
296 2748
360 431
336 1495
197 536
225 4035
410 4706
178 4547
49 1763
214 3173
56 4685
285 915
80 1423
416 1264
158 4517
196 4107
