843 843
161 3909
277 4573
75 85
359 492
17 3264
151 4953
225 3368
403 1523
19 4283
360 1859
309 2337
296 694
234 4444
236 40
379 1666
256 2477
297 741
310 3777
139 1098
104 201
387 1879
325 4021
332 4143
232 2881
265 4209
253 304
409 2130
71 1568
324 3727
58 1432
183 4896
286 3448
217 3535
84 2392
347 3234
4 1301
76 4102
292 3808
377 381
342 2884
158 649
114 3826
386 3666
152 3663
411 1952
218 4812
354 4814
206 1386
388 1565
283 4617
260 1763
123 1052
53 1948
221 3488
109 2668
280 1246
343 2316
74 2923
376 876
306 3528
68 4417
181 1700
108 2884
220 2533
124 895
6 1850
310 4411
21 1328
4 666
165 3055
27 2570
50 146
397 4003
368 495
367 3919
138 3349
353 501
314 1878
72 4953
238 2617
253 3830
144 1025
217 4412
217 2807
97 3356
396 3751
332 2074
305 2611
419 2472
277 3895
253 321
324 311
95 813
61 1302
202 2278
134 2193
43 1132
418 3096
11 2521
93 539
376 918
273 4527
101 3587
228 4694
382 4350
226 1247
172 1197
418 144
45 3927
124 4233
106 167
364 1567
328 1519
205 241
401 3426
164 2950
393 2340
182 2198
43 3919
97 3914
147 2804
136 152
49 3738
337 4397
346 2427
163 4185
275 2360
178 3096
94 4251
232 1954
370 1367
35 2473
348 2838
378 3622
146 2670
7 3115
120 1906
162 1830
298 1436
122 2120
377 1599
238 3264
172 3794
147 715
327 1395
132 4441
121 2480
412 261
31 740
144 132
225 2590
108 3092
252 2678
59 2060
100 2398
334 4713
349 3279
280 318
155 1708
326 4524
145 3585
190 1714
234 2717
64 2343
73 2257
118 1795
419 2176
351 443
174 403
392 4429
391 3601
247 2876
283 924
317 2588
298 1209
70 3968
115 2698
42 722
166 627
338 663
27 1773
341 647
79 3152
103 1755
34 4274
418 528
121 1278
2 2404
188 4484
117 4118
369 1345
155 1820
318 1751
269 852
402 204
13 1473
203 996
99 731
286 1546
237 1085
56 1012
129 708
272 285
195 4569
125 3662
117 4028
168 2616
269 2493
208 3358
212 2982
97 4969
275 4651
89 2408
158 1363
10 2181
376 3418
173 1963
355 3821
38 4502
139 4721
227 786
123 2319
347 2324
179 1788
415 4125
408 3907
305 2347
393 2184
320 3839
263 439
277 2293
145 2274
161 4228
332 203
199 3465
130 314
151 4065
266 2097
297 3448
139 3260
204 2716
144 2289
303 1017
23 729
190 355
194 4564
119 1134
67 3703
57 1381
171 2178
94 1045
262 3160
111 4154
376 3578
235 2163
359 3239
355 621
304 1602
20 2312
188 3122
214 838
95 4362
274 1257
268 589
196 2985
131 300
368 2709
146 2364
223 2582
388 2457
348 2646
79 468
256 4394
401 3599
253 4811
415 2248
300 3364
94 3949
134 3210
417 315
75 1435
258 1855
219 4733
218 1303
229 3040
46 2112
323 555
252 4301
403 3766
304 3355
41 2492
176 4776
305 1663
126 1784
265 1323
406 3941
397 2979
235 4732
105 3093
232 3610
276 1063
195 2051
274 2593
85 3383
87 3419
135 348
317 4649
407 338
156 1785
58 3861
238 2240
408 4075
65 1975
286 2785
307 2121
418 3498
264 2034
361 1424
179 2857
96 1401
37 326
30 4017
187 2153
73 2941
331 2051
119 144
304 1594
214 1979
360 2889
276 635
338 467
136 2790
78 2891
183 38
288 4588
58 3732
380 2152
418 1418
198 2335
329 696
96 943
135 4241
82 1949
228 3507
105 2696
322 2706
205 2191
367 2857
209 1380
305 2498
107 958
188 4247
58 4848
354 4881
50 1862
329 3683
303 591
380 4740
5 1556
313 93
419 713
70 3430
299 1913
284 2769
282 438
349 4199
113 4680
40 1725
249 4917
366 2888
105 3453
114 4168
257 3210
156 1618
280 537
307 3069
278 4359
398 2119
199 395
298 4304
350 4562
123 4632
71 155
43 4982
134 818
420 169
174 4135
330 2235
14 602
302 3979
263 4193
356 2848
66 2097
415 4289
198 3558
45 2331
193 4176
341 941
338 1486
3 1460
151 4999
351 940
307 3274
103 3768
200 210
48 4588
91 3086
167 1164
377 4353
418 3351
89 4011
39 1482
40 3626
156 2700
398 4513
337 213
121 4898
104 3096
239 2412
184 1581
252 2029
127 1739
34 3739
313 2617
347 684
274 538
328 2221
380 3309
158 1343
411 4229
414 4225
265 2909
165 1091
350 3102
100 3835
311 1266
9 2045
192 4375
172 3699
122 2985
30 596
137 455
219 4062
406 1936
41 2107
320 2851
79 2118
249 4696
212 1797
328 2986
167 577
366 4195
410 1613
194 2930
13 2375
196 529
363 3343
189 1009
99 2330
172 121
296 4769
108 2879
34 1431
279 3484
220 2433
47 4632
30 3308
92 3031
23 3791
277 3432
12 200
318 1148
247 3124
105 1265
103 2722
165 1631
229 1985
381 4674
136 3883
403 3288
367 1769
94 4054
46 4897
159 390
73 25
307 4560
350 1158
112 2534
365 843
63 586
190 1515
222 3097
43 4566
55 3228
224 4691
376 4632
28 1349
147 3989
35 1978
379 3413
118 4193
164 638
97 56
273 2570
364 4920
196 1381
125 1488
394 2939
6 753
150 1671
186 2129
320 2238
155 1886
377 251
400 466
141 3252
251 3509
27 1738
175 673
312 2332
340 1272
408 4202
38 3106
390 428
182 4554
220 2481
207 1489
283 3882
321 2013
341 1752
413 257
418 2522
170 3462
20 1365
279 3343
8 628
319 2796
272 1656
211 3423
288 4645
408 4903
337 4509
161 4925
288 4379
183 889
387 1948
91 3666
113 2986
397 3830
52 2205
193 1834
173 3463
416 2792
114 4578
267 935
272 3088
408 181
36 2245
281 2555
208 2521
117 4739
303 3625
97 2765
99 2510
341 2117
127 3579
103 388
58 4063
369 3267
182 3256
114 2938
119 3290
281 3736
190 3149
260 2192
409 1203
210 4190
273 2714
392 2935
256 4761
223 2809
66 4267
335 4551
414 4910
347 4745
93 1385
360 1679
59 2123
213 2490
38 3949
115 4468
375 1359
96 1715
314 3292
233 71
407 1626
362 334
418 1743
127 2393
201 3242
278 1674
37 1045
412 1687
185 958
93 4425
318 718
36 808
353 582
32 3337
146 2274
369 2544
134 189
226 4140
410 2307
283 2800
389 3324
252 3029
297 2747
159 1008
101 352
173 1998
154 1968
319 4138
43 2426
259 2548
72 4736
307 2421
416 3840
36 1769
161 1869
334 4640
129 4374
287 789
4 3379
317 1046
116 1078
406 3928
418 1536
317 3518
297 760
166 3278
334 76
330 2859
393 655
206 595
180 4494
394 301
182 4510
24 2968
258 430
188 4396
75 1359
334 740
283 323
169 2602
414 1404
234 3523
166 4878
139 1134
62 1750
25 1481
226 64
259 357
88 3435
294 130
275 1871
58 4122
198 2625
5 4255
172 3075
207 41
370 223
121 2458
327 2575
8 773
384 1495
149 3057
375 284
310 868
286 2363
24 831
367 216
360 455
370 1993
214 4266
354 3386
56 3691
242 1562
287 2187
119 2055
262 4311
210 1406
54 2199
213 2656
67 4847
26 3830
330 2089
416 1938
368 1100
154 4184
226 4720
12 3327
409 4569
119 341
186 2594
30 2672
100 3840
204 3901
399 3703
112 617
383 4304
118 3332
180 2753
60 2864
187 1369
191 2464
276 2142
272 3409
342 1407
43 853
319 3660
366 1436
163 3760
62 4474
412 1767
68 2390
18 3372
89 779
302 4238
382 3393
260 3268
88 2126
263 2491
346 2910
41 476
395 3579
145 651
139 4426
156 1343
389 376
222 1242
86 354
347 3833
360 3325
377 3276
26 2997
182 4792
145 1593
61 3143
267 2750
191 1568
110 544
14 3963
408 1479
117 3309
137 4751
35 1784
260 4257
271 2315
325 2549
53 2679
314 514
161 2647
176 3446
32 2333
390 45
216 692
351 1196
53 2519
12 1869
372 4114
372 4012
69 2443
152 4182
314 4790
229 13
1 1580
44 3876
284 83
273 491
74 2673
118 1120
9 3362
271 3126
361 3912
300 3867
22 4250
154 2695
78 1849
142 4426
27 3566
200 2062
353 1665
190 1108
244 3503
307 3859
117 1066
340 226
324 1395
200 1351
79 4183
200 4398
383 4761
226 4229
80 971
196 2847
238 1629
248 586
178 2629
39 1275
365 4477
274 4463
122 1607
347 4853
351 4499
5 1590
330 1478
313 2818
371 2113
22 3628
378 4333
285 1164
345 738
367 4444
384 2751
244 2680
163 3195
403 2890
332 693
191 4456
115 80
162 3862
188 804
399 4345
330 2163
5 4097
334 512
374 4541
65 4879
220 3711
409 4133
72 4780
68 1773
