497 497
20 2885
135 955
7 1990
173 2679
106 238
164 2634
228 4847
130 2934
166 1537
247 4716
51 4138
139 2734
118 4804
47 1265
146 798
68 4929
165 1632
107 3555
97 847
9 3789
173 4801
117 1152
105 1513
132 4098
7 2162
57 4857
74 2283
224 454
79 2108
240 3730
85 3137
125 1889
107 1478
66 905
196 1253
38 4487
59 3636
44 4007
205 4086
234 287
155 3113
150 4382
96 3729
204 102
125 3347
237 2699
75 1220
228 182
231 4894
148 3278
50 3746
11 3354
99 2425
35 2514
154 1965
106 3901
161 2304
219 4974
214 2461
48 4198
192 3181
16 4426
203 1996
195 32
236 2028
227 3746
145 666
208 1550
43 425
1 96
163 2239
32 4590
124 2312
39 1103
82 2378
230 54
202 86
77 3715
45 1259
189 2823
190 3126
188 355
223 1464
134 4317
227 4977
118 1523
155 4079
167 1659
185 801
210 494
231 2134
183 1418
62 2845
223 3697
39 4385
97 3769
140 3743
114 1262
210 3003
167 2359
174 4182
169 1664
39 1371
63 1450
166 3119
192 4908
171 260
149 393
79 1162
207 416
224 4864
242 2345
77 1468
100 2327
73 1958
196 1019
121 2231
112 2318
205 470
56 3034
183 4383
228 766
158 2432
138 3299
116 2392
4 2058
205 273
101 112
221 1321
89 2341
73 2715
37 3782
228 275
61 361
110 2874
246 94
134 4154
27 679
91 869
1 3938
118 45
215 3112
129 4361
101 4177
195 748
155 467
104 2815
86 453
136 368
54 2495
34 2732
111 1304
145 2388
129 4194
29 2015
120 4291
131 1147
140 912
179 2253
119 4045
171 526
117 4432
82 3442
247 4047
179 1304
193 489
182 1703
138 4142
227 4013
132 4429
80 1406
232 3594
167 3172
90 1978
27 4479
244 4749
179 83
230 1097
132 283
14 2141
172 2939
245 457
136 4564
66 4381
82 2315
219 893
103 538
152 860
210 690
189 464
202 527
105 4272
236 1696
160 3065
226 4945
165 925
198 4681
221 656
118 2784
70 2862
156 3758
38 1932
3 2134
195 4015
244 4793
49 1899
61 1224
46 1035
224 667
109 4329
83 4460
15 4617
17 1980
160 148
4 4392
125 3743
244 584
184 1882
29 199
227 3816
6 1246
35 2888
38 4505
237 71
176 609
201 2588
106 5000
151 4725
217 1067
61 1776
99 1376
50 1283
51 3359
186 656
132 2212
203 695
143 4458
173 1895
46 2221
25 3437
6 1689
178 2301
216 212
125 878
87 2254
121 3013
113 2149
87 3778
137 4184
172 3804
115 933
161 158
145 1463
59 218
237 3268
240 4830
154 4641
80 4068
95 3010
231 3450
204 2792
68 2533
211 3006
182 4147
223 2857
41 2844
193 1015
234 3872
140 559
68 125
141 4968
211 2642
70 1785
63 3644
46 3034
31 1509
33 2836
96 1795
63 1151
64 3396
166 3932
36 1420
221 1718
151 2959
104 4184
223 4358
183 631
78 3752
15 2031
189 2358
228 4979
63 4944
231 3192
14 1755
44 2351
50 2545
17 304
233 4034
238 1155
19 1446
149 4730
28 3707
139 3356
217 3282
13 4692
179 2153
110 3399
156 2883
41 924
112 1315
11 866
114 4021
177 1289
140 769
35 68
203 2293
162 2177
84 2110
131 607
23 2449
212 2878
121 1745
215 3913
59 3692
170 3039
197 2592
9 945
193 291
11 1838
217 2650
245 4769
113 4790
144 2003
58 307
128 3583
247 2583
103 1054
158 71
96 4950
129 4267
134 2019
119 4141
123 2082
236 2958
168 3088
192 4377
141 679
22 3910
229 884
128 589
41 2810
104 1663
124 4563
155 3130
215 1876
23 3244
57 1820
190 4265
113 1673
72 544
227 4129
3 261
210 72
29 2122
212 4271
87 83
145 2441
95 4471
20 1582
199 2221
75 1947
44 2457
153 2542
212 3020
116 959
90 3621
160 3499
208 158
140 1853
31 2227
203 1648
123 3069
222 4639
134 3551
175 4064
237 4062
220 3336
42 3066
36 4311
156 3934
200 1882
199 3340
15 1879
79 4966
129 1105
162 2933
31 3670
19 464
158 3583
79 3722
25 2249
109 2859
130 4095
176 747
190 4400
188 1168
95 2752
186 860
114 4250
206 820
74 1762
78 5000
87 3292
87 4076
209 678
211 1615
154 3573
69 3769
135 1888
216 4922
158 1821
172 2743
118 4031
83 3611
58 1149
56 3684
122 2146
169 3229
124 976
228 368
84 4064
124 4596
86 4855
217 4027
67 3745
33 3277
234 472
114 2105
30 3805
25 4369
52 855
235 1162
131 2963
9 1641
243 2959
203 2514
197 3101
52 240
33 1677
143 2434
169 2291
1 2258
127 1340
230 933
217 561
116 4070
83 2875
126 3077
207 4744
19 3927
181 2748
201 2076
24 4307
80 1909
67 2766
6 1050
92 1489
228 3504
184 4719
45 4049
158 1919
88 942
22 715
91 4112
216 2598
113 2822
221 2085
203 2255
90 3838
143 3744
5 2248
99 1451
41 1314
7 1287
207 1082
241 805
18 2348
232 1128
149 244
67 3334
229 184
154 4786
115 2455
4 1024
212 4175
10 67
134 980
