199 199
85 4609
61 4375
29 2824
39 3016
21 4189
10 1677
99 3629
36 3767
53 3445
29 2957
19 1870
75 751
17 358
65 2688
45 2326
67 1423
36 3620
48 3211
93 838
83 839
45 4280
67 4271
47 4354
20 567
53 1429
21 3542
93 1695
3 4226
72 4038
97 3820
18 2401
12 2773
50 3515
46 2469
73 2020
59 3215
11 365
75 2730
23 4947
25 657
60 3051
89 4359
38 2760
95 4737
92 4876
19 3812
24 3062
31 3003
56 2580
26 1144
70 4425
82 644
28 4339
11 1384
12 904
3 43
16 4486
93 892
39 2124
88 4470
68 469
41 186
62 2362
1 3867
10 3963
50 2839
83 2106
38 1773
17 4514
27 92
51 699
74 970
22 4498
90 3726
12 4344
1 3164
95 1347
64 2083
36 730
54 3591
87 1841
12 1744
4 2547
46 1555
64 3063
70 1767
45 4054
79 2253
96 1809
31 614
95 527
61 3264
90 2665
57 3172
96 1193
24 2813
47 317
88 1809
21 1459
5 4343
85 2271
7 2759
82 1737
28 546
4 1332
90 2533
95 4328
11 4189
62 67
97 2476
57 579
49 2822
26 1190
39 469
91 4181
91 2700
97 3552
16 3307
89 4075
43 2503
18 348
70 24
5 3764
77 687
35 41
29 427
88 1253
89 275
23 4238
86 1704
20 1710
11 4216
26 1437
66 1097
9 2994
56 4899
19 4557
15 823
51 2364
69 29
70 3051
93 2854
22 3575
59 4817
75 333
64 1364
87 1596
76 1577
3 4898
22 1501
77 3576
66 972
12 3913
54 4200
93 3223
30 1149
19 1019
15 2352
64 591
39 4963
13 4353
19 2364
65 3801
74 3506
86 2471
98 1671
10 792
60 1456
72 2021
48 2709
49 952
18 190
89 4112
41 4057
83 4863
5 4488
44 862
81 3011
2 1309
26 610
3 3265
63 1554
70 3577
52 4557
83 1199
49 3956
77 1895
37 4161
41 1237
71 4319
37 3458
41 4949
2 1713
24 3191
55 4419
81 4702
34 1469
28 4321
43 422
