478 478
27 2818
19 4226
214 1906
176 742
166 2978
24 139
47 436
146 2485
110 2689
228 4073
107 3160
214 966
95 2455
233 1245
180 285
21 764
22 2133
123 587
40 3579
49 2185
59 1120
204 2895
90 3901
208 2343
42 2929
70 3587
97 1497
133 4431
175 1715
20 1541
43 4110
143 437
190 133
76 4048
102 3053
137 589
157 387
37 1623
54 1386
165 528
99 3435
201 1203
102 923
147 344
223 1797
143 4807
144 3824
50 528
82 1703
102 2560
58 4497
79 1368
164 3214
64 1458
66 2323
186 4346
131 4087
162 1719
139 3112
211 3172
144 615
74 1432
114 15
206 2308
2 3416
31 2119
216 1978
112 3926
34 302
110 1188
10 1927
78 1779
165 2041
71 1049
138 3258
143 4289
38 4744
139 2243
201 885
151 3358
186 2002
67 1794
224 2871
194 3064
237 3707
63 1088
235 2005
225 4380
174 4493
143 4329
120 2885
67 4792
226 2778
185 3547
146 395
90 2392
86 2723
3 1589
183 2851
87 4364
92 825
171 1783
203 2760
129 4072
26 4601
176 1607
60 1766
108 4503
117 3532
39 3844
191 2607
14 4079
186 4294
226 1358
217 2578
74 10
106 3607
199 2942
47 1644
191 2017
123 4326
25 2091
149 263
85 2947
143 1145
229 216
169 1380
41 2229
230 3717
42 2012
49 2195
94 4093
197 1021
179 4222
115 4263
111 1933
53 4620
44 225
222 997
95 1522
57 2798
194 2362
164 2343
191 2986
38 3981
190 2264
124 1651
117 331
158 1268
75 4814
100 2439
154 3262
227 3723
213 2523
69 4057
151 3379
88 1394
28 3856
142 290
58 4057
148 4474
144 2932
135 3199
80 1671
182 2863
147 3744
15 3619
65 1507
192 156
95 4340
30 4415
222 3197
49 4306
121 657
37 2851
138 1258
156 1255
155 2021
172 468
129 2856
6 3840
220 2151
51 1861
124 4949
41 1655
33 915
188 819
17 3022
102 771
45 3637
121 4334
43 2728
188 2886
67 103
232 3433
56 4184
218 4599
161 4551
158 189
79 3621
126 2681
230 1956
238 1106
186 3155
237 4154
224 4396
130 2244
123 1103
191 3861
129 1169
133 305
119 2180
98 2926
194 4326
210 4016
24 4213
100 1928
44 544
155 3509
176 125
238 3622
216 3704
71 2710
112 1017
101 2955
26 4104
120 785
32 2389
114 2536
77 62
206 1770
149 365
29 1745
215 1216
43 4328
22 4029
53 965
75 1759
70 4054
214 3636
185 2049
201 3871
154 2797
123 3225
144 3808
154 1777
138 923
37 1378
17 3427
7 3539
122 3665
91 390
10 4025
33 1292
169 2571
127 4396
10 748
209 336
31 2239
7 2939
104 2897
213 1434
97 304
112 4981
176 1129
49 1387
15 336
175 1704
40 4146
89 2191
67 655
97 2480
156 693
183 4528
204 1698
191 3914
206 155
202 2667
213 116
43 3031
114 1460
62 1094
131 2298
147 4365
150 4246
16 2306
102 1894
105 4799
24 1082
104 4588
49 2931
221 2704
95 223
235 1444
165 3228
56 4318
150 4975
143 989
97 1044
198 2743
225 1636
70 2988
231 970
55 507
120 3238
141 2826
7 4241
171 1354
77 1811
38 1366
17 4077
113 3682
144 951
230 2472
59 4245
37 2605
124 3015
159 3749
232 298
219 4597
147 2420
200 3469
35 2035
158 558
92 3896
125 3121
75 3501
40 1564
86 211
104 1355
197 2316
66 2340
110 4696
76 3689
3 2392
97 1849
238 4157
85 3974
162 2425
228 4177
189 265
138 352
194 553
68 1127
53 1515
61 1051
73 4528
1 1856
19 3812
47 2205
50 4965
70 3790
58 4729
13 3268
137 345
188 4416
107 4182
58 4529
132 852
22 702
7 4096
34 1077
2 196
56 4125
52 3685
140 3762
202 3958
213 2542
100 1144
1 2078
16 3372
171 1159
96 2767
229 3283
26 4008
147 1762
181 3491
134 396
24 2814
114 2809
231 3026
206 3946
205 700
67 3215
176 739
33 4879
2 4536
52 3514
167 1425
170 1000
5 1316
130 3080
85 4957
156 3034
117 1246
129 529
101 2183
78 3114
141 2993
31 4698
56 3489
198 3576
100 2469
181 4233
8 3551
163 1407
21 4647
57 4918
132 1920
168 735
237 3140
157 3791
230 4629
5 3252
7 1992
233 4521
175 261
115 3716
167 3118
89 4056
80 4221
73 4694
15 3268
39 3329
213 3442
186 3337
202 3344
150 4873
95 3010
121 1837
38 819
119 4110
225 20
138 3633
226 925
43 2858
138 419
193 1359
9 3868
92 287
143 3964
80 4030
164 4442
141 309
144 147
176 4355
16 3929
104 566
143 3570
76 4276
233 854
202 1329
31 4369
102 3627
210 4587
139 61
234 144
178 2755
161 3717
49 4885
164 96
216 136
102 799
181 3461
144 367
159 1872
220 845
169 1075
87 3577
130 4804
150 3492
213 3244
7 851
3 2951
102 663
77 3739
153 1193
100 3196
