139 139
40 2320
68 2685
33 605
27 4979
17 1562
17 2658
32 4390
50 2299
65 1811
27 4380
29 696
26 1941
51 4631
22 4575
19 3617
2 2445
51 1867
59 3206
40 4637
13 863
63 2254
15 2331
7 2449
41 2839
57 3746
60 4835
48 3418
51 2430
32 926
9 2435
37 3985
54 3345
5 4734
8 3664
19 4278
45 3353
19 2004
62 2750
66 57
18 802
54 4615
27 4369
28 3202
44 3430
54 3609
53 2393
41 785
9 3341
57 1591
15 881
30 1667
28 548
8 4000
32 2843
8 2570
55 2066
15 2591
15 1938
23 1656
65 4095
38 446
58 3761
23 4272
9 3114
12 2565
36 504
14 2510
69 4231
57 92
24 2412
40 773
65 4467
52 1997
9 226
37 1325
51 2790
24 4895
14 698
15 4661
38 3685
69 4038
25 4882
42 3781
53 2919
15 1431
2 4142
44 4630
33 4088
13 2637
40 1944
58 2268
60 2865
19 982
16 2945
46 1229
10 1696
2 3356
9 3120
59 2886
10 134
37 1914
51 876
23 933
27 3360
58 4994
60 2730
8 3500
6 1928
22 2082
5 4442
21 4753
3 4697
28 3879
51 2049
62 2776
18 4468
23 2954
33 3776
15 4527
43 1505
13 3701
19 4170
9 1555
39 3059
5 3420
30 2772
2 3873
6 4585
47 1646
61 4618
36 3233
47 3746
64 2561
41 1438
56 4918
36 3951
19 4914
24 687
58 3134
