266 266
96 4014
125 337
20 2629
3 354
57 3734
91 4464
57 2207
16 193
93 62
60 2348
69 2737
123 4453
115 2132
38 3228
112 463
117 3410
46 3030
110 2458
75 1712
99 2669
9 3326
7 4545
66 3117
101 2002
108 1744
72 108
21 690
121 3306
118 997
116 4879
87 3963
5 1477
110 1898
121 4649
81 1392
35 4123
80 2315
66 3537
101 4412
79 1087
10 3468
103 492
57 4960
21 4028
71 1619
66 4557
11 514
32 4958
81 1573
8 4506
114 4651
107 760
66 1271
92 884
125 1377
29 3513
98 2723
69 3397
53 1889
88 891
71 1360
37 224
23 3729
33 4890
71 3309
98 1978
12 4234
67 603
131 2846
93 647
43 299
57 3057
31 2091
8 436
90 4112
59 4450
127 3686
8 1755
117 2892
19 6
29 3184
79 4072
120 4280
1 1257
129 4268
84 447
46 2757
73 4619
81 3862
79 3381
14 3715
65 4934
81 4833
108 3791
35 4983
20 3147
82 2700
73 3999
72 879
52 2217
90 3242
18 4421
102 122
77 3659
115 3656
49 2195
107 3619
39 1095
119 745
76 3838
33 2873
130 1390
77 2256
65 3878
37 2684
89 3473
132 3991
75 2363
52 712
72 2954
57 3186
56 4807
82 169
86 222
92 1598
127 345
79 3063
75 1933
57 1068
6 1518
27 3429
22 1950
115 1830
2 677
50 3604
57 3350
18 1851
131 4275
3 2503
120 4074
29 4696
44 3014
7 1213
38 4507
26 1304
1 3587
33 3813
130 770
56 4690
53 4129
92 1967
122 4561
62 3186
101 2834
53 4552
115 3542
129 3411
17 356
121 2691
91 3141
126 569
65 3354
113 1044
88 1545
95 685
94 396
14 2274
1 4087
26 4844
50 3917
15 4021
131 1905
71 4227
38 1368
90 2272
34 215
66 4484
32 92
15 2526
87 1321
2 4453
106 1620
34 396
50 3313
10 3330
16 238
1 866
22 3386
69 2811
21 1863
65 4240
1 2323
26 3717
105 4848
7 976
49 3195
51 3677
31 4805
94 2005
118 4697
62 2668
106 2843
23 3691
60 3390
86 1986
63 3156
92 772
23 648
97 3081
52 1354
111 4340
46 3385
45 2047
125 3146
15 4446
94 2066
125 3984
113 3725
15 3025
89 3130
122 2229
15 3145
49 3090
81 2253
76 4132
34 3308
18 4755
16 3715
10 4405
19 4803
32 3803
88 254
16 760
39 4786
110 3354
72 4705
80 4618
79 3215
14 4174
34 4463
124 2058
34 3897
91 1324
11 909
104 3960
41 2836
70 807
85 2822
30 552
3 2955
93 57
67 1530
76 2028
97 4069
67 3698
46 3065
66 4991
10 3238
78 2861
5 926
90 4348
18 2863
42 1677
77 2660
100 1138
113 287
