851 851
184 1436
106 2275
114 511
230 2138
181 2258
56 3749
392 4825
222 1994
322 1212
338 2887
22 511
339 2276
361 4492
349 1685
390 2979
155 198
177 3143
139 974
4 563
389 2057
217 3824
267 2963
278 2257
14 4955
259 796
407 2548
47 1149
335 4787
58 3326
5 2360
122 4394
184 2551
380 2286
7 1429
262 2893
176 2977
25 3813
33 3673
22 2476
202 1441
20 2433
371 3185
217 2610
96 491
335 2136
111 3499
283 3270
338 2210
22 3548
421 2186
134 4542
363 2903
20 1468
51 3719
160 2956
222 2354
116 4992
134 3143
122 814
200 2089
126 4428
254 304
17 2424
213 1468
9 3716
245 2904
164 2506
181 467
396 529
316 4944
129 711
235 3138
171 2313
148 3170
379 3807
350 3551
150 1671
166 2693
368 1898
248 4983
25 4518
42 2611
368 2447
117 105
22 3309
130 209
219 4341
356 3341
7 21
11 2055
321 1935
13 2437
201 4048
403 2852
363 2551
195 969
45 52
390 4403
367 3222
158 2040
95 3777
139 180
82 552
177 3777
194 2271
107 2846
222 4188
55 2322
119 3063
269 2200
110 4303
34 3214
361 4458
261 4462
152 2207
150 3393
145 1115
136 725
411 1228
343 1210
159 1398
117 1030
292 1254
307 1096
19 3305
175 864
295 190
313 970
314 17
60 3165
323 2594
248 1246
76 4404
403 226
133 378
26 3304
361 3622
110 3929
122 3227
330 4877
260 2620
268 2584
70 4138
53 4734
396 17
108 2160
246 3547
248 125
400 1474
57 1615
59 3512
390 3809
74 1693
374 2213
378 1162
32 2668
26 3582
395 4027
168 1602
359 1630
364 1147
328 2221
89 1095
223 3733
65 2335
60 3405
134 2964
387 3101
206 2734
63 2734
406 1006
44 3454
272 2520
167 4397
140 4980
232 2299
214 696
138 4302
341 693
143 3459
370 261
137 4543
366 413
43 185
301 4228
220 2481
98 1184
64 2682
3 3336
199 4703
180 2891
282 4256
245 2053
266 3534
229 4818
72 4792
156 1031
385 2083
226 73
276 2454
10 4153
143 2410
104 4958
25 3394
401 2431
18 2780
402 3086
396 300
1 3060
300 4196
143 2185
120 2192
276 377
248 2194
240 404
170 3277
370 3467
269 2983
22 4061
133 1702
60 1700
262 850
152 37
52 1033
288 2418
65 3407
198 4233
77 2377
296 2501
268 3817
28 2505
119 3515
11 3985
275 3990
350 246
248 525
141 1009
33 4700
268 2927
12 1557
141 2120
366 52
206 306
142 441
126 1808
138 1939
129 4294
75 3799
243 4317
376 4299
363 4142
284 79
313 1096
381 2848
161 2675
305 661
300 300
285 2383
228 2783
160 1394
209 303
40 1548
1 402
144 7
92 1395
305 589
289 4260
98 1810
377 1287
208 4143
198 3179
264 1865
263 3022
176 1585
142 170
156 1206
93 2743
246 2957
225 3982
83 757
285 4755
68 3848
5 4660
99 4419
102 1475
222 2512
12 1560
293 4747
269 366
16 4511
26 1339
190 4635
84 1602
404 4590
84 1219
75 963
320 1936
18 1156
290 1612
208 4244
16 1503
207 1770
363 2711
28 1216
214 4463
15 1889
208 475
47 4132
33 2843
185 826
188 4093
22 532
370 2702
243 3933
25 3886
206 2330
3 4292
180 867
200 196
338 2325
328 4428
336 4127
196 2443
147 582
130 4472
314 4964
167 3523
59 317
166 3532
96 1647
25 4532
42 330
147 3056
84 1259
271 1411
408 2772
268 3707
332 798
10 3537
344 2049
165 4829
260 2446
291 3661
424 1860
292 1567
248 2416
236 1635
58 2892
166 2916
3 4025
380 1252
175 2029
150 3890
271 2643
244 4117
60 3056
305 4428
48 1918
353 818
14 4015
102 2083
131 1304
176 3176
253 20
411 2018
45 2651
205 3890
229 4538
78 1510
307 2181
249 2048
177 341
57 4732
58 3953
44 282
31 3753
120 3634
145 3589
279 4121
243 2701
403 1545
398 1902
88 81
186 897
53 3347
19 375
124 208
319 2270
311 4618
185 4349
219 495
110 577
228 308
412 2756
356 2106
191 2162
176 822
67 2406
30 2143
303 1533
336 2245
341 3886
286 4579
112 479
309 2572
407 3552
382 2375
215 353
51 3255
255 1508
314 4097
19 417
385 977
63 4808
283 4117
170 3927
20 4162
233 2257
97 2224
272 4709
75 650
318 3534
76 240
142 4982
423 989
56 2003
400 1361
266 58
208 770
143 1027
405 690
39 2291
137 1942
58 2617
310 1840
67 3785
274 4720
274 4533
380 4344
396 3421
373 3174
143 1896
197 555
174 399
330 4440
235 514
44 1382
393 4516
318 3322
290 2274
85 4831
392 746
230 1544
228 1103
302 336
412 1345
88 3776
152 3491
217 3826
353 4820
283 3831
388 1282
131 4755
172 3867
343 4877
155 3282
275 490
174 3320
241 3931
141 167
135 1025
386 1553
166 3609
72 2465
59 2418
77 4817
412 2215
135 4311
308 4644
364 3222
258 4066
266 1559
216 2705
367 3799
406 2077
130 861
116 2565
188 4308
397 1059
245 808
328 1208
14 3326
59 617
331 4272
359 2638
251 2886
310 1978
12 2451
69 4789
391 1452
256 3716
413 3693
289 777
223 1371
145 4305
327 2752
230 4210
277 3855
403 1127
363 1730
223 3042
304 758
17 3137
349 2671
203 2770
169 2255
7 1787
12 4041
99 205
318 287
385 3402
29 1196
405 1219
287 2673
391 1236
387 945
104 3292
263 3998
268 2798
11 3158
310 527
154 4842
368 407
11 2385
30 964
94 2423
258 2743
206 393
236 1636
344 2158
147 3236
31 251
78 432
215 197
245 4741
97 4113
320 2698
166 2783
115 930
136 1229
339 4708
141 3172
307 643
286 1845
316 113
330 4111
51 2119
342 375
26 3502
401 4228
322 896
137 1469
306 1594
186 2833
88 2293
64 258
116 306
10 2340
92 4887
393 2919
140 1909
380 2312
245 2105
193 3811
273 2150
171 2799
124 1866
11 4784
196 711
244 2626
354 3355
387 1076
340 4290
127 302
297 784
350 2975
80 4341
92 4702
21 4067
375 888
317 1821
271 2130
142 2484
328 2644
381 2205
417 2246
310 4145
321 14
320 3827
288 309
255 2530
144 1689
318 991
160 3987
273 2377
85 4266
192 4730
204 1474
161 2263
339 1845
182 2575
362 1999
384 3748
256 1877
240 739
287 4307
422 3724
370 3275
38 4456
158 3223
137 2969
90 3816
296 3095
341 71
24 2876
419 670
141 1768
276 4679
403 1365
154 1491
30 3080
334 1284
249 4136
357 181
28 3138
328 4260
196 4792
337 67
233 739
128 1129
240 1785
203 1703
22 3519
211 3504
42 3227
413 1400
224 3723
284 3545
9 930
232 2306
174 484
81 1133
358 460
210 1522
32 3382
128 2729
80 4269
327 4314
237 2940
404 2389
152 470
386 43
82 2276
412 2798
104 755
30 2270
420 810
247 4607
116 730
270 4930
94 4727
292 4984
344 3694
63 2784
34 2796
213 484
1 3056
103 1914
371 4628
189 3292
125 1845
82 1550
68 3457
348 4416
7 4949
228 2595
17 1124
352 2469
252 297
342 2171
287 672
286 3026
78 58
271 1361
421 4270
333 4548
286 565
140 4422
355 1129
89 949
371 1170
117 3911
47 1988
350 183
284 1043
45 4238
82 922
164 1217
171 3760
292 2042
370 1955
192 1522
298 3687
410 594
218 3282
120 1231
109 1892
137 2735
26 2010
418 4477
187 564
23 712
284 434
257 882
202 3814
96 2512
341 3292
75 861
183 3011
32 613
390 1743
203 1389
316 1875
193 2876
174 4135
54 341
281 159
172 783
365 4018
408 1011
346 4719
19 4168
390 3268
225 2047
200 2106
107 4394
415 3688
378 2618
385 852
96 198
67 2623
272 3445
194 329
355 1511
274 193
369 2376
100 4486
400 3164
280 19
101 3018
226 4133
245 3089
401 382
69 3458
34 2864
106 2973
170 50
314 3457
196 4139
132 4400
297 4013
50 621
317 2221
191 546
320 2915
360 3710
161 442
335 1854
18 399
42 2729
393 4803
117 2492
124 503
134 4331
97 622
178 4282
159 3091
357 1256
51 2530
333 2652
176 3687
12 2174
2 4962
43 2143
109 3590
160 4698
257 25
142 2258
336 110
154 3231
260 382
130 4832
337 4118
68 3588
334 4400
306 1088
126 2361
40 1115
320 1488
369 2599
185 765
210 3786
136 2121
261 3612
350 1182
18 2103
117 3131
66 1491
398 1311
190 1378
334 2839
28 1408
241 1009
9 4313
189 2643
402 3131
261 1218
124 573
205 3224
325 2220
273 3759
190 3657
120 1444
183 4881
41 551
63 4523
140 3359
41 4304
220 603
324 635
119 326
291 574
122 3331
335 4537
389 1848
397 2749
277 2918
208 1281
147 2942
251 2440
154 2737
