302 302
42 4636
22 3830
11 791
58 3460
86 4277
38 2814
96 4646
100 2601
4 640
46 1294
138 2126
127 2451
125 2260
47 2953
63 1073
121 4916
134 3660
87 3967
3 1490
139 4444
30 518
99 1451
130 2444
133 4836
130 930
100 2772
133 4903
109 373
85 538
98 1409
149 3807
36 4881
117 3501
22 1929
11 812
20 2916
12 1080
146 4877
78 1580
29 3289
128 4838
13 3303
118 4348
14 558
60 2464
42 4014
136 1381
45 726
69 120
102 2186
25 3985
90 3407
123 3895
83 785
12 1937
27 4649
93 2358
23 2848
118 2928
44 2023
36 4736
56 4855
59 348
72 527
6 1491
32 4714
55 503
78 1987
74 865
24 2168
74 81
17 1950
132 4155
14 1458
3 1411
145 1734
64 3774
125 4506
8 4700
125 895
12 508
82 3635
42 526
14 1237
116 4025
44 1777
93 514
9 3014
139 1652
40 2977
137 1863
36 2112
80 1026
100 2700
89 2799
100 1389
42 1740
123 1133
28 4715
16 932
130 2642
104 330
117 2014
63 4927
124 2847
34 4003
96 3785
36 1963
73 2904
124 2725
60 2701
70 633
56 943
114 4164
138 596
81 3002
130 1747
142 615
63 2857
11 653
80 747
102 4291
43 199
44 4936
60 1949
121 2349
63 1345
127 811
98 1695
17 251
86 1362
42 3689
149 43
55 4118
58 914
99 3667
13 1041
139 4843
100 3039
150 922
125 4401
96 374
12 3965
71 4192
53 2724
77 4434
22 4019
136 3173
2 1765
107 4092
41 3120
27 4796
150 2449
38 3687
135 3615
34 2061
43 1172
84 984
130 3431
42 4236
136 1371
66 604
69 4911
52 2344
100 143
120 4655
146 2357
147 902
62 3578
145 2464
54 4077
31 723
96 1204
93 80
30 357
64 4069
9 404
57 4060
120 4766
60 2735
95 209
18 1237
117 3686
123 4276
72 1366
2 4172
99 726
64 1998
141 3548
75 4312
58 1094
144 3557
19 3416
142 3243
133 1279
58 3696
26 856
131 411
57 959
103 4372
132 2634
16 2877
48 2225
71 1241
51 1433
110 4759
79 4823
15 1087
122 3217
88 2386
104 870
93 3587
41 3026
135 1303
27 4003
33 1922
10 1346
51 4903
107 3967
69 1793
6 3016
123 824
114 4940
112 1340
123 2654
71 152
52 3536
88 533
63 3492
94 1840
149 635
72 1371
76 847
84 3551
77 3714
10 25
64 2163
116 89
130 4752
105 2207
39 281
71 4090
89 1456
12 2388
94 3078
80 3683
104 1482
103 959
73 2040
108 2577
33 1842
33 1360
6 3659
97 3625
42 761
110 4320
1 3448
58 3798
118 4809
25 4687
108 3485
41 2205
34 4306
80 484
59 4490
119 483
90 2371
90 4643
148 4164
103 192
141 1598
121 1716
72 4951
63 3823
40 1503
139 4909
126 365
91 3733
86 1539
133 2040
35 4683
61 3199
1 2770
43 1693
123 3083
28 4984
15 4950
8 2634
105 1349
32 4345
28 609
87 1146
99 3708
119 986
104 2373
123 1653
109 3970
51 2996
20 3165
150 458
99 3385
69 2363
