279 279
106 4303
127 2367
82 3466
112 2015
20 4581
111 2162
108 4909
51 2402
48 4048
90 246
64 4930
63 3380
69 3978
109 4733
120 3863
58 1818
119 3671
5 3595
54 4389
102 3585
25 2871
131 2926
81 4198
88 4355
97 2475
14 4287
86 4960
133 1103
49 74
41 1258
90 835
45 1222
79 3068
124 3792
73 119
32 2044
72 2566
109 4495
124 1202
54 3260
34 3124
117 3261
21 2099
103 443
53 577
22 4663
40 4052
72 698
86 456
93 2899
45 3251
102 4840
122 152
15 655
82 2770
47 3874
112 1666
86 4582
73 4912
25 3047
79 4836
41 4728
102 420
97 2686
40 4651
31 436
99 4678
112 4972
46 3272
114 4835
91 200
104 3559
35 3357
113 443
50 2125
46 280
36 4559
33 1885
58 4378
44 3924
44 4344
114 4366
44 3431
26 1221
126 4173
52 2388
73 951
6 4533
129 537
133 1126
131 4425
27 3937
84 264
61 1265
54 1455
28 3595
53 2052
105 1555
100 1940
54 130
26 1808
76 3622
11 1287
119 3067
57 2676
91 709
73 2902
31 820
27 315
132 1895
3 77
68 763
96 4492
97 3369
49 2303
72 804
119 2506
9 4355
119 2042
86 737
2 4392
92 804
41 4803
101 1982
22 3629
48 1441
14 2934
61 3304
138 4980
61 200
129 552
134 523
18 570
77 669
68 1991
117 4046
8 2302
59 4619
72 886
63 4327
38 2927
111 580
116 275
96 2923
57 4361
91 72
72 2159
116 1488
33 1810
71 4919
57 823
63 1147
69 1317
72 3674
65 1760
121 329
78 3354
31 2109
43 1422
123 2944
77 4519
74 1440
21 2693
28 3798
16 595
25 2964
3 75
108 4388
40 366
61 2047
100 2599
107 2329
5 4870
11 547
70 4977
23 1384
89 1205
102 648
44 4059
71 3605
2 3570
109 4779
12 98
24 456
27 4766
8 951
82 3178
33 1780
73 2080
106 4277
24 4667
79 4983
91 4530
98 4866
27 2806
65 155
32 4619
14 1018
113 2508
12 4102
19 4997
52 3180
63 2252
120 827
42 2210
137 1979
54 962
135 1716
20 905
115 3806
61 105
22 3712
60 460
100 3604
126 1673
18 3084
122 288
139 2573
90 1641
79 941
67 429
53 2940
108 188
111 1548
100 810
59 4768
84 2624
6 2875
12 926
118 2116
136 2086
31 663
118 2157
43 3779
136 318
11 1106
126 591
37 3074
97 1796
94 4258
61 3492
96 2530
43 4972
109 4460
69 99
57 3611
38 3904
81 3133
128 432
78 4214
101 4688
31 3565
134 454
89 2327
87 1855
18 4909
102 3154
19 2113
19 3025
22 1390
11 4043
6 103
128 1744
18 270
36 3877
38 3517
111 4273
61 1898
34 1504
82 1603
101 760
114 1232
49 4723
46 4019
11 4895
46 3171
93 1455
130 1118
96 789
