252 252
113 471
9 3664
84 1110
102 2800
16 4433
32 2749
63 3833
35 68
12 622
88 494
115 1318
72 2322
63 3000
29 2485
82 1179
33 3485
75 3540
91 1959
74 2878
68 4327
50 4822
51 2593
88 2654
69 2222
100 2706
84 3645
30 667
7 4978
12 1456
117 3760
58 3684
124 348
19 2583
24 2936
110 659
2 182
2 1232
30 1752
18 4899
28 18
87 4137
106 174
30 3589
111 2901
54 2690
119 4146
64 4561
64 1236
99 4065
87 2157
118 4480
18 162
111 629
72 4415
115 3427
58 491
120 1461
104 4523
3 3715
100 2608
19 3986
101 2476
82 4847
44 2270
82 4912
83 212
41 286
60 2655
38 4890
42 3625
70 2001
29 4967
91 4302
107 1166
58 1636
84 1170
36 670
93 1222
63 2615
15 3360
94 1409
53 2822
79 1742
83 4595
125 1395
35 2289
96 1428
17 381
98 4015
48 2690
55 1993
76 357
78 249
32 1527
16 1445
38 2079
103 2070
45 4284
79 37
97 2452
62 1008
38 521
82 2848
51 4856
54 606
78 30
43 3740
17 4893
35 3118
51 2455
115 422
121 2715
61 4168
20 4120
99 2126
31 3946
108 422
103 1461
110 2150
45 2059
71 2719
121 1038
108 4577
68 660
37 4110
4 1371
65 743
56 933
97 3138
84 4650
44 1918
57 4510
116 1012
44 1827
31 3168
107 1617
53 2995
15 3566
87 3081
97 1183
62 1559
113 3598
37 2574
105 3992
119 3521
52 4401
6 1314
48 2304
39 4560
9 1210
75 3973
11 1019
75 166
72 3247
26 376
123 4309
97 1554
19 5
124 3187
5 3794
45 426
119 3577
26 1635
15 3548
90 3157
17 2056
51 4616
76 3860
69 1625
69 5
20 197
24 4766
112 554
89 748
52 3930
9 4715
69 800
95 4377
59 2924
67 4373
84 4434
87 1756
65 3310
52 1030
81 2292
19 2511
14 3577
96 3479
111 2844
47 15
34 618
26 649
51 2491
76 4877
37 1456
4 2938
11 1009
105 2391
60 526
52 313
80 792
26 4322
39 2208
116 3940
102 4152
33 4684
103 2457
3 2125
115 438
16 91
112 630
116 4309
47 2143
42 1520
85 3789
11 3261
106 329
67 4751
96 2724
18 1604
21 4452
11 2272
125 4600
69 2448
14 84
26 1991
42 3943
114 1510
25 1508
28 3839
106 1395
7 1094
66 3322
33 1922
80 2714
83 3227
78 3003
116 2623
110 1494
27 444
41 4948
76 2575
94 3227
7 1029
72 3371
113 2735
88 4175
77 2788
53 2673
12 4276
121 3596
22 4210
