424 424
172 4083
37 4143
9 10
183 4002
135 2522
100 1254
74 2240
71 1070
157 2445
148 2525
165 249
208 562
122 3020
161 3185
141 3371
87 656
122 795
45 555
86 4050
33 1762
167 1332
8 1265
101 5000
62 813
104 4421
153 4061
87 4796
46 1230
36 1302
167 3387
178 2880
141 3189
134 3943
186 3946
45 1721
151 197
115 645
110 2016
162 960
49 3505
78 4320
4 1686
83 2716
145 1693
98 2685
205 3300
111 4906
127 3406
206 1417
203 4935
203 3263
191 2591
145 2967
14 1853
150 1437
142 2909
110 703
46 618
160 1254
88 4596
187 1891
99 1124
62 1134
12 1125
137 3397
96 2876
107 2016
139 4397
125 3060
179 521
43 1187
199 3388
178 260
36 3921
189 3008
172 2586
26 3281
172 909
5 434
159 3043
69 2646
154 3062
162 3116
26 3990
88 411
113 945
200 2598
36 2762
153 2965
50 4495
168 3074
108 1586
204 1027
110 4603
179 2337
109 3896
52 2090
133 6
46 640
155 547
49 4371
195 1072
90 3547
184 2337
171 1838
38 3219
182 3291
120 4714
149 705
128 1885
18 3669
95 4633
47 4497
166 423
201 3235
24 1597
8 4083
199 2029
100 869
19 3410
190 1178
86 2977
84 4642
15 4234
181 1744
138 1585
79 933
189 2390
78 4841
103 838
111 1044
6 854
169 4075
102 1715
180 2167
123 692
50 930
59 836
108 1134
14 4940
185 3928
168 4990
124 1676
9 4102
137 4689
101 991
14 2345
34 2899
158 1433
206 4039
20 609
97 2286
88 2765
121 590
96 4843
11 1849
113 585
154 1866
154 4753
58 4751
124 2356
179 437
197 2841
193 3025
91 3218
81 726
102 2688
81 1144
23 2997
3 2496
138 4243
13 2855
135 785
80 3205
21 4176
80 1419
145 3340
18 2512
160 1802
200 4661
165 3090
174 3905
73 3254
55 3783
75 4127
23 289
198 892
15 3912
178 979
133 180
48 2796
17 493
149 4962
163 1104
198 4531
52 4750
105 1466
26 3203
108 1223
70 3475
153 1365
177 2375
3 4307
3 2517
119 3706
24 4839
182 2292
165 1745
41 3389
84 1067
74 2888
147 1629
42 1029
75 3955
90 3910
68 3934
209 4621
14 4591
11 4403
115 4226
53 620
10 2004
131 4263
1 4791
192 4100
37 2770
94 3568
170 4148
15 639
179 1696
117 1804
146 4524
109 1400
157 1218
12 509
75 2515
205 428
135 475
143 3712
132 1224
57 1553
89 4422
44 2819
85 772
68 1504
4 1693
36 591
177 1142
180 141
131 3806
10 4973
122 1769
138 2387
176 4849
96 2462
185 4416
211 4896
122 93
108 4094
140 2479
23 904
83 1478
105 3322
160 1762
35 4263
172 656
47 4709
121 2952
151 1421
202 1299
200 2076
96 194
111 3407
136 1000
57 654
115 829
56 1065
157 4219
23 760
15 4788
78 3215
117 1106
40 2921
42 3244
3 3151
44 88
48 3176
20 3614
2 3612
5 3504
80 1700
52 1800
149 1755
201 3391
111 3934
28 1744
136 4252
88 4019
100 244
154 1802
163 4530
194 1797
119 2161
188 4371
109 1289
13 4392
194 1608
91 3379
51 4386
194 250
37 4472
130 2722
63 2765
96 2179
46 4243
144 843
41 1230
149 1269
69 1299
76 3244
137 2965
149 3442
7 1166
80 805
37 3604
49 1174
155 4099
16 2954
106 1938
80 158
135 3818
192 3289
156 479
194 1166
190 4910
5 1287
189 2696
28 2468
115 510
130 3801
132 4709
8 3792
49 3789
15 1182
100 3482
181 2728
54 82
36 4297
3 3286
61 1843
133 1100
40 593
14 1749
130 1552
211 1102
117 1936
210 3287
112 2949
56 2704
25 1241
51 3614
80 4609
190 4863
137 3329
11 653
89 2402
31 4023
14 4765
23 1820
80 153
158 1842
126 3180
95 1364
175 3650
186 2073
88 2637
153 1012
1 751
135 3978
205 4945
106 4291
147 3069
90 2649
124 252
184 3777
146 1626
191 2261
169 4861
75 46
128 1324
71 1302
114 1669
211 1442
49 3864
98 81
99 1319
35 2265
40 3617
24 3311
60 2215
37 4515
115 745
78 2106
181 3097
167 389
150 2545
162 4132
117 3443
62 4431
120 1020
30 4742
148 1968
199 3729
26 4582
47 2381
74 3350
203 357
53 2290
171 3036
199 462
138 4752
34 288
19 1350
208 1623
