714 714
356 1796
327 1823
350 3890
90 232
90 1890
64 661
356 693
327 3367
142 4828
284 2240
309 2218
84 1444
32 66
347 539
347 171
162 3775
185 1414
136 2345
121 284
92 3857
298 4791
21 692
285 2349
5 2117
89 3360
130 4817
117 4938
195 2131
134 2020
354 1442
271 3119
41 2566
175 1702
134 777
79 3708
213 4941
236 4428
240 947
154 3469
80 2357
290 2520
8 1480
75 3005
17 206
162 2149
115 1178
165 4830
163 612
194 1269
123 1854
202 4097
107 2414
333 3237
29 487
10 1787
211 3064
292 424
343 2091
187 1978
276 3244
62 2916
302 1560
156 1806
27 548
137 2413
118 896
78 610
190 3619
311 792
156 4430
261 1395
175 1678
174 1981
232 17
5 1744
329 2465
332 2545
97 1118
61 2529
245 834
136 1761
34 1879
295 2239
217 438
3 2832
132 4589
47 3060
356 3224
195 3022
127 997
56 3387
34 4395
181 4186
97 1128
110 3505
49 2348
337 3979
62 1837
341 3117
247 4025
316 4079
71 2490
262 3912
158 2462
58 1387
162 134
303 2813
152 561
293 1706
276 4430
204 4724
333 3595
20 4301
304 3064
170 2422
236 656
217 597
157 3332
132 3726
183 3161
242 420
210 1675
183 4412
327 4844
30 4668
16 3485
96 2464
215 2008
139 1651
224 4194
147 846
13 4838
131 3227
88 2455
291 3879
227 1726
249 4347
249 1848
215 2210
299 1260
351 3467
81 2429
275 4300
114 429
238 504
77 2932
41 4719
178 677
150 1647
220 2915
181 1080
127 3503
237 3638
55 4887
164 396
339 206
282 893
235 2949
204 1272
74 4368
19 170
133 4143
24 2239
22 2155
97 2123
136 1594
246 849
300 4380
102 955
198 2820
86 4754
292 4993
269 2311
239 2800
227 4500
73 4716
104 3116
84 1759
202 4546
131 862
25 57
11 4625
284 2512
59 3005
78 3588
225 3694
29 3584
284 3014
26 3108
163 1095
210 2183
64 2476
43 1640
260 2565
295 2126
314 1592
96 3714
104 3362
320 4605
250 4048
305 749
205 2666
22 2102
96 1860
182 4742
327 2203
228 4500
201 4233
62 2588
87 1536
99 3184
230 4913
91 4179
223 3717
69 4647
58 1049
257 1151
128 2067
304 2335
141 3426
333 1589
276 1654
196 3495
309 2300
145 4720
14 1644
5 4661
232 668
288 640
330 4276
231 2312
88 1356
101 3402
169 2353
139 4288
211 1519
54 2300
188 3184
110 3779
269 3896
108 4496
10 4771
238 3598
17 1644
2 3986
356 2759
72 4820
52 2386
141 4413
25 378
336 4750
211 202
95 1311
40 3384
7 2459
139 3898
266 986
196 2320
262 3196
68 91
319 3175
316 321
247 451
63 1049
241 349
25 456
292 1327
83 707
170 804
55 4662
111 496
206 1263
113 2089
66 1520
35 1392
63 922
64 3293
32 3587
335 1287
126 1258
64 238
49 2806
205 1178
75 2181
327 2884
275 3487
312 1394
195 4803
42 4035
238 2739
83 4329
135 196
301 1634
336 2665
78 4443
92 3338
158 404
320 3537
248 3958
25 2961
291 4519
350 1566
79 3497
201 3773
330 4083
303 1286
167 4300
124 2599
215 4097
153 2335
284 2836
142 1467
356 3500
321 4831
347 572
51 2139
170 755
115 4347
338 2185
269 1477
149 3391
319 266
32 3387
83 1355
60 4622
132 662
110 1448
291 4813
236 1311
25 4551
329 4726
159 991
331 1390
172 1499
175 4980
78 1301
240 3810
196 2139
347 1086
15 2665
304 3304
94 2144
235 4947
44 1807
78 1994
10 2817
347 4108
153 4840
242 2907
103 3078
220 3214
94 2640
342 3553
96 736
88 1522
106 1637
53 2031
354 1497
72 2711
249 2516
249 2654
33 4639
14 2945
238 309
303 352
68 1618
136 2446
143 4830
37 1748
233 4606
264 1434
259 1155
323 4323
336 4047
171 1490
293 3505
339 3291
162 1880
151 127
98 1036
112 1131
147 4391
305 1872
333 4595
260 1132
224 3286
112 617
13 163
207 4084
116 4314
334 4393
81 4724
258 230
121 3589
292 3019
254 4922
20 4237
277 4200
43 4967
88 3860
301 4555
210 818
98 4928
73 3031
354 974
129 1913
1 646
136 4747
254 920
239 4151
123 2142
3 3313
42 561
301 2194
186 2731
254 3058
61 3422
117 4900
307 1966
184 1576
204 217
259 3770
278 4771
177 1837
339 1296
328 2679
121 2519
26 1078
148 3290
270 4470
322 2981
116 4143
66 2958
108 1563
3 4448
180 2554
318 232
75 3328
265 4897
215 2612
81 2084
172 2783
347 354
192 1422
290 2169
336 3071
37 2196
67 1800
193 739
266 3599
149 1343
220 3161
7 4386
289 2624
25 2100
83 1764
9 1424
41 3817
216 1282
204 3222
59 1363
295 1937
85 3698
213 4645
170 3325
55 1429
16 196
204 1718
18 672
66 731
50 2744
302 1737
144 4201
38 2382
141 242
77 4091
19 3839
100 1115
29 3745
177 2649
110 1668
290 2565
272 2362
19 3254
130 4586
307 2480
289 3939
260 3878
274 2994
93 4500
127 589
148 3825
323 2813
310 4665
94 2878
321 2341
169 2748
65 3567
248 1622
206 2171
316 3525
37 2887
88 4584
133 1930
117 4577
204 4597
8 32
327 2087
100 134
9 610
185 689
74 2842
26 2590
314 2328
195 3070
181 3063
167 3574
203 2772
64 2721
262 1244
204 3125
248 3826
202 678
186 1541
166 283
127 4783
161 3308
317 3371
288 979
317 4899
271 509
115 1788
91 4582
257 3124
248 2627
344 3488
353 3146
249 1433
261 2732
313 4048
220 1929
352 4204
338 2466
119 2744
203 3242
13 2422
323 790
60 4670
267 1931
38 382
197 2476
283 2676
245 1864
269 2200
217 1547
73 50
95 4304
69 2068
38 4023
58 4121
305 2207
165 1878
123 1307
346 1055
306 3494
66 467
342 4280
94 3098
217 4561
257 4512
292 893
356 2000
322 3518
125 2103
177 4292
24 4204
197 417
159 1010
354 1089
271 409
162 481
281 962
173 1202
236 4973
291 334
115 3982
330 3758
45 1257
115 212
246 2585
296 3848
338 3547
47 2924
257 924
218 111
300 2557
325 4637
175 3699
317 4367
184 2822
34 2570
354 761
305 553
321 4736
189 3674
82 3590
233 3731
301 2496
81 2699
247 1303
188 4027
37 4536
102 2983
148 411
288 925
349 1155
125 4991
76 307
257 3866
196 807
211 4384
9 617
89 1646
100 2716
340 1427
333 4488
242 2580
215 4357
266 4129
293 1050
255 1623
56 1919
129 2824
83 1061
166 3145
174 4483
5 688
192 527
75 3579
248 4450
123 1057
87 2964
89 4523
176 4202
95 1836
321 3402
81 1583
110 1453
162 3550
3 3374
299 2235
210 907
112 1598
112 1090
320 1839
184 1478
51 1045
300 4787
286 1694
220 434
35 1236
179 1972
36 3110
140 1860
295 1114
24 3798
344 3273
124 2809
244 1639
126 3413
225 2836
205 3518
268 1350
283 1342
184 2486
266 4989
279 2260
50 4214
122 3364
197 1327
259 144
18 1297
125 1850
15 2307
70 1760
59 4274
218 4589
139 4069
70 4305
5 1959
270 1440
6 3617
154 678
127 2008
124 518
235 2219
225 4691
349 1944
277 260
96 3781
266 2593
128 4356
51 2304
17 1961
224 2732
202 3395
52 4669
249 3690
78 4310
154 2458
246 2168
287 189
136 2062
241 15
