655 655
198 126
220 2730
125 4879
84 4368
10 4523
189 3038
246 595
92 3792
39 2033
194 1226
121 2017
74 3400
157 4992
205 3660
183 3539
135 4467
207 3192
45 3197
19 2943
249 3151
304 198
88 2516
171 1670
56 4442
80 4036
42 4015
264 1381
207 807
47 4293
135 4031
26 2831
107 2897
117 4580
101 4524
46 3136
271 2785
57 1787
176 4479
192 928
308 458
300 1299
29 602
220 1354
175 1626
43 1974
132 3768
1 812
272 4981
4 1811
319 3709
280 4293
21 4608
5 4350
3 2760
236 2161
84 2475
215 4265
70 4555
319 254
312 2547
169 1862
73 1944
91 1063
49 3623
277 3164
228 4302
33 955
104 4542
66 294
148 1198
190 4243
42 4322
275 1389
302 3928
162 446
124 2205
255 3888
175 2689
255 4466
185 2653
251 2097
107 1759
101 1152
75 1226
327 3340
147 3918
38 4680
253 3811
55 1689
322 120
200 585
219 3128
56 2770
229 1218
32 1936
64 1023
294 4698
5 2263
209 986
261 4515
257 3118
232 363
210 3616
109 3701
242 3783
78 1446
97 1629
144 500
102 588
8 279
133 4146
312 1723
131 1494
29 1023
53 4519
15 2128
290 4818
315 3257
72 3661
193 2983
211 787
158 655
83 105
5 4478
198 3664
125 656
167 3821
39 2416
120 1106
177 4926
261 4500
150 1660
221 4159
95 1570
209 4304
125 3589
225 95
224 2846
40 1320
255 1840
270 2324
154 2799
289 593
111 3181
26 3653
267 4410
54 1198
282 1142
288 4282
282 4803
215 1933
162 3765
246 2238
171 1447
206 1844
256 3789
289 4665
250 2195
237 2689
243 3337
25 1394
217 4456
29 3437
287 3839
97 265
59 2507
222 769
224 1149
73 3258
252 2481
98 420
8 1306
66 2292
40 4230
159 3506
210 1406
16 4396
204 4341
156 4288
325 1169
172 1453
127 19
102 2468
51 1216
252 4784
324 1610
324 2741
245 715
215 2993
236 3381
266 4885
226 3075
77 2936
300 2640
264 607
181 1708
282 2028
149 2527
130 2512
241 4700
94 2616
140 3706
90 1284
127 2257
68 4192
76 3092
111 1077
237 4399
168 4474
302 3865
265 3583
96 1406
216 261
73 2651
23 2408
79 1593
65 1769
22 423
128 249
163 1775
238 712
318 1072
214 2293
94 2278
13 4571
145 3687
325 2982
95 123
294 4077
293 2188
84 4293
20 2163
56 2613
236 2673
243 2310
107 1476
315 2893
95 381
240 96
216 4012
138 3789
229 121
166 520
108 1613
15 907
88 693
284 2351
180 1632
182 1147
86 2970
170 2223
21 1280
283 3543
282 281
233 4041
133 4357
45 4615
162 4143
128 2880
69 1668
246 2595
30 1316
306 4470
111 1448
322 4810
221 1496
301 4442
306 1125
46 4994
98 3731
13 3315
150 4814
156 86
34 3221
260 3057
12 953
183 1937
246 3660
98 3296
45 1993
27 1176
141 4761
7 1192
225 3827
290 4892
88 1173
270 2258
141 798
277 3198
70 4230
288 4111
246 4105
277 3274
71 1813
14 1716
227 520
11 160
102 4820
140 973
314 2870
243 3485
32 2974
208 380
205 2153
24 3831
112 741
220 4795
216 3551
324 2902
126 4030
275 1583
124 495
187 3931
10 4596
48 4303
128 2594
69 1767
318 3933
254 1351
100 3758
101 3995
56 3499
171 1303
279 1371
15 4828
281 1381
3 3134
75 746
234 3090
229 3242
51 2009
75 4837
166 1404
127 2667
311 1333
183 3960
50 910
306 631
79 3417
293 512
318 4228
148 4301
29 2192
22 1193
151 1021
5 4832
224 2273
31 65
319 1044
40 4445
303 1681
180 832
34 4280
61 607
287 3556
91 2152
143 673
298 2051
247 4616
117 874
94 1557
237 4675
122 1436
219 2612
195 4505
122 424
1 3352
158 4646
43 3275
176 4584
240 4427
180 2780
165 4813
180 969
321 4019
22 1367
191 3005
4 2924
260 1839
62 1336
189 4863
50 2497
233 3151
138 3055
259 2307
307 3143
97 4447
169 2414
304 3109
234 4954
218 301
172 3020
268 2072
119 2312
175 3698
54 1178
112 1034
24 2516
313 1688
175 1049
231 650
290 2507
153 2243
135 1340
219 1627
124 3235
208 1402
319 3298
74 2146
229 3439
271 3382
124 2447
193 1422
41 2439
240 899
146 366
184 1950
7 3668
60 1212
259 2933
276 4067
222 442
226 2210
212 4317
190 3312
208 325
206 2150
107 834
193 23
59 4697
75 382
209 2875
321 4675
248 4446
100 1044
313 2794
117 873
269 2464
282 4516
46 698
70 1079
82 2387
4 7
167 4231
72 3110
56 3101
291 2787
267 677
74 1030
46 4230
119 3794
105 4730
238 547
56 3311
18 3345
186 4588
137 3632
199 3469
262 230
235 1427
179 3551
123 3322
280 3118
133 1475
124 4883
203 659
115 4100
106 1643
314 4539
40 4294
170 2217
42 4255
96 2490
18 742
211 2153
91 4047
156 3051
25 4579
123 3167
78 533
234 154
207 657
80 3160
204 80
152 3308
15 690
81 2931
296 1295
129 323
209 1825
149 4134
140 4360
141 4493
308 1942
51 1967
33 2314
245 3715
247 50
229 3695
78 3965
93 3032
61 280
218 3160
229 3891
197 116
231 1049
261 353
290 3074
17 2242
97 2980
158 1561
275 3319
172 1208
105 4024
54 914
123 781
78 1720
75 1744
70 3227
25 1663
130 4010
119 465
35 1911
319 2106
50 2094
282 1655
304 1963
172 812
134 2542
17 3612
161 65
202 2019
181 2779
320 2286
128 2874
125 4368
196 14
148 2540
36 2853
130 2048
59 3600
29 278
301 3591
188 2172
132 4077
142 104
162 4752
232 340
222 1298
251 1013
195 4813
25 662
34 4286
3 4205
235 4763
273 2567
206 2790
148 4071
194 3002
150 2716
4 2097
91 1224
175 4245
282 2653
109 2179
315 1327
275 2269
271 4835
170 2409
247 4141
281 1299
234 4517
8 3407
259 497
30 4970
2 2681
246 4653
71 4257
280 295
274 173
184 2038
6 4104
210 3126
79 2415
14 1503
62 3350
312 1383
214 3081
89 1014
318 3033
322 3203
1 3906
149 1729
26 1191
83 3730
311 3331
239 2156
116 4754
113 416
142 2138
269 235
302 4116
321 3564
146 1017
13 776
161 4856
240 2138
120 3434
56 4119
231 1614
208 4756
220 3074
65 3069
108 2793
10 1564
85 2700
295 4863
34 1880
91 4561
260 4225
217 1668
80 1715
143 1448
315 1358
173 854
132 4268
117 461
12 1702
256 1177
49 3425
259 4319
115 2884
193 2260
11 805
274 1555
130 1832
93 2743
212 1725
79 433
165 3995
205 929
147 2726
104 1374
122 2909
46 4449
257 1894
40 4174
44 1579
2 2810
3 970
257 4984
281 3980
171 678
127 3456
76 4940
