972 972
382 4307
244 3671
158 2763
111 2064
20 1874
249 2464
222 312
423 4695
34 3763
349 3779
31 3899
247 3936
28 4871
392 4438
118 4039
259 3159
85 3214
458 1534
462 1411
466 3256
126 1033
111 4588
180 509
470 1292
181 4233
472 3792
464 3913
316 1319
302 1195
278 3640
404 3119
350 1994
400 2170
295 2630
108 4374
201 295
426 222
122 4716
195 4308
58 3748
292 924
268 2294
463 1570
379 155
209 4512
345 3819
458 4590
72 3440
328 3229
217 3489
338 2614
312 4722
21 1408
363 2983
445 4983
183 4434
136 1211
343 4452
351 776
59 426
51 1353
29 489
359 2436
7 2942
458 1504
420 4834
422 3998
65 3145
81 1316
463 4260
32 2162
165 1136
42 229
2 2987
303 652
320 871
423 1389
292 2025
9 2647
75 1967
119 3351
188 3686
23 1768
234 1216
425 3906
179 4116
167 1223
287 2673
56 2926
239 1797
258 3279
351 4154
150 1919
60 3319
472 1934
61 3691
453 4563
214 4398
370 2046
57 4554
456 3214
324 1847
200 53
399 4659
333 3126
353 4005
32 1381
171 996
213 200
412 3773
216 2108
403 559
18 3981
30 551
103 3643
73 479
333 2396
325 3770
142 4526
184 596
212 4093
402 2048
443 3122
252 4977
398 379
281 4626
7 4453
23 51
274 4655
376 701
298 1451
465 4110
283 934
332 2921
467 1549
109 3899
230 4924
393 2815
379 672
234 4170
289 4150
462 3954
211 2655
335 1394
75 1935
144 3939
177 2965
271 3518
386 3519
396 626
67 3116
441 77
389 1508
409 4749
23 2953
89 2745
95 1408
175 3283
40 356
337 938
5 3993
409 2443
23 2198
201 3697
177 2940
328 2114
303 3615
394 4698
78 159
219 2354
6 525
338 4425
224 3563
325 4706
58 1054
37 3638
235 3363
384 2540
258 789
139 3775
286 94
210 2519
446 2270
394 751
347 4682
181 4345
204 3201
220 3875
345 2489
169 3232
213 2338
93 1125
380 3576
454 1477
46 1697
194 1229
447 4227
257 2096
2 3470
346 3755
393 270
459 4790
192 1156
75 2325
285 2368
105 4766
183 2564
446 4301
133 3333
359 2688
134 2092
365 3281
323 813
122 378
39 3656
175 2514
314 1154
396 736
131 1652
142 4149
49 2634
155 2283
428 4107
455 3966
419 119
273 222
266 4056
477 534
18 2661
424 4081
374 3439
70 744
196 1277
121 381
462 6
417 1630
466 3557
259 1414
322 2992
376 1129
22 1247
297 2387
47 3891
186 615
139 4009
466 3993
111 1878
136 743
313 2542
217 475
399 4828
191 554
439 2244
21 2793
39 2802
366 355
145 3442
406 523
163 2530
400 1831
56 3036
349 2063
407 2454
32 4608
156 216
428 4747
47 4225
104 36
247 3153
270 1364
268 4135
17 1933
72 937
484 2157
108 2267
292 134
317 629
398 4445
454 2379
161 267
422 1969
32 2496
39 2092
248 2714
425 4153
414 3613
312 3445
142 1162
219 192
429 2343
229 2251
44 3262
57 3321
84 3762
91 1267
283 597
328 1803
242 329
156 2541
202 4767
24 981
317 4040
316 3787
451 1326
464 1334
35 1615
274 1369
187 3424
126 4530
78 3948
355 2895
122 3531
109 1283
432 1921
245 1544
181 605
477 2957
469 4488
96 4699
72 3260
362 1267
473 1000
74 3274
31 49
271 2943
197 1672
270 1414
135 388
40 2096
89 82
271 1832
312 2945
459 3926
284 421
77 2666
313 4709
45 2283
347 4013
290 3296
60 1368
364 2693
342 1217
191 3765
336 301
77 84
261 729
273 4093
33 4846
388 2977
160 88
396 1560
59 3958
263 2179
217 1786
85 4316
100 1131
395 850
300 4020
419 4846
238 1947
16 110
452 4692
205 3352
245 2135
190 877
382 60
128 4815
324 3590
400 2672
156 3891
304 3309
117 1974
444 4345
150 4422
8 3112
117 1562
349 170
235 149
96 1842
182 1478
242 2030
149 3592
169 2907
45 2191
332 4475
305 2102
75 607
252 3721
136 1869
285 4703
222 3479
442 3387
105 1052
47 2172
171 986
155 2767
271 4274
169 3310
135 2520
2 2781
39 3571
108 4395
470 4349
316 2799
239 3739
217 2350
3 3486
170 4997
372 2979
74 214
446 1662
298 2602
61 4150
114 3831
349 4471
271 1948
289 210
383 1689
247 3511
4 3168
359 4462
266 4323
361 4567
145 558
82 4560
169 208
398 4639
127 2783
283 4962
413 4532
154 3326
106 1698
39 4143
132 266
318 4070
167 2760
153 3043
463 685
469 3266
479 3196
33 1948
108 1393
359 3733
405 1164
198 3953
374 3058
65 1996
18 2042
313 4888
476 653
101 2750
267 2571
50 4699
358 183
343 1381
147 4584
236 536
10 153
133 3202
106 1140
74 2003
312 79
202 845
288 3938
201 4341
2 2243
242 1866
381 4126
285 495
465 2831
387 3388
64 2639
76 3393
24 1681
273 2985
60 3170
346 2776
379 2244
82 4038
103 822
273 1861
41 192
373 724
91 4229
198 496
458 2554
373 4015
24 3385
404 3498
248 28
313 3938
309 3021
329 4598
340 517
122 2702
364 1810
99 4876
288 2101
166 4895
194 806
110 203
39 233
462 3748
201 4224
275 4651
12 197
212 3112
472 3043
460 2863
466 1879
322 2393
159 2395
183 1284
377 566
280 21
433 2003
276 724
222 2801
89 2962
238 246
182 1991
100 4951
394 3085
141 3838
385 2274
100 1719
82 3982
164 62
40 3641
428 1852
393 536
470 4021
4 1493
2 4000
366 2499
229 3674
351 655
444 1744
455 4216
199 3910
94 4619
214 143
50 268
446 37
179 1903
464 1243
198 1949
400 4288
330 3666
186 3961
96 1491
4 333
419 1185
428 2129
300 3016
220 1777
452 437
352 4726
153 4572
171 2509
33 2936
299 1925
334 3307
231 3249
98 3628
337 4961
336 2551
236 3859
324 4247
77 3424
371 2081
421 3426
287 4429
68 4979
479 2543
427 1573
81 4317
191 1551
324 3199
44 2863
449 4497
141 2496
326 4959
465 355
182 1154
199 1976
452 4878
67 2926
209 2296
5 156
195 1349
37 4350
325 1632
196 425
347 1053
244 3064
102 290
236 4969
6 4037
261 4215
448 1682
419 2618
307 4281
240 3134
426 1754
177 4008
337 3343
106 1322
395 18
63 1935
280 1791
342 4418
195 3501
144 1312
281 3845
455 3067
84 4214
297 2919
324 323
337 381
272 4303
173 3253
275 4473
245 3850
473 2241
82 2520
408 3072
341 2389
352 3881
117 3847
452 1548
389 4290
351 974
446 1118
376 1664
39 896
187 1752
404 2786
133 1845
424 636
229 3285
301 2596
53 4532
160 1750
338 2042
466 4247
55 4757
105 3341
208 3047
116 999
391 4087
86 2208
337 2735
67 1247
222 4306
478 915
131 4967
329 1763
238 1654
59 2053
65 4216
463 2500
156 4052
389 1025
69 3010
147 4317
29 2094
382 3967
13 3781
93 1909
462 1718
274 1210
64 2024
283 1800
16 1292
336 1275
365 1057
39 4884
484 650
66 3110
175 993
210 2165
164 860
267 3424
284 4510
46 4331
446 3445
33 4409
399 957
451 4846
349 1498
471 2696
448 2967
414 1248
54 4553
250 2796
194 3681
434 283
105 3885
123 692
21 3220
468 391
280 246
109 3116
238 4642
443 4059
122 2398
383 4759
25 2991
314 3640
175 2355
391 1086
93 1199
190 1473
78 2444
365 4490
247 2520
316 4651
258 193
444 585
90 581
248 3282
257 1856
104 126
236 4837
328 1763
170 3530
366 1147
389 1980
79 2771
242 625
475 932
282 4707
417 1210
359 93
314 14
436 1221
400 2109
386 4351
355 3209
149 746
479 2831
436 3672
48 20
478 794
32 4166
47 58
158 2555
29 1870
193 3626
17 310
244 2858
151 1799
398 669
306 2931
115 3002
107 384
282 364
374 117
434 4998
55 2507
368 503
367 4752
101 2132
399 4594
279 3443
87 4320
299 920
248 186
188 258
273 2078
333 3337
395 2977
199 2123
192 1965
230 3288
469 3777
304 2045
285 4681
406 4480
248 2296
124 895
479 4809
473 4517
373 2366
97 2275
233 769
437 4049
65 920
237 800
362 2297
465 1295
157 3171
469 3002
231 3538
355 3061
116 2768
99 3277
36 4538
158 1800
17 2922
330 1300
326 3235
302 1944
268 4957
477 4019
453 158
476 4805
69 435
24 606
20 4271
413 4069
411 3691
180 2177
416 3718
106 890
228 3893
188 1395
472 1529
166 3202
431 1662
93 4909
112 848
439 2368
269 458
173 3155
164 26
280 2362
432 379
130 540
363 3907
58 3281
463 1750
46 1431
452 821
254 4584
185 4609
239 4009
182 3642
385 2130
297 3754
340 4630
180 3223
322 3361
8 701
10 1567
383 3563
275 3815
102 3496
451 4576
8 761
295 3740
78 3798
49 3529
219 290
245 3898
215 1723
345 3597
302 4004
92 2292
264 2112
322 1341
163 4190
97 1435
339 3910
379 182
444 2884
343 3987
10 715
454 278
138 4318
190 3067
239 712
410 2359
253 3297
118 4402
260 1323
124 993
6 1401
256 2861
307 3855
48 3138
374 583
429 753
359 634
265 4063
198 3529
96 2922
317 2857
293 4060
466 1843
156 2375
16 1077
471 3964
451 1505
158 880
250 1518
476 3975
341 1316
159 3325
391 1535
302 2473
465 1486
411 2893
345 1266
213 2655
230 1769
441 662
469 1471
460 4963
364 1129
14 3212
276 4087
387 4103
316 2102
444 4728
7 3203
353 4554
390 3134
109 4325
466 714
386 595
389 4303
313 2893
52 2299
178 3813
85 1310
124 1157
293 2448
316 3535
328 1973
393 1378
188 1245
240 1479
179 675
40 4225
241 3554
129 3965
92 2950
127 589
294 3949
50 4287
167 4182
48 1608
334 3289
292 600
309 2827
133 1541
145 3223
319 1798
481 3191
344 992
241 2038
57 3520
154 4061
408 3822
9 2682
104 1309
372 2895
458 1772
125 720
380 3874
284 1782
176 4916
397 142
258 4124
213 3692
9 1903
253 4756
481 2418
86 3315
46 4794
