846 846
217 984
171 1731
15 2061
15 3661
17 3065
337 4699
404 1106
382 1370
342 3322
87 628
375 4796
99 2698
113 1347
256 854
414 4058
171 2452
414 3477
306 4616
368 1152
48 649
110 3496
224 3293
343 221
129 412
40 133
147 118
215 2747
224 4787
139 1784
320 4241
142 4703
194 411
242 3145
416 827
391 4082
19 4246
152 1989
284 325
224 3493
282 3685
162 2913
144 1552
12 2058
260 127
361 4117
101 2832
339 1160
368 1666
160 2006
340 2182
199 3468
153 592
285 4855
32 3934
80 3699
404 4524
4 2990
365 893
411 2121
227 3016
134 2015
39 3357
208 1966
57 3382
28 2460
268 4422
30 1724
15 1004
163 2974
29 1058
26 1381
4 289
302 3033
33 4525
215 178
170 2083
53 4991
349 2856
47 2849
84 1417
87 2487
310 4696
402 4034
183 490
221 4201
166 4918
418 1082
11 1607
119 535
250 3403
38 3841
399 3761
375 2876
3 4283
215 459
291 4067
117 4812
143 1791
367 3142
84 598
252 4998
17 64
186 4330
96 3294
335 2396
103 1554
373 3161
268 4943
99 84
252 4453
204 1761
45 4928
261 3315
1 3278
180 504
111 179
9 85
120 4255
278 4425
362 3478
306 11
166 509
363 423
69 623
348 1165
303 2087
13 3711
220 3737
161 1854
151 2382
363 1102
163 4270
336 424
177 3003
13 4364
138 3609
262 1636
209 461
74 288
99 4564
267 2061
54 3583
44 988
172 3436
222 1403
258 751
181 3206
278 1663
155 2099
194 3584
93 1248
72 4638
27 451
261 2536
381 4480
286 3897
6 216
378 2402
215 2071
166 1152
250 2158
217 1585
394 2311
36 4412
307 4266
6 771
56 2739
166 575
388 4430
369 1560
190 3815
199 457
248 630
353 1562
237 1647
276 1068
217 3692
104 556
261 3442
262 4413
35 4597
138 2317
45 4233
401 2182
41 3699
139 4493
271 1408
172 478
409 744
301 4810
266 491
143 3202
181 1733
272 138
200 517
283 2731
372 1610
296 3630
171 4662
76 2948
394 2068
210 4535
177 414
388 4328
345 4961
133 875
73 2465
82 1132
313 706
216 559
158 4673
189 598
393 4927
250 697
380 886
119 1827
169 4789
70 607
80 4553
27 3918
16 4468
267 2507
207 1640
388 1282
30 1720
82 783
4 4057
144 542
198 2840
159 1146
350 1412
390 2352
46 3329
201 624
368 350
325 1542
9 2055
287 2256
219 4300
126 4160
263 2016
139 4212
161 3697
342 1885
11 3308
401 944
296 3903
209 3262
178 1802
221 532
253 1277
394 1980
384 2278
318 226
413 3405
120 1660
174 2582
292 3002
410 84
11 2478
297 653
195 3387
322 4557
414 4610
65 2145
166 832
323 2152
268 1219
84 3468
350 2067
32 1743
306 67
154 2233
393 4637
410 543
383 644
380 1374
148 1798
250 4630
34 3102
295 2897
161 1419
274 2137
219 3773
112 3340
235 1496
363 3831
268 3267
162 2129
108 3244
55 2358
250 3559
1 4692
132 122
347 4235
202 3299
328 3362
30 2904
388 3232
420 2869
245 3599
365 3664
173 4455
324 1169
2 4042
115 3929
217 1511
328 2668
292 4029
9 4158
141 3648
118 923
318 2033
223 2454
273 2916
220 488
225 1909
165 146
159 296
283 729
366 1810
65 2202
227 1893
328 1526
156 1369
333 3858
200 4108
338 1796
86 2822
297 2979
142 2217
320 4049
112 100
354 4548
119 1222
221 3957
382 2445
165 623
353 447
391 799
366 1126
372 4338
163 2582
305 4814
61 4997
45 1679
363 2663
98 2589
33 1843
28 1872
397 3051
328 1400
107 4474
175 2930
96 1569
133 4882
219 147
149 3245
63 4067
385 1293
234 4575
260 703
333 1665
197 1038
115 1846
318 2396
309 4452
92 3387
415 826
297 4079
175 25
298 205
373 2456
253 4063
239 4020
103 1866
378 1682
142 1765
230 497
165 413
63 312
390 3371
318 452
119 2203
152 893
81 3668
295 3163
263 808
106 4366
11 1714
252 3893
263 2916
20 1825
387 1512
78 4872
31 2568
213 3079
185 110
310 2040
147 3284
235 44
283 796
20 2488
351 3910
161 2708
57 3548
233 267
269 4343
283 3410
157 3118
93 4878
32 4794
142 536
174 569
74 3281
29 476
33 517
265 2869
219 3151
254 4260
359 2704
299 2550
52 1209
147 1406
215 4402
296 2995
193 3185
280 1432
312 4341
13 4584
63 4714
167 2138
229 2695
89 1806
250 4893
111 4696
125 2444
160 2058
94 157
248 3995
62 1618
252 2177
84 1863
356 4208
12 325
291 4710
399 3020
244 2102
197 2952
264 2484
130 964
54 947
270 3683
181 3164
38 4851
148 1859
90 3161
49 3744
267 325
377 4706
407 437
3 2852
420 4389
240 1378
386 855
294 255
171 712
388 4756
22 1082
284 3823
154 3897
35 1821
304 2094
146 1112
358 697
205 2934
122 2139
131 4775
336 534
114 2949
251 1032
333 530
422 2569
375 1205
190 3805
199 2968
128 3365
257 4199
17 4080
277 697
3 3976
226 4329
61 1316
354 3971
249 3480
393 1031
48 835
296 2015
225 4244
243 4054
16 1703
377 3155
20 4698
203 3802
11 4442
106 4975
3 1943
322 2660
112 2619
361 3108
268 397
239 423
244 1951
413 1487
231 3024
162 3104
403 1072
304 4249
330 4444
72 1620
358 985
147 2359
318 809
304 1339
220 3800
288 2978
152 681
306 1834
225 1209
363 4736
276 4307
330 4162
121 1444
132 3129
125 683
191 463
152 2248
95 2112
63 4527
142 3628
269 2501
276 1066
113 600
217 1763
51 2398
158 1292
282 3779
14 3994
408 297
134 4102
293 3157
13 2384
270 4549
162 1689
346 1479
52 256
13 1629
338 2974
312 369
248 2900
31 370
287 4759
298 3130
355 195
275 4236
203 4499
411 887
338 3698
390 2568
68 76
352 4308
236 405
65 3738
259 3000
116 195
313 2930
109 1013
410 139
184 3741
359 3587
125 4972
227 2717
186 14
221 2659
186 1380
255 3713
106 1840
281 1148
355 1133
370 3070
397 359
28 694
209 4884
113 916
393 2722
210 1406
324 2336
311 1377
219 531
177 1158
377 3572
84 3437
368 575
237 2236
416 2133
23 1558
286 2944
192 3278
122 168
66 1937
256 2515
4 1223
60 1996
331 934
344 3594
9 2398
369 2589
141 4059
320 4445
251 1189
215 3003
147 1103
69 4355
153 1363
360 2229
317 4683
192 830
214 2607
220 3191
53 359
407 2885
242 3995
99 4090
24 2575
325 448
412 66
327 4352
358 3403
195 1459
56 3647
87 1983
161 145
93 4193
369 232
98 3014
210 3651
86 2748
95 3107
55 143
79 1608
209 4071
75 285
224 4744
252 3555
355 4958
359 1336
402 237
37 4094
102 1943
215 2671
244 3826
148 4285
361 642
221 2273
181 2332
17 2118
163 1863
161 4094
162 305
73 4658
144 1317
394 1614
390 756
335 4237
79 3364
357 124
324 2620
294 4500
205 1130
404 4181
4 2085
241 3661
422 3682
61 3660
43 4826
79 809
404 3431
211 2110
329 2682
12 2887
89 2239
33 1967
129 4832
103 3417
343 1469
291 1208
11 2033
359 1523
121 337
412 1916
165 4114
359 4596
300 1163
315 3826
416 4996
259 674
176 1384
141 1068
358 4491
360 2296
76 770
292 1088
49 3057
362 4439
192 1171
175 778
76 1838
357 1743
317 1298
72 2343
188 1708
292 800
79 592
193 2906
307 2585
9 2183
248 1266
5 2440
272 227
14 2683
286 1795
365 3877
402 4247
210 713
205 1976
99 2669
314 2444
115 2409
235 2219
182 253
225 180
171 1832
145 94
30 2990
150 4043
195 35
74 4860
33 2988
328 223
45 2001
144 1132
190 1575
65 210
52 4659
212 1746
97 4669
149 2700
222 1721
308 4368
29 2595
164 2730
227 3470
30 1368
139 3092
396 2443
246 3967
161 2922
3 2352
67 3321
37 3837
201 257
36 2183
233 465
417 331
3 4467
125 3945
385 4606
301 2570
381 3455
91 3262
386 590
393 2472
83 4369
421 2647
271 1809
44 3585
139 4933
287 1220
194 3445
273 2659
264 2393
71 3340
356 641
420 4943
413 3002
87 238
301 2911
117 296
316 1941
84 4366
356 436
88 2683
209 2652
414 1423
253 3937
304 1127
302 4936
68 1585
361 1457
181 2032
183 253
375 3678
359 4114
1 51
190 2810
57 4916
241 3764
318 105
220 901
114 2527
88 2685
358 4567
46 1374
385 263
292 156
167 4442
178 1359
298 4155
340 754
366 476
281 1494
152 596
6 579
153 3329
399 3304
31 4748
391 3310
261 440
295 1204
217 2374
244 4504
293 4326
414 1137
334 4217
319 2061
180 1161
