621 621
210 3086
39 2332
76 1288
148 1732
189 1068
158 3032
33 1408
124 524
245 1981
158 3800
65 1304
263 2203
11 2219
87 4461
125 3923
86 2811
86 2802
58 4536
249 3407
33 4132
85 4696
120 3803
214 629
229 3493
126 3693
149 3835
97 4160
128 3016
259 4443
139 339
23 1320
296 3046
211 2825
208 2902
194 4985
15 1973
230 2771
158 1937
174 679
243 386
46 586
83 3114
166 4702
40 3058
257 4820
51 4692
172 1264
199 2803
195 4224
302 4649
183 3038
22 2525
186 762
128 2416
202 4189
229 1239
235 437
204 874
55 4417
176 2379
259 857
169 1707
84 3278
125 3491
17 1808
144 2181
57 3613
12 2586
13 3805
238 4191
255 3272
15 1754
262 4221
100 2513
235 4963
123 3998
217 3823
221 2970
141 1432
246 1489
17 2734
265 486
277 4035
204 203
74 2171
200 4771
120 615
182 4255
134 4148
237 340
103 2392
80 3805
104 1998
181 4984
259 177
269 2996
176 346
108 1687
228 1228
287 4289
43 2219
40 2277
82 3373
178 3322
125 3765
187 4236
213 3399
170 4778
127 1372
248 368
305 2716
291 2303
206 4597
150 3962
286 583
241 2681
22 3831
269 2053
106 3103
176 630
162 3016
147 316
215 2254
78 2695
287 3099
23 323
115 3272
47 380
165 3411
120 3404
282 189
100 4567
201 3221
30 3647
155 1486
270 4351
253 3188
62 2325
142 842
154 1711
171 3766
298 1916
258 4495
204 113
177 2996
122 2650
269 2390
146 1255
40 729
85 450
139 3848
2 1176
233 2731
268 3454
254 3225
26 4641
45 961
274 1751
165 2077
261 2711
106 4233
92 368
203 3348
134 2456
141 2291
185 811
221 4099
216 4708
44 1694
178 580
238 4196
59 3134
52 3631
88 1030
31 4003
166 2145
160 2882
218 1888
286 3867
36 181
64 514
198 2198
194 3150
286 4108
26 3865
303 2121
258 2332
144 3314
22 4804
167 189
207 1085
48 1758
4 4207
247 3854
178 2790
113 747
68 1931
291 1127
34 2988
178 367
186 2424
75 83
12 1659
111 3241
97 4352
20 4331
49 2956
68 818
205 4742
76 4890
56 1394
207 1830
298 2808
268 421
291 2611
293 3470
242 307
48 1771
199 1665
178 959
209 3267
154 4365
280 4902
146 4351
235 2262
177 2999
155 2390
167 1112
256 4353
83 1372
240 3997
195 640
91 1355
193 880
183 1507
223 3478
169 3917
107 438
39 4423
69 2144
170 1671
117 3209
100 2133
181 761
219 1686
208 4500
270 4323
217 164
88 2847
176 3942
21 313
185 367
264 1811
189 4647
108 3020
305 3196
99 40
58 3983
216 65
218 4785
232 466
5 4646
103 1045
241 4712
180 1428
152 2801
162 3915
298 3566
153 2357
26 2409
121 900
30 3718
299 2245
139 726
89 3941
280 2483
86 2135
91 3542
302 3555
176 4739
206 1702
135 392
291 3286
280 3692
159 3794
261 23
80 105
153 3694
257 132
299 1380
106 294
283 4471
12 1643
25 4739
40 282
114 4167
270 3018
46 950
181 2846
71 2818
289 3815
1 1282
198 1803
198 2798
25 1165
84 3725
198 1698
1 4369
163 427
19 3150
200 661
154 2845
36 2802
34 1660
33 316
80 4806
71 123
168 1206
154 4845
86 719
193 1258
155 3022
122 2952
148 3913
165 2992
113 2712
245 3285
243 3671
152 3781
297 4682
180 1400
248 4477
102 3315
188 2789
270 986
204 3790
270 799
99 47
69 3336
24 1868
2 1490
67 1884
138 2074
287 3595
32 208
200 693
55 587
132 2593
140 2376
244 3432
290 2161
214 1228
140 1474
262 3810
234 1100
198 776
46 3826
104 1257
277 2361
91 2731
206 3954
55 249
10 3282
287 880
181 63
259 867
237 3736
241 3467
22 1597
34 639
160 1399
159 4504
234 1136
283 4701
186 2448
52 1011
292 1394
15 238
269 3355
162 1891
184 1792
40 1385
5 4769
129 4859
190 3354
108 2494
217 1923
51 3828
42 3806
305 2013
264 3534
155 16
67 2542
274 3827
44 659
172 4500
106 2662
187 405
192 4458
169 1742
81 1305
262 4145
249 1236
302 24
105 4122
68 1960
34 2099
293 2441
260 3022
86 4935
175 1056
162 1784
268 4449
137 3345
109 537
166 3741
28 4136
300 4702
199 1505
194 4944
101 3196
145 3006
255 3220
95 4969
132 3281
28 1477
52 1567
91 4460
79 478
113 4122
76 4546
131 1017
228 3896
161 1422
10 229
10 4700
140 3017
271 2236
226 4247
262 2023
12 391
27 4851
227 2245
254 2083
41 4974
151 2204
179 4702
16 940
157 1240
260 3483
11 3980
151 884
201 4007
84 3309
137 369
127 2032
67 3330
83 2657
305 167
245 2540
74 1917
123 4770
169 2096
189 843
310 4667
144 3537
279 1377
251 2976
171 3331
111 2801
140 4983
60 271
49 4214
54 3074
225 3075
83 2504
292 3433
254 881
158 943
63 2609
71 1531
104 2368
146 1672
55 1883
296 1133
75 2244
245 2047
96 999
301 3591
64 4588
32 495
188 789
265 1001
197 4284
52 546
187 2931
138 913
121 3555
204 3038
185 4013
235 2868
276 910
183 2060
265 2805
1 4574
235 1077
282 3181
302 4483
287 328
128 1469
177 797
128 2019
271 1799
285 949
36 4740
115 3474
244 2686
36 2559
141 2464
50 3468
51 1599
273 4046
41 4090
223 3234
180 534
254 456
202 2350
176 3858
134 4627
254 321
76 947
190 3054
69 868
114 4215
11 4609
28 349
108 4679
239 2801
95 2941
80 310
105 1095
94 2888
43 4288
297 331
215 4433
281 407
108 2059
143 1342
198 910
291 267
292 563
256 3954
54 2108
219 244
36 88
262 1459
291 1734
273 4043
178 2664
42 1105
219 2915
35 4340
18 994
216 4456
18 831
292 2244
201 2523
23 2104
134 1907
267 835
229 1656
2 1659
6 1791
246 169
246 56
67 8
185 534
187 3197
40 102
243 331
236 4359
186 4028
182 2277
169 1998
80 1414
150 811
44 3203
93 4030
226 4235
270 4232
235 3904
161 3785
134 1930
178 591
123 4960
249 3001
19 3741
16 3789
106 4507
310 4115
50 2437
212 3876
231 2869
265 3009
86 387
272 2388
216 326
83 4991
308 2908
87 3837
270 1481
119 1822
116 1349
285 2394
102 3843
15 4943
287 2880
145 4902
189 2395
198 2690
256 409
