495 495
229 2431
195 4158
137 3531
194 750
220 887
161 2666
142 18
81 3534
151 3707
138 3067
112 1879
211 2297
148 4439
156 2407
239 3986
13 3226
169 1834
54 2208
239 1178
14 4415
68 3778
14 1038
145 415
118 1232
101 2618
123 2727
160 4654
44 3727
197 905
47 4657
127 3714
237 160
223 4656
208 1286
98 2420
195 3545
70 3027
101 280
140 2965
209 4901
26 246
157 2663
119 4076
181 2534
72 3169
119 3854
135 3077
174 2269
246 337
101 64
46 985
26 690
109 2070
116 2807
168 3894
156 3442
34 1636
146 2665
220 1514
14 175
91 561
245 826
33 3907
92 3146
131 1818
180 4068
169 369
99 1913
149 3188
188 1873
112 815
145 216
23 4715
162 1380
18 4091
41 4038
71 3781
243 2385
214 935
22 1548
157 764
76 4604
153 4359
145 2268
106 585
194 3063
38 4771
172 4181
173 3946
70 705
181 1055
5 3081
9 3131
190 2972
107 3250
16 2919
105 1743
42 2895
227 984
122 1751
216 461
168 4618
56 2106
207 4700
163 3035
149 2264
156 186
204 3404
85 1702
69 3402
186 1908
147 384
87 4500
171 883
241 1725
137 2079
38 3168
91 2435
175 1557
4 3309
117 246
192 2240
46 2309
106 2279
190 4004
189 4191
186 4756
103 523
213 3144
3 4265
123 4665
164 3797
87 1091
119 3635
150 3058
5 4634
138 1200
69 4060
216 2317
108 1423
75 4490
205 1441
226 276
155 188
99 2977
202 3655
192 692
14 1507
214 3163
27 3932
61 4719
210 4155
74 2061
173 3131
234 1939
92 3362
176 2281
147 3213
147 3129
239 4871
155 4107
74 1616
239 1123
167 3157
94 572
171 605
44 1874
29 1602
51 2279
78 1430
80 912
37 1135
224 858
100 1233
189 4366
223 2656
177 1830
231 2618
138 3502
108 3482
119 659
193 1322
218 268
1 786
110 3464
1 276
168 968
93 4647
177 1667
42 3154
115 2772
130 3958
28 2334
113 2083
236 505
98 4452
11 2910
177 1695
13 1542
149 4917
113 1236
13 28
4 1327
71 326
49 2050
89 1135
76 1322
145 4580
189 3182
177 2790
100 4813
34 1150
230 3427
21 4967
246 5
81 2661
125 607
78 1868
93 4894
168 4984
114 612
236 2267
193 355
212 1464
137 3794
130 4235
52 2827
101 1376
198 804
131 4015
177 4548
100 1822
37 697
72 4661
13 2597
19 4702
216 4455
6 3028
121 3568
232 2446
81 427
128 1535
151 990
150 3065
21 4679
194 292
205 3229
132 4048
137 4701
170 1621
151 2837
200 706
172 919
88 2090
238 3820
70 1002
81 3102
68 2899
36 3153
100 861
176 4371
168 4413
39 1433
86 1425
153 1167
92 185
214 3955
230 3658
119 4110
71 4787
64 4054
71 1295
19 1230
6 2689
47 2061
95 3709
28 3265
61 1228
37 815
203 4531
215 2730
102 4745
162 1863
135 3047
147 4100
105 1527
83 2186
72 4952
10 4979
166 1026
2 911
72 4198
35 2663
173 429
91 1970
226 4538
175 636
109 2250
236 2302
90 2834
47 3675
38 3267
203 1770
79 2697
170 2475
105 1739
176 4600
166 3624
139 1810
247 3592
130 243
105 948
206 4391
58 3832
84 2299
23 4085
167 517
7 4269
15 4433
160 2015
47 3585
221 4161
29 3018
210 342
197 3821
237 2190
49 951
101 3421
147 3952
226 1427
112 3698
163 4982
31 4333
95 4747
153 2097
120 295
219 3401
242 1615
55 1146
202 1210
81 3273
114 3307
224 3799
187 2947
58 1735
57 3700
100 1275
144 698
209 2633
97 4638
72 3529
184 3132
4 2055
182 1617
92 4271
161 2543
19 1483
98 4649
41 825
185 1354
33 3542
47 3015
148 3910
113 1608
73 3467
35 4286
47 2715
235 3952
233 3736
8 4468
144 1852
224 2239
125 1902
136 2579
92 388
76 3834
186 3590
26 3700
214 2921
207 496
86 3445
75 4146
23 4358
222 4748
116 3516
221 3118
193 2877
143 512
19 2953
158 4239
67 4684
217 3523
132 4567
222 4505
69 4049
226 3501
168 1749
175 3791
154 615
71 2524
195 813
231 3791
126 329
127 3105
112 4
242 543
83 1905
239 1068
128 1240
247 73
218 914
107 153
41 1353
185 4838
172 517
235 2105
216 3381
137 3274
195 3789
243 811
125 938
134 4564
10 549
222 3050
32 808
81 4035
142 43
218 2051
166 3340
180 2332
195 3598
76 4244
214 3657
158 260
33 1656
232 4594
124 454
199 4118
20 4438
219 4283
12 2398
229 1979
136 2485
7 2730
187 2632
164 1716
40 442
243 750
51 4091
74 104
37 4441
38 2970
72 900
55 3083
98 1460
91 79
119 4311
196 2996
236 954
114 612
188 3504
53 4974
26 1656
116 182
51 2080
165 1331
10 238
125 2399
91 3371
231 4915
19 1601
149 2601
28 146
107 3934
157 4258
103 136
200 422
127 387
99 1695
81 720
168 4272
216 2936
141 3662
38 2400
25 1447
8 1027
177 3566
77 1024
231 1808
191 2451
212 842
185 4685
100 1367
13 3516
43 3795
