963 963
419 3127
35 1936
426 376
151 573
289 2243
1 2647
430 4155
243 3959
316 250
323 2728
2 2891
77 1336
468 3582
26 1022
385 1163
97 4837
324 581
131 2881
252 3715
444 2019
110 8
436 1416
353 996
166 2872
169 1205
408 4920
178 3550
184 643
313 2968
14 445
330 2042
353 2956
69 2860
345 672
312 4118
199 3311
238 2371
21 41
284 4044
37 1485
210 2256
259 901
74 2587
24 1410
210 963
394 4223
168 114
89 4607
461 1031
26 863
321 1154
302 4793
55 3627
113 907
296 3190
217 2137
287 3741
65 1824
289 189
143 2826
129 4497
316 2386
465 4987
388 2831
339 4243
9 2233
419 1082
31 4171
86 4689
151 4315
323 2571
266 1176
376 3418
132 3823
66 2735
174 1548
462 4596
162 2152
25 3116
132 2478
450 2367
155 2123
182 1907
428 1039
442 2960
354 2833
309 499
321 818
393 2879
383 2772
358 1044
178 415
182 3740
326 3825
235 186
251 2664
395 4162
9 2962
425 1059
467 278
437 2245
23 2398
461 2559
72 438
23 4682
205 1231
71 4387
158 3219
371 604
428 2519
298 3418
144 350
330 3346
207 1325
352 2316
311 1315
297 923
108 4476
268 4968
168 4022
98 3891
194 2957
87 1209
405 3584
416 1878
303 983
378 3188
375 2175
276 1833
456 2917
429 1487
161 3277
135 1827
75 2120
193 2219
392 2869
295 3674
137 4789
254 240
248 444
366 1027
472 2671
26 3538
432 2618
423 4992
7 761
408 4872
247 3355
286 1663
248 3700
177 2695
426 3028
52 2435
391 223
184 1554
256 1588
58 3917
232 4434
450 118
110 2723
14 1453
120 1290
196 1273
261 4675
233 1130
272 2351
66 1544
429 482
222 2150
201 3263
334 2917
54 2840
209 4642
332 4301
319 169
333 3744
173 4370
41 335
83 1851
307 847
165 4919
318 127
170 1294
34 1558
200 1704
70 4038
465 4564
61 3948
309 4162
422 4654
293 2101
189 3204
317 873
266 4843
447 2758
481 2571
360 1492
358 1612
24 3085
6 3764
72 4376
168 3467
182 4716
449 3041
412 2386
432 4560
216 1044
29 2571
179 4017
104 4813
272 1076
52 985
243 85
452 2555
422 4650
458 4348
410 3654
123 2284
448 3257
82 3541
377 2465
254 1997
417 760
340 3972
115 728
465 857
178 2546
44 1818
102 1059
405 4893
441 4489
472 3068
234 4633
434 2336
102 1706
322 4353
57 2232
359 4891
36 4662
300 10
119 2795
409 4684
124 2830
282 2042
56 4849
144 474
464 3910
158 1433
297 3622
135 4195
243 2416
225 2888
210 2320
253 1886
337 2289
303 4405
436 4077
103 3530
297 1843
437 4218
139 2988
291 834
450 3851
355 2576
206 3389
302 4800
335 57
186 3304
67 1103
383 1453
262 4921
107 2329
57 481
98 4925
335 46
227 3971
97 462
29 2588
108 1435
230 1172
325 409
355 1580
359 2542
465 4746
266 1364
81 4300
416 2390
295 3728
34 2825
192 342
359 4324
281 1406
172 3325
424 2081
90 2893
127 4020
2 4011
367 2742
311 1758
295 4231
88 121
374 1134
374 3493
79 4592
261 1773
101 1643
241 3252
21 4752
42 3776
74 668
49 3484
208 3278
152 1045
443 1827
353 1193
309 2348
36 3212
43 360
213 2758
470 2747
24 3415
450 2622
292 3964
394 4952
69 1823
332 305
345 3837
13 2779
311 2858
196 895
36 4760
275 1507
65 4283
67 345
26 678
449 514
399 2821
109 780
231 1197
132 1541
28 1954
36 1240
11 3056
274 952
325 2103
227 4545
272 205
404 1674
275 3148
116 458
77 816
155 1084
261 2971
151 1432
8 3079
190 2146
310 1305
451 4107
49 1549
368 3768
257 1598
184 2801
94 822
253 2327
416 2009
316 4317
247 3200
311 1191
288 1067
105 3350
318 3602
234 1641
229 1641
245 855
13 823
386 972
274 3309
160 4694
275 3510
280 2845
46 2575
460 3069
416 153
141 3703
96 4330
462 2963
299 1514
41 3670
169 1422
163 4789
133 4209
244 2786
471 1635
188 2710
139 4146
241 1859
405 4884
319 3609
3 1253
339 3969
189 1657
400 2803
478 536
103 4256
274 4758
83 303
280 1831
94 1542
18 3040
89 3945
375 2916
100 1913
40 4781
438 4829
409 2060
462 4717
408 3818
112 1786
372 4138
261 1424
343 3672
135 1562
181 2603
109 724
330 2356
254 4325
196 3905
169 4211
251 1087
326 2688
360 2495
9 4787
367 2147
260 431
47 4710
166 3139
307 2497
446 4200
447 3669
90 735
176 3032
138 703
77 1702
23 2264
416 1043
215 1839
39 2191
424 4122
343 479
337 1153
95 3465
466 3091
155 4241
359 517
324 4606
422 2253
415 1854
460 3560
271 3698
350 869
409 3700
404 2040
256 2282
130 3846
435 2065
354 2707
241 3071
346 2789
453 2695
402 4886
354 1059
322 2016
12 3122
229 3413
347 2784
153 4203
84 888
57 4783
169 1018
384 4351
19 413
463 1765
209 3543
15 596
145 2891
14 4117
152 56
403 1949
252 3276
224 4433
71 1123
339 201
82 4269
107 1484
202 4199
306 3973
169 2790
425 890
159 323
126 3111
1 1955
28 3008
384 4095
45 3186
25 338
103 2621
279 4176
186 1634
207 1859
45 1170
197 3754
28 3600
208 2670
93 1820
137 2259
455 4002
286 4087
96 1322
121 478
343 3868
328 705
83 3468
12 2758
464 3448
63 236
438 2107
37 877
161 3771
134 729
157 4023
198 929
26 4879
240 4745
284 3005
403 1606
68 3004
415 1878
74 1340
124 3751
336 3017
77 2395
52 4078
473 924
76 4410
336 2569
178 879
7 2764
381 4572
192 4201
346 1574
412 2570
476 4936
77 3519
158 9
349 4008
259 1555
401 2797
110 3395
268 2552
140 1738
447 4020
188 4981
44 932
152 4850
55 4060
318 4930
107 2571
129 2375
33 4235
71 2317
388 1608
466 565
99 772
220 1674
151 4869
372 2906
426 3872
432 1693
95 3976
310 261
219 3149
227 3526
218 528
450 2944
446 3200
82 3817
206 2559
283 4993
183 11
49 1734
420 1056
180 4633
450 1623
362 2488
350 964
172 3322
385 4106
122 2896
52 1902
116 2517
241 297
450 2705
33 1476
106 1529
312 1871
385 1262
173 682
289 1470
311 1231
308 1690
480 4870
183 229
205 483
164 3524
228 3036
185 1082
208 3348
438 4333
316 4167
24 4710
178 2599
72 4532
447 4151
118 2415
63 3556
52 101
69 3429
203 788
77 1702
18 4931
48 1385
119 1275
44 822
157 884
462 94
436 4335
117 1788
325 242
48 1046
5 3469
27 3001
162 3919
12 135
478 4845
315 4471
478 3425
139 1872
332 3023
466 1860
267 2238
301 1500
392 1314
190 3370
51 1426
383 1280
380 3709
309 1897
378 4378
12 686
113 4262
229 1188
244 4548
395 560
140 1030
148 1604
218 630
42 1103
156 2677
232 3137
100 1306
228 2994
421 14
241 1196
175 4751
418 1042
171 3048
264 2704
327 2035
36 3613
333 4178
378 156
40 1067
386 4370
174 4456
444 4369
227 1476
65 277
72 3042
99 3924
369 2915
57 646
412 4344
409 1944
94 2267
399 2625
332 2463
357 4628
296 4215
102 1412
370 4021
102 3467
467 2831
413 1872
218 4253
441 3142
214 3872
53 4956
86 4270
73 2890
216 2210
394 2043
329 2326
254 4726
448 4890
125 2044
96 4061
349 4612
83 3424
45 1975
143 1272
184 906
49 1844
424 4867
218 4707
119 4941
361 4325
209 2264
303 4898
158 1664
282 4650
343 3080
41 2606
363 1468
406 1740
77 161
35 1631
203 406
449 3707
106 3962
168 1815
38 3244
310 4421
441 547
87 3556
375 743
473 62
282 3178
211 3834
212 2833
273 519
71 3374
215 2659
196 4050
24 3353
3 1314
288 1822
341 2090
228 4975
331 4147
469 2644
117 1529
437 103
235 2952
262 730
474 4472
90 3027
215 4499
328 1420
41 2035
114 953
264 2523
85 3296
193 4161
312 2083
433 1324
310 1388
477 1493
32 1645
111 4722
209 4714
349 3142
90 3424
148 4377
77 2400
316 3426
91 2765
9 22
442 4013
339 3392
333 1899
128 3395
197 3096
87 4992
224 2309
374 545
377 4019
173 1008
61 4865
86 4101
288 848
370 3534
234 315
141 4061
319 4295
319 2560
29 2354
241 2130
435 194
260 3761
54 1691
341 210
378 2354
84 4975
344 4602
265 1166
458 390
272 1419
242 505
385 4042
316 256
73 4215
392 1098
224 2372
282 661
396 4709
461 42
451 2479
432 4031
318 1091
96 918
307 3614
357 1760
212 3703
347 1156
431 4329
260 1253
310 1572
42 4666
155 3057
345 3390
291 2376
241 1800
336 273
124 4820
421 3675
409 2544
56 3675
247 845
424 1161
430 184
249 4369
64 1888
86 289
410 1074
1 1493
378 2276
356 3671
145 4637
186 3446
126 4036
235 1928
205 112
164 613
97 1367
195 4302
284 34
213 617
385 4211
22 1413
190 4062
29 4414
10 3707
440 1582
18 683
134 3686
276 2730
96 3672
207 577
136 782
245 2687
137 1913
410 3386
251 945
404 1126
273 1033
301 2942
45 106
462 4819
222 903
67 4202
28 3149
260 2081
114 113
171 838
65 567
470 3324
51 2245
380 3077
236 428
20 111
89 661
282 3830
221 2553
19 1204
91 1496
386 4761
83 4708
54 379
27 2887
251 3985
107 232
342 2846
346 3562
245 249
196 2054
242 968
86 3297
260 2448
405 3635
275 2791
5 1089
102 4526
302 303
99 655
298 2802
397 3067
63 276
436 457
418 3017
267 579
202 2734
317 3493
205 3005
150 897
435 4738
173 3791
271 1036
374 1081
168 515
65 2129
11 944
110 4478
411 2151
180 1477
192 463
203 4591
55 3136
28 1853
42 86
4 2917
447 3656
265 2896
272 2688
456 2395
315 3929
426 2765
393 3127
347 3675
40 1928
142 4421
238 4213
150 3463
44 685
