230 230
99 1648
55 834
48 2866
12 1033
72 2342
94 969
44 911
3 1301
51 590
55 1422
72 517
32 4888
9 2893
33 2996
17 1427
31 2986
5 4113
32 1868
45 3882
21 4100
73 1072
83 4513
74 3440
58 1281
40 474
37 1067
89 325
77 4864
32 4855
98 2841
111 33
110 4092
25 2224
9 2761
104 2914
41 1444
37 209
59 679
82 4348
114 3745
66 4829
81 3997
108 2577
87 2345
73 3921
27 1856
71 4385
105 1938
12 4655
27 827
12 2578
59 2206
13 4887
12 3839
15 3342
47 4992
41 1859
29 4885
111 3989
46 3920
23 766
29 1580
16 3282
47 4287
4 2315
103 1540
61 2498
83 3617
68 1957
84 1529
81 607
28 4685
73 30
114 4308
59 4345
94 716
86 4278
10 3825
52 2571
108 1683
18 2406
55 4170
58 4328
16 141
94 629
87 1089
95 3807
39 2276
13 1930
68 2685
17 348
74 1
24 3563
88 594
46 1520
67 914
1 1078
50 3732
58 1959
28 4033
32 318
36 2174
83 3665
96 1017
28 858
27 2936
114 272
73 3297
110 1577
29 2413
99 4172
46 2034
1 3516
73 2303
66 2369
31 2166
57 4315
50 2462
5 4732
78 1977
37 3157
96 4526
81 2978
27 3325
52 3020
106 2899
7 550
50 1630
15 2177
15 2909
100 2266
35 3805
34 3600
72 4695
44 130
41 598
81 2656
72 2975
45 1230
92 3428
104 96
30 4566
87 240
92 4147
4 370
1 3104
32 1320
81 3724
93 617
93 3059
9 631
108 2923
14 3294
44 3997
30 353
94 4189
45 4259
83 848
35 244
53 4935
16 195
23 4481
83 4935
17 4369
67 2793
35 1893
29 1478
107 1751
13 1635
55 1752
3 4153
81 659
56 731
100 1900
72 1863
24 3232
66 1796
65 422
19 2348
45 4129
47 785
98 4412
92 1508
72 788
73 239
97 405
6 735
83 1816
77 4067
41 5000
31 4239
29 2603
96 4056
79 2984
68 2595
7 1438
85 1940
107 4669
108 41
52 2651
59 2547
75 2988
36 4369
77 3402
36 3180
82 2889
113 1131
27 1342
109 3048
80 2153
108 671
7 1364
48 525
54 2586
58 3722
91 3821
38 1042
19 831
18 4624
25 4342
42 327
52 218
10 3388
95 1951
35 792
88 4059
100 4164
99 3407
51 4665
113 3030
