890 890
425 187
173 3317
294 3411
253 3355
248 4959
128 1589
53 852
395 3228
134 3517
29 489
349 1019
391 3955
286 4301
437 4128
390 3030
49 4997
272 2838
172 4004
95 3754
279 2601
65 4626
137 502
170 3013
420 130
254 564
348 2403
228 2681
14 2308
389 2724
87 1367
377 4568
411 2440
337 4514
355 3223
411 1427
249 2602
43 3146
163 3144
428 2102
352 2071
227 2369
290 2230
98 245
307 3145
71 4178
32 204
31 772
389 770
427 1046
157 4987
142 2905
394 2740
174 2838
304 675
201 3213
82 4122
151 639
43 4182
153 1620
361 13
377 211
107 3024
96 2955
346 953
64 2411
351 3056
107 2867
247 1636
373 895
292 1396
302 575
168 2975
299 1468
304 3111
344 4266
342 2806
34 223
157 4177
334 630
125 3126
47 4416
117 3538
179 2966
22 4255
398 2795
383 3175
270 704
162 4968
26 4396
97 100
281 4733
49 3020
285 133
15 2107
27 1306
395 3532
396 3895
185 1073
13 1026
326 2236
70 4008
314 4158
197 2464
386 2761
269 4143
362 2391
423 4391
346 1546
4 3962
351 4478
417 2700
123 1825
311 997
86 1443
12 3737
129 4436
5 3540
381 2442
324 761
443 1327
93 3733
251 3251
117 978
353 522
381 1428
357 1842
346 1707
224 997
383 3795
255 4581
228 4006
57 4464
283 1655
182 2089
238 3780
281 2125
437 3375
350 1877
353 3710
308 1764
319 3587
190 3977
33 1841
224 4684
407 3210
395 4949
387 3622
323 719
416 1430
97 1636
204 1426
420 547
423 4559
144 78
141 3935
324 1295
347 2258
1 1327
291 3019
83 2426
96 4042
355 4892
113 76
186 4867
190 1073
225 1953
162 3613
39 975
183 1681
189 446
187 282
115 4384
411 1073
421 2924
232 540
104 4582
312 3044
282 3196
101 3372
318 3258
223 3514
314 1673
140 4975
62 4204
417 265
51 899
27 3302
384 4046
250 920
60 4610
394 528
145 4003
4 37
36 2982
3 566
434 2360
151 4487
295 4818
344 2629
403 1826
5 1663
117 2627
207 3143
374 1383
56 4552
215 4347
394 1138
214 506
313 3217
349 286
133 2072
285 374
315 2582
184 4116
355 1113
326 1684
270 4905
198 4825
273 885
416 2670
443 4925
197 643
257 2134
117 1852
69 4539
143 2074
352 818
315 1125
246 995
257 4246
269 261
3 2960
134 2359
164 4621
393 3640
141 1236
94 1463
190 4628
287 1806
170 1845
53 1760
214 302
303 135
391 744
269 3135
366 2628
309 2182
399 1538
207 2218
296 3387
138 4191
80 242
83 3819
180 4613
50 4702
425 859
238 318
206 836
70 1855
54 3724
12 2121
49 1628
334 3099
379 2117
386 83
304 1009
381 688
252 3138
84 1043
143 30
322 410
438 3441
105 186
333 1287
338 4344
214 198
164 132
127 3915
26 4496
367 3505
256 3394
162 710
285 4818
267 2368
264 2539
289 2054
218 543
145 4296
73 3310
42 2835
176 949
94 4026
42 906
154 3294
213 2275
198 4069
161 1097
124 4749
340 714
209 1661
214 843
397 1412
280 750
160 3510
337 1361
23 4662
169 766
410 650
313 3279
309 3670
417 1288
171 3518
311 1378
282 2205
2 1762
269 1396
223 2188
194 4795
313 4758
436 1060
409 807
199 3941
331 688
187 1341
180 1939
310 98
209 2644
42 300
264 2178
133 2764
361 1172
97 2472
216 1656
140 2271
60 1172
250 679
430 2196
118 817
177 260
127 3202
178 661
375 488
228 1758
240 4281
25 717
99 813
76 166
245 849
195 722
370 4150
146 1214
15 4952
106 2228
89 3196
81 1356
230 1092
259 300
215 4661
227 4324
335 1316
39 923
176 476
335 374
398 1132
313 4419
109 1278
420 4884
190 2077
82 3532
299 655
317 4376
323 804
302 4454
320 1031
73 3047
289 2439
421 1337
231 4600
214 2084
372 3781
24 4820
304 4520
194 2898
8 2024
259 3020
440 405
428 3276
52 2746
47 4127
307 1179
313 4889
316 3570
339 4093
162 457
33 3414
184 1334
166 3932
50 519
301 317
153 423
281 621
411 3980
95 3361
202 2793
38 800
95 3582
81 556
84 4829
256 2341
12 4827
439 3594
138 4476
58 1943
298 4745
414 2158
381 785
64 3764
331 2600
208 319
385 1806
353 4689
429 3369
38 4606
287 3300
114 4844
337 3491
353 2221
111 1997
94 1393
241 1499
232 1230
249 2202
56 4897
254 2572
231 3041
103 2875
155 3637
46 1889
183 833
168 2512
283 1886
290 2046
82 2104
109 2528
78 4199
114 4111
442 347
19 3716
362 458
368 918
25 3329
163 2175
14 189
47 378
110 1055
34 1961
219 442
90 3291
325 2349
305 595
345 261
40 1405
157 583
350 1583
351 2091
335 4922
251 4930
112 1625
373 4305
305 447
277 4617
133 733
380 4292
162 3661
86 4838
235 266
384 3799
189 3958
116 1543
332 2667
401 3481
267 2361
394 3075
246 3013
173 1119
123 3706
271 2469
193 3601
422 3091
18 4153
20 1247
210 4422
269 2054
23 377
6 4166
147 3992
392 4102
142 3678
130 2321
170 4438
424 2237
181 3726
249 2100
302 1574
17 4942
301 3325
294 3466
149 4985
104 3463
138 978
261 4724
212 3897
379 833
154 1295
336 3297
94 3499
240 1554
148 437
173 2382
421 3293
326 3553
3 4842
184 1735
166 2710
285 288
185 763
295 835
84 968
248 4656
431 4842
324 3159
124 4137
412 972
367 3160
100 1642
98 2986
26 2717
325 592
34 2405
239 1033
431 2536
64 4448
7 2213
338 3921
299 3399
360 2323
209 4826
363 2448
235 2397
288 2779
324 1768
372 1296
146 2907
303 1682
322 4698
99 1252
119 1873
135 776
145 168
149 891
320 2565
284 2686
283 3646
256 1980
252 611
119 1672
207 1275
48 4481
36 3266
95 2051
234 321
300 19
131 1649
50 3428
7 1369
175 1464
64 713
233 399
21 1357
91 1928
389 2524
273 1462
204 3895
206 2372
79 3916
409 4890
306 4741
68 3125
34 1149
188 2718
306 1900
110 2342
340 2242
219 4420
166 2167
422 3471
427 211
387 4223
134 2492
299 93
278 4423
358 2682
29 3989
342 1244
30 3588
273 376
68 1472
132 3327
316 4933
185 172
155 1071
104 4871
263 3154
49 221
389 2112
329 2258
18 1335
4 167
273 4290
59 3305
160 4634
169 1260
163 4135
357 2582
363 3540
317 2346
62 2010
315 262
166 3181
220 190
368 1754
104 1485
141 4859
352 3922
284 4478
356 3090
179 4012
360 271
135 3118
188 944
118 4096
166 4530
258 3183
272 552
291 1614
330 3023
204 4700
195 801
196 4111
61 2653
322 1321
111 716
303 1868
308 4620
126 3482
240 530
80 4593
78 796
171 2427
22 1332
293 4992
335 681
42 3107
145 42
166 3740
439 156
443 3346
142 4586
349 3510
339 991
364 1018
166 1161
329 1500
148 1569
183 3942
361 2329
319 2849
259 3188
106 739
55 4741
41 3831
422 4732
380 82
353 2710
33 1143
350 3889
75 1464
89 2234
124 1219
193 295
368 621
58 3602
272 4484
444 3283
137 1061
190 2107
137 1988
410 1284
325 451
30 1289
2 3735
53 3650
44 2857
83 2454
127 1981
69 43
427 386
18 3774
102 154
14 4478
218 3812
439 3380
343 2617
105 4999
197 3964
230 4890
236 2722
120 287
2 3473
338 2742
225 4392
74 1214
142 4322
132 2947
204 2670
286 2260
259 133
318 4636
79 3130
163 3101
304 352
126 73
73 546
389 3399
40 2393
421 1327
80 1297
29 1859
255 4804
88 3596
132 323
354 4876
100 1219
114 4493
91 4267
39 435
388 2523
366 2610
346 3945
164 3394
68 3057
129 1614
6 1037
434 3815
63 4987
385 2031
120 3886
187 3321
204 594
214 4556
204 817
263 4826
20 4897
278 4516
378 1322
35 425
75 32
182 699
67 3955
133 2976
410 4565
213 1482
66 3611
328 592
374 2581
48 524
125 4134
174 3711
124 4406
180 4203
328 4667
407 1367
241 549
4 3630
139 2668
179 2269
232 393
70 4708
261 1651
124 1281
121 1704
219 1141
158 1800
200 4914
256 93
126 4040
55 1131
269 4195
42 2563
332 3261
37 4683
412 4717
272 3283
354 2938
82 804
179 3915
261 4397
20 4874
435 4977
366 4607
101 133
80 3094
344 2268
155 3669
401 1386
305 4750
428 4255
202 420
168 898
195 688
350 1338
194 532
101 4246
369 3880
267 2823
253 888
243 3136
147 2036
352 1771
131 2115
206 2578
129 219
243 3253
352 3772
315 2049
25 4620
185 2124
19 2028
429 361
258 935
188 4222
283 2579
13 2846
111 1819
114 1807
169 1411
14 1520
249 1248
71 1477
390 4850
91 1242
42 1933
76 2099
362 4554
110 3942
54 3268
179 3038
56 28
330 1757
329 165
202 4235
114 3773
338 4989
322 2723
150 4840
115 1133
2 1929
361 4115
192 4000
146 3441
418 3
75 3472
279 2352
362 2348
339 3133
244 4699
102 3539
76 1913
366 4668
83 4516
376 2969
114 1137
318 2872
431 3477
95 1025
366 3277
99 4797
169 690
223 2242
77 3313
