552 552
27 641
226 4069
24 2725
265 2354
66 2048
213 1346
227 2796
173 4732
43 1912
22 2802
33 2442
75 202
162 812
224 3
59 1405
60 2222
265 1619
122 3027
196 2018
127 3110
226 1594
24 1400
88 3551
144 4749
139 4039
13 3326
186 2029
274 4299
18 809
199 4046
223 1355
116 1953
241 3360
30 2124
213 506
191 277
146 336
139 1871
220 4862
28 4423
11 357
91 1783
233 670
228 1119
61 4934
180 646
6 4348
129 3909
136 2636
267 4173
94 1140
49 4612
200 4584
1 4457
50 4447
156 3252
186 808
105 2764
56 4577
95 4731
261 2818
114 4148
66 2439
135 678
146 2483
21 4540
85 1800
41 3491
40 716
217 1102
30 296
99 313
177 4916
92 1787
100 2211
257 3249
22 3081
106 4672
47 330
263 4300
216 4165
258 1517
205 3017
274 1248
273 2972
142 3352
120 3715
21 3787
29 511
134 3961
131 1168
236 3814
19 3131
226 4804
223 4679
221 2000
222 148
59 4763
13 1954
272 1245
164 2692
241 4504
61 4503
105 3557
265 2518
140 1197
150 2
12 810
240 4398
104 3978
169 3138
268 2602
132 4762
62 437
26 3882
223 1279
103 1438
173 4397
16 2466
25 4906
88 199
245 190
212 1141
202 3607
113 232
184 1477
168 4120
249 3351
33 3699
28 4795
273 3260
123 3290
217 2382
136 4599
70 2117
194 2052
126 1375
90 121
20 4135
26 4625
190 3013
99 676
233 4567
55 240
227 3282
227 3306
111 342
246 4083
89 1700
158 747
42 1113
149 3828
24 2402
4 55
14 1
169 3715
9 484
175 2157
164 1799
63 685
133 3377
71 2007
256 675
258 4910
203 396
75 1257
240 2421
141 1206
66 3679
231 840
50 1342
194 919
232 743
54 348
26 2647
97 3538
186 1777
10 3364
260 2521
127 862
223 3206
224 670
146 3712
266 728
73 3455
127 1467
143 3358
236 3863
221 838
229 3776
101 4392
61 2965
104 2361
229 4860
7 3055
275 4792
176 193
189 4437
94 1637
62 705
125 4255
144 3448
213 4724
235 1112
101 478
118 4640
197 328
214 2318
64 4997
185 2994
190 2160
147 4521
252 4353
181 4523
248 3302
237 2687
42 1327
225 4339
116 274
126 2083
126 4258
99 2111
127 3663
62 4627
129 548
207 2615
65 2960
31 4072
244 3433
12 1301
201 3877
152 4450
245 4781
67 2076
212 405
52 4700
129 1975
114 4329
13 4234
199 4891
209 1028
172 4234
243 3969
108 2681
129 1001
120 4712
50 3593
250 471
252 1285
101 3815
173 4159
46 816
136 550
126 3404
157 3792
232 4274
194 1904
88 3024
253 522
158 488
185 4354
239 2348
135 1649
218 3044
254 4422
198 1653
143 3572
104 775
43 1784
130 1278
204 345
179 2345
241 4329
1 1694
119 1830
159 4053
248 500
90 1584
76 369
183 1599
80 825
171 834
143 2167
166 4021
192 2179
239 1456
179 1131
123 1970
75 4462
16 864
175 2616
225 3780
54 3004
178 1948
57 684
174 4640
148 4759
233 3582
151 368
252 4202
179 3478
112 2667
223 3295
95 2462
123 3559
261 4071
212 4200
61 2974
134 3612
161 449
71 2069
240 2499
270 269
87 174
52 2016
69 2592
154 3086
135 511
224 1348
229 249
203 709
29 693
179 4725
264 1271
155 2846
182 4581
251 3558
171 1397
171 2568
245 4890
227 3651
57 3798
91 3048
40 1983
56 3186
43 101
152 1130
27 1004
21 1906
257 4307
271 143
110 3810
220 3933
98 1755
116 1657
129 4567
100 50
10 4059
39 2297
214 1900
71 414
125 1665
194 910
257 3077
213 2091
177 4095
165 3698
252 3131
9 2190
184 3959
274 2081
188 4994
11 2081
49 2504
122 1798
13 2069
275 711
138 3977
29 49
270 1077
228 1498
63 4268
28 3525
184 2200
162 2308
62 2184
7 4468
120 3532
131 220
267 2946
186 2600
106 1579
219 1448
124 509
56 1116
184 4115
167 2024
110 1114
111 25
225 3251
167 2808
50 1021
102 1510
11 2228
253 2556
73 2953
106 1527
121 1341
204 3271
29 224
124 1495
142 796
269 722
88 4721
202 680
264 2810
120 1505
174 3422
60 4662
126 2361
274 1238
86 4893
45 2798
18 840
82 1110
54 4065
58 1371
203 4022
7 2494
192 1352
47 4191
86 4840
170 775
146 3526
118 1306
28 1138
260 2716
49 4414
197 3349
177 1929
266 1604
54 4197
76 3344
78 930
80 4207
230 2691
75 4669
43 4836
183 391
30 877
149 682
45 2112
225 1537
8 2256
141 3390
160 4808
159 4169
118 1663
57 1156
94 3838
173 1641
224 2001
65 4826
153 408
214 2478
149 4970
58 3479
132 2482
177 245
133 1349
13 2811
103 1180
72 191
140 1570
274 514
128 2889
19 2488
155 1313
16 1060
93 4339
40 4278
107 3997
13 1996
62 1958
257 2601
103 4106
185 151
91 4808
265 1996
118 3389
206 1524
268 3681
256 469
261 2698
69 3505
84 4794
270 3439
68 2303
84 1752
101 25
207 2024
220 4068
195 3684
32 641
19 2669
189 2610
203 2808
234 1670
238 3069
237 4591
247 3111
254 3128
167 4299
107 1320
137 4794
61 1711
19 2615
209 3692
172 1270
270 1221
7 2257
199 4160
240 1549
210 4139
58 4974
260 2280
57 1990
245 1168
89 1148
263 3742
263 2569
144 2451
210 2448
183 3779
201 4318
174 87
23 3292
209 3022
123 1811
21 3815
65 2792
126 587
37 853
44 3489
54 3764
218 435
112 3716
85 4905
130 1997
187 1460
20 4054
8 1928
22 3318
193 509
54 3281
107 2517
175 799
55 1737
115 765
152 3602
217 2325
163 3038
