267 267
49 2972
131 2732
3 1726
97 4388
63 3382
24 3088
128 4173
47 170
40 288
107 314
15 4631
5 3105
59 1423
38 41
98 1733
24 3074
119 103
119 4205
116 3183
54 3310
115 4483
60 1648
46 4481
7 1609
39 3481
34 290
23 3700
107 4967
128 4481
54 1058
60 3165
27 1744
126 4080
55 237
35 4347
52 1686
95 1952
14 712
39 4070
113 3751
42 2719
97 392
79 2734
86 630
23 2135
54 3486
7 1700
66 2371
9 1185
53 1071
55 3895
126 2967
128 1150
75 1977
133 2662
121 1177
114 4003
130 4231
121 4928
27 3127
89 687
101 4956
80 705
44 4441
49 1484
106 4107
52 600
97 100
25 452
63 4538
66 2042
31 4822
52 4942
32 2993
98 928
132 4508
28 844
7 811
8 3748
22 2334
118 3265
51 983
86 399
107 2027
11 4761
59 4671
27 3736
129 982
130 3013
131 4278
58 1660
70 2423
75 455
83 3250
107 2872
99 2865
90 352
29 3616
124 1257
22 3468
25 2564
57 3485
23 2208
2 851
104 2161
111 3000
75 31
8 854
46 1118
115 1621
46 4195
44 3170
124 1732
88 4844
12 377
76 3874
64 2301
40 3652
33 1716
10 3068
24 4706
120 160
17 710
53 1128
93 1498
12 4153
52 1946
66 3341
117 2876
69 422
27 3312
31 3584
12 4372
113 2310
31 4787
111 2355
31 1686
19 1596
98 1286
62 471
24 1783
132 3858
100 887
133 2206
101 2080
43 4638
43 662
50 4411
63 2350
10 2124
99 4156
95 3891
64 973
24 4108
97 1336
19 403
101 2203
11 686
132 483
70 4254
52 1885
128 4967
132 2158
28 4339
9 3080
98 2023
115 1858
35 4425
72 407
119 295
111 4015
34 4785
37 749
76 390
64 3538
12 100
132 2047
128 1192
15 3436
3 887
100 1915
53 3519
111 4330
61 3263
118 4518
73 61
36 4983
15 2822
63 2742
22 1191
121 1684
2 3647
116 3133
56 2123
124 1050
27 1352
84 4920
133 228
114 577
35 2514
34 4104
128 664
9 312
99 3735
119 4127
73 1657
6 1745
126 2041
73 2721
25 2674
31 4551
86 2911
17 921
124 1584
128 2326
131 2690
129 1187
125 2329
115 2504
30 1905
92 4325
111 364
61 2277
109 2844
14 3479
52 2845
28 1690
30 1621
16 458
5 3063
9 831
38 1761
111 4971
94 2540
115 2711
91 3658
23 3010
8 2109
114 834
128 3980
114 3085
10 3199
49 197
50 860
34 3685
109 2206
62 913
49 124
17 1975
62 4046
122 855
132 1669
67 1751
126 3738
125 4426
79 4436
73 1558
68 158
101 900
54 2715
24 2233
43 4280
76 3801
22 222
7 3438
10 1566
8 1594
