793 793
234 2525
149 4180
126 1480
208 4368
268 4010
130 2733
84 385
326 4925
188 1879
41 4283
353 4487
73 633
197 2635
341 634
376 1663
113 1304
354 643
269 4328
335 1617
57 4704
20 3976
353 3817
62 2258
18 4413
218 3934
371 4139
384 4660
357 4106
341 4593
99 3145
288 1571
167 4197
15 2721
67 2729
213 3325
316 3013
281 762
308 1402
211 4701
202 2451
171 3731
388 4818
180 1692
361 3034
37 1870
128 4368
116 3778
177 3498
267 4948
16 1989
383 3139
343 1952
340 2484
289 3988
16 2670
7 2347
69 4458
59 4532
20 3556
177 3884
247 911
226 3424
27 4440
219 944
173 687
281 4399
41 875
210 3263
135 1813
363 2351
133 1929
181 3642
113 2735
37 2712
394 4851
187 4969
201 3399
312 2302
238 649
145 97
95 614
69 3699
228 4879
330 3270
315 697
41 1358
302 593
103 3451
368 2608
234 4081
38 1081
144 969
364 3983
232 3858
131 2531
199 3307
312 2425
272 738
330 4187
7 3960
54 343
269 4992
353 2696
204 4439
45 1661
11 1178
245 380
245 4591
362 1782
70 1400
68 4089
172 3118
32 4231
178 3682
126 3012
234 3639
259 3164
182 2059
21 122
335 1
101 3047
234 3912
201 1528
95 2567
225 3122
44 4456
370 1484
108 4705
322 1003
234 4051
191 4827
105 1618
311 2563
267 4632
141 2564
268 2168
370 549
149 4996
145 2534
138 1054
48 3925
4 443
265 2709
374 427
286 3471
389 2319
258 2772
314 3076
172 538
1 3309
7 3832
5 43
265 563
213 2129
149 4850
51 596
348 269
369 3004
202 4352
212 193
228 3135
82 2399
375 1431
111 4116
108 1642
365 212
329 1578
104 1852
127 4798
36 865
270 1605
49 922
174 4768
125 1866
223 1802
313 4694
352 3214
158 1393
35 223
310 4203
388 2681
150 1287
70 4086
233 1458
21 4378
78 1523
172 1719
222 1405
11 1509
37 2945
15 3136
1 359
337 1389
60 3148
45 4932
245 1121
256 3548
359 2023
52 2371
188 3253
160 2696
89 921
211 4847
313 3721
62 4498
262 2596
223 2120
168 3768
322 3863
378 1880
102 2756
32 519
116 4709
186 2701
336 2700
245 4590
360 2118
219 4334
226 4824
156 4824
214 2168
74 1684
224 1827
262 867
182 563
29 907
130 3588
277 3369
204 579
56 3948
361 4065
323 1020
306 2910
223 4554
33 4089
43 2759
381 2276
54 964
74 4053
6 3188
237 3393
112 3550
240 3818
15 4481
9 318
8 2879
390 1344
248 4890
171 1626
364 2941
23 4238
27 4576
30 1545
131 935
86 3505
271 1324
71 688
121 2106
194 3881
330 1930
117 2027
288 4300
324 3738
370 2416
50 2854
260 3212
77 4176
336 4345
171 803
90 2101
252 4771
119 2139
247 1472
50 4382
153 1260
211 1151
201 3003
76 835
340 3204
138 3215
74 1979
261 1543
115 366
215 1219
3 639
24 1491
160 3773
216 3462
392 371
270 2031
299 52
124 2858
360 73
369 2644
152 4073
80 2472
213 3833
105 945
94 2823
324 3833
150 3250
150 863
297 860
226 1784
18 2993
88 1093
353 4854
34 4645
373 3531
341 4863
45 4885
309 4753
255 2829
158 536
98 4022
219 3541
156 2725
293 632
333 1337
27 1687
386 2846
54 549
303 1630
155 610
23 4331
307 1883
185 3189
275 1607
85 4594
144 1166
323 4896
299 1860
275 1137
371 3922
87 1309
332 2892
361 3775
294 1441
62 264
188 3894
200 641
381 3426
63 656
54 1081
23 908
34 2023
218 1272
351 1979
205 4945
272 787
52 1083
311 3803
205 445
223 4620
271 1590
69 3934
128 1643
327 3308
394 1132
187 4390
148 4808
293 1489
19 1405
173 747
388 4239
297 4622
282 4009
109 1263
350 3728
291 442
203 894
181 3716
224 4429
47 2300
86 2629
36 642
86 292
205 3668
292 3134
188 3681
13 2403
345 989
212 4425
143 4585
370 4708
320 2040
288 4768
272 4699
1 2173
167 4712
354 4445
314 4256
83 2315
344 906
267 4309
290 2485
354 671
370 3469
157 2467
99 2418
252 3055
101 2225
70 3660
17 4581
210 1006
208 2525
356 4888
301 1176
88 364
75 2952
233 4280
83 771
155 62
84 980
38 4042
320 3182
252 604
354 4907
64 1176
256 2794
56 1425
356 2475
200 846
382 2039
328 4948
9 4144
286 2410
375 2604
321 3588
49 713
256 2745
240 2036
136 625
337 43
157 4113
202 4778
187 2865
391 1935
47 3236
286 1249
376 1721
150 3675
285 209
366 3633
286 1414
381 4736
395 4262
55 1747
302 4793
332 2645
173 676
92 2041
160 171
122 3792
334 2395
74 961
197 3364
313 2956
207 1912
341 269
191 2851
145 4064
382 1902
9 1991
222 360
246 3654
308 2292
31 1091
281 4837
74 4458
383 2786
209 2498
223 3570
302 3904
393 4126
9 3937
40 2021
27 1180
191 1315
363 3415
94 2242
178 3073
252 1526
151 1008
209 4862
188 327
232 397
16 4185
382 780
250 3725
388 3523
52 660
84 4468
139 2518
212 720
351 4532
82 869
160 2680
329 2256
122 2627
95 439
207 1623
219 4409
373 891
388 2655
53 3308
275 1930
222 1557
363 1817
81 3193
114 3848
69 1559
80 2663
111 1141
179 37
276 2151
161 2732
249 2025
360 728
191 3196
389 2840
333 39
268 2827
344 1095
117 3295
140 1606
230 866
292 1360
386 1090
291 3250
207 102
245 2464
191 4660
137 2551
62 1091
169 397
200 1455
321 671
342 2950
200 3291
315 2275
163 295
13 481
236 1181
174 930
125 1231
333 697
260 1853
279 2677
86 3879
98 4724
212 4025
315 2813
195 129
333 4329
321 3854
71 4485
22 443
175 1689
26 4609
334 3015
29 4723
29 1668
282 1664
163 2414
119 4882
379 1809
192 3137
298 3700
83 4042
110 1489
182 4855
357 816
1 4503
373 3411
31 3042
177 4220
344 4360
320 260
338 2603
150 417
105 1364
187 3199
129 3920
184 2438
200 3041
206 3636
46 3163
172 3735
213 3095
25 1518
139 4149
177 4753
376 4452
195 1571
26 162
119 2332
349 3728
152 1027
144 4192
27 2867
309 3367
146 3935
122 2311
367 2994
205 3225
33 4252
115 3693
340 3612
120 3748
284 127
99 1414
44 1386
195 3940
275 91
251 1725
117 2771
200 2251
277 3991
378 3794
185 2311
180 429
281 3855
132 73
161 1414
73 4944
278 2003
192 4421
30 1505
164 4293
380 509
105 1112
222 1834
215 1658
157 1237
390 1059
82 2746
254 1655
227 1131
301 687
235 3856
273 4098
378 4590
208 2013
146 2158
132 4179
307 1368
323 2481
235 347
258 1170
239 361
266 533
73 55
215 2635
285 2366
83 1686
16 1961
129 3561
200 1873
196 4341
151 3384
231 4511
319 1958
294 4634
63 2765
260 87
164 4466
61 4611
382 811
186 543
336 890
219 2819
322 4907
222 1819
66 2558
261 4338
285 1945
370 4790
24 3937
195 3833
293 1765
114 1530
383 484
304 368
225 4257
290 631
64 4863
364 2651
262 2373
77 3562
340 276
215 2676
290 826
76 2429
364 1170
112 1681
239 1604
382 648
261 1021
223 3740
258 1480
324 2692
31 2395
382 1211
108 4271
140 4508
117 814
379 3299
279 1840
83 829
18 4309
67 383
334 4349
321 3008
226 1307
355 2751
8 4938
69 3545
190 3265
227 1616
108 2221
257 1947
246 1892
92 928
375 421
106 3023
9 1004
60 1808
360 2413
370 3903
51 265
389 2180
272 1680
320 3629
216 4576
103 3759
284 4880
205 956
307 1297
56 1751
24 3145
193 4623
355 1487
313 4772
271 3571
17 2811
322 4646
165 4608
181 3978
136 2893
358 243
250 716
114 4039
83 2875
56 4238
266 3727
297 1348
235 1142
393 4051
18 439
170 3132
109 77
296 113
67 825
42 4187
8 2616
362 2018
35 1653
17 2743
377 3400
373 2185
268 686
145 2729
190 4515
151 2230
294 403
306 939
92 2127
51 1974
105 4223
145 1421
291 1883
237 1467
235 1530
49 4141
376 945
330 343
280 2218
164 3681
352 3344
382 1699
280 4663
268 722
