583 583
138 1577
6 4562
72 1108
168 2508
66 753
265 4654
123 734
240 467
185 3422
116 4407
11 4110
53 1130
145 982
212 4133
240 2464
212 2110
159 3171
77 4798
97 2444
5 4786
152 1459
269 1867
11 2550
2 2793
165 2854
4 1830
209 2882
254 3099
144 502
227 3251
126 635
24 1533
45 3593
57 2964
210 3118
90 904
253 1528
141 1143
54 2452
113 1945
164 2194
4 4985
166 2987
38 1371
243 2235
220 2465
29 1709
191 8
101 3072
74 1071
88 4063
114 1761
287 4859
15 3425
165 3143
53 1356
38 392
291 420
262 137
251 1762
235 3569
92 2276
290 3094
57 2976
282 4037
198 3796
124 4308
272 2499
178 3301
210 141
288 2404
180 3934
50 4369
4 4826
216 420
61 480
204 2541
119 1068
25 3648
124 4542
264 4589
142 4412
51 2425
19 1937
86 2272
101 4343
6 4795
39 4156
235 4769
209 49
57 2115
28 2570
267 1073
87 4243
84 2360
287 4800
14 363
120 4702
105 4676
172 456
83 3152
263 4470
119 1792
3 680
271 414
206 4042
222 3827
176 1276
108 595
238 3894
74 3198
257 3705
162 1591
87 1718
54 521
3 4996
56 1669
229 1403
275 4382
204 4773
126 3178
180 1831
237 4232
78 279
62 3140
54 660
219 2324
16 93
259 2871
5 2871
262 1419
1 4553
12 539
97 1546
182 2071
247 855
114 4761
179 2685
218 2408
270 3936
276 1357
221 1318
44 2911
6 3153
231 620
212 2188
103 244
283 3725
10 2333
281 2526
199 3887
17 315
277 2245
32 2742
65 4134
246 2715
205 1857
235 4192
194 3026
83 3238
14 690
54 2142
146 7
26 4139
96 2809
232 2618
153 3542
55 4074
194 4144
244 479
245 180
79 4337
127 1530
281 2054
30 3484
273 4932
185 2246
43 2524
252 4545
142 1751
173 769
5 4205
106 7
197 3612
198 2290
39 4514
102 3770
70 356
81 4593
20 940
248 2884
118 3320
78 1297
50 2154
58 3044
237 4715
274 3283
273 3889
57 1106
256 702
113 1489
22 2335
24 1021
107 1129
170 3602
110 639
118 2960
277 2506
196 2459
101 3869
32 1067
63 3270
167 2453
16 1106
128 162
18 1615
241 1989
41 1123
6 881
266 470
91 55
51 4038
63 2213
127 3726
162 3832
244 228
71 4070
19 71
138 3890
40 4322
174 2643
24 3384
184 1689
160 1026
120 4582
67 2621
172 2624
272 2573
83 4475
257 901
66 3648
237 3991
53 3797
116 4645
190 1871
166 1615
28 1121
182 2307
108 18
246 4555
162 2683
13 411
269 269
50 1295
271 2230
169 3166
139 2101
154 1285
245 1946
146 2445
129 1389
195 2189
215 838
93 4272
162 4124
136 1648
50 1867
153 83
84 1214
236 279
288 627
159 875
247 3038
36 3265
10 1521
8 4500
51 2568
50 4965
5 3230
142 2491
230 2281
216 4607
175 1569
114 3525
255 4480
206 1566
136 920
228 3536
38 411
241 3613
169 2040
115 2902
27 774
258 2796
8 2563
52 506
53 485
22 4606
241 2653
196 1809
15 1703
213 4724
258 1780
250 1759
239 1281
8 4667
23 804
271 4878
20 1581
17 1597
142 487
222 1310
115 4386
78 855
119 2360
81 1949
24 1488
137 1689
224 4119
200 317
40 3711
290 891
6 709
51 3709
163 3410
204 540
75 8
236 200
192 2440
142 1628
96 3751
195 401
240 3483
263 2059
31 487
171 172
32 441
9 3645
216 2746
113 1780
241 4874
42 2545
160 3580
53 2812
128 2377
150 2855
105 4426
196 3666
285 4229
50 3372
23 4036
98 3137
204 3916
201 1626
89 2359
289 2648
233 2779
31 3489
81 888
136 3789
143 2130
94 2625
217 2488
118 1836
166 2398
241 3875
11 2475
82 703
95 1823
62 4712
56 3406
163 3378
283 3158
273 1519
197 1663
148 758
270 4576
144 4844
126 4735
138 3289
245 734
95 4152
23 4247
6 180
81 1126
278 361
54 3532
122 4874
280 1720
228 1888
240 2982
232 2968
262 2859
271 3116
171 4403
84 2568
26 4485
172 1979
6 3852
130 3843
136 4059
198 4369
203 187
274 1770
169 1343
19 3461
57 661
109 1412
142 3526
262 2162
218 4829
105 1808
167 250
30 1179
44 4574
252 1920
109 958
227 1566
48 1559
250 1146
248 2232
173 2639
7 4998
189 2108
98 4388
191 828
164 3433
171 208
48 2441
154 4266
145 1695
70 947
137 2749
13 2356
222 1716
126 3028
128 354
271 1852
94 2211
248 2537
42 3379
5 2201
178 1328
110 3542
27 1553
208 3294
96 2628
100 765
156 1754
19 758
52 4450
12 2053
185 3806
5 4930
202 3363
217 2649
98 1166
246 1804
152 2238
52 1970
257 3730
270 1986
241 2256
111 1862
249 482
267 1229
132 3381
203 597
7 715
159 1807
87 2684
206 3145
89 3111
182 695
258 268
128 3476
229 2614
145 1864
233 2691
181 2749
92 2272
121 2522
28 519
273 677
258 2061
55 2728
10 3093
291 1390
5 782
170 4269
145 2228
257 4119
42 2834
61 4786
32 207
222 4117
236 2366
240 137
86 1224
191 4844
65 3211
272 1216
113 2303
96 4815
212 1766
58 1053
28 563
109 2699
81 515
97 50
49 3764
25 3467
254 2385
98 3308
289 2011
109 3513
107 4624
60 114
170 849
62 3862
34 4579
234 4316
146 544
113 4020
10 3216
91 3545
62 2900
50 859
95 1695
223 4110
282 4027
163 2252
205 3295
273 4747
75 581
157 454
270 2618
189 2854
143 544
220 842
22 3262
2 4149
169 4344
286 2167
146 1248
132 3831
241 2091
168 1204
47 2686
271 4199
32 2327
196 1760
166 1618
224 3739
93 2496
14 3793
240 3170
29 651
211 4387
172 2283
44 1571
166 829
196 4475
90 4669
197 4758
60 1886
42 854
82 1239
210 2000
210 1484
169 2113
278 221
63 3652
212 874
284 834
245 3071
266 891
71 2456
280 257
229 2007
38 3479
4 937
211 1397
